"pat" "th"
1550 6948
1317 5657
1291 4115
2303 5162
2697 5850
3105 7488
3596 7253
3653 5696
3457 3680
2451 2606
1167 2695
1228 4516
1396 4494
1704 3636
2105 3165
2345 2828
2409 2948
2451 2903
2182 2586
1895 2535
1765 1990
1923 1409
2207 756
2483 224
2401 278
2011 323
1931 215
1903 130
2046 332
2167 865
2148 1418
1853 1824
1339 2351
853 2592
523 2822
374 3452
223 3431
261 2778
156 3229
126 3250
65 3917
11 4530
30 5085
26 5464
13 4803
23 4026
19 3294
15 2376
37 2285
25 2295
11 2087
33 3353
10 3022
104 3221
187 2272
273 1212
285 492
247 1974
182 2967
145 3292
78 2764
38 1620
24 2210
31 1402
33 313
112 1617
72 2493
16 2077
0 1397
0 1004
0 690
1 527
0 530
15 472
25 536
55 274
128 360
104 411
120 444
60 156
36 384
37 273
57 75
106 200
177 243
157 143
12 15
16 1
11 11
110 4
196 19
436 14
693 36
904 18
1120 37
1377 85
1521 136
1747 107
2105 93
2405 16
2586 9
2707 82
2583 150
2727 323
2628 134
2647 23
2506 14
3123 36
3769 23
3310 11
3109 16
3297 20
4124 7
4120 1
4389 24
4054 2
3692 2
3564 11
3836 2
2784 3
2310 0
2473 0
2534 0
3206 1
4334 24
5312 0
4916 27
2816 8
2749 0
2800 135
2026 2
955 3
663 2
863 0
1497 17
1299 1
1157 0
979 0
555 0
277 4
215 3
362 0
466 0
702 0
751 0
822 3
1146 3
976 0
553 0
405 1
453 4
381 0
380 0
363 0
308 7
209 53
10 48
31 39
30 11
72 0
193 0
264 2
247 1
196 10
171 138
217 255
228 140
135 93
42 372
7 964
38 1244
132 990
337 699
440 327
549 56
342 0
76 34
5 21
49 110
32 113
0 112
0 54
0 28
11 1
3 10
9 0
0 0
0 0
0 0
0 0
0 0
0 0
0 0
0 0
0 0
0 0
0 0
0 0
0 0
0 133
1 466
0 1128
0 1593
0 1712
0 1271
0 1470
0 1312
0 983
0 974
0 1168
0 1108
0 1517
0 1618
0 1304
0 2048
0 1945
0 718
0 802
0 1298
0 1248
0 921
0 956
0 1135
0 1086
0 1016
0 940
0 745
0 650
0 957
0 735
0 501
0 607
0 405
0 198
0 174
0 301
0 169
0 26
0 1
0 29
0 0
0 88
0 21
0 156
0 81
0 98
0 214
0 48
0 140
0 34
0 0
0 1
0 0
0 3
0 0
0 0
0 0
0 0
6 339
1 919
16 1317
0 1810
0 1482
13 1694
5 1663
36 2052
12 1288
6 664
0 810
0 1309
0 2062
42 2830
83 3233
6 3019
0 2474
0 1820
17 1573
5 1412
11 1578
0 1381
8 1090
7 1373
6 1424
6 1567
13 2121
10 2078
25 2872
15 3675
14 3406
16 3702
12 4381
4 4516
0 4021
0 2450
0 1564
0 347
0 284
0 451
0 534
0 384
0 703
6 952
20 858
46 1236
154 1864
162 2353
217 2533
325 4616
465 5766
521 3073
361 5502
377 7455
330 3776
361 3691
263 3005
366 2194
393 1731
670 1864
1003 1750
1165 1799
1166 1833
1121 2974
957 3755
929 2025
1089 805
920 2058
706 1550
354 1841
181 1424
486 444
1125 507
1354 580
1062 1451
750 985
265 1108
300 572
329 503
428 53
432 161
492 147
435 477
354 635
255 1352
216 1711
331 1397
412 1273
573 1189
624 1320
344 1381
324 1503
417 1763
382 1957
117 1502
61 1636
5 1424
17 1706
1 1523
0 1686
5 1338
4 1312
40 1111
36 1009
33 740
22 1257
33 1183
22 1450
4 1549
13 1308
12 724
2 1337
0 932
0 710
0 318
0 843
0 717
0 724
0 392
0 331
0 278
0 231
0 438
0 868
2 1495
4 1738
6 1618
1 1772
1 1231
1 1217
0 865
3 647
0 891
0 606
2 437
0 168
0 71
0 344
0 348
0 257
0 128
0 19
0 46
0 29
0 50
0 38
0 12
0 71
0 15
0 65
0 49
0 16
0 52
0 77
0 44
0 12
0 0
0 0
0 0
0 0
0 0
0 0
0 0
0 0
0 0
0 0
0 0
0 0
0 8
0 0
0 0
0 0
0 0
0 0
0 0
0 0
0 0
0 1
0 1
0 1
0 0
0 0
0 0
0 0
0 0
0 0
0 0
0 0
0 0
23 0
35 1
108 4
251 0
494 3
642 2
1075 1
1542 1
2196 12
3000 9
3850 8
4034 7
3505 12
3117 14
3465 14
4097 12
4464 11
4708 20
5360 19
5682 22
5555 26
5441 67
4490 68
3048 42
2673 33
2804 37
2251 33
1533 33
1716 38
1213 58
867 29
660 41
439 79
145 92
209 33
274 37
475 63
756 0
960 65
1202 203
1487 239
1621 719
1968 1059
2016 923
1669 871
1357 1147
1043 1407
746 1892
351 1866
311 1959
421 2159
18 2104
314 1938
185 1644
40 1699
332 1007
154 1517
3 2570
6 3447
5 5319
22 5834
16 6461
33 5782
55 4765
38 3540
22 2919
17 3125
25 2811
11 3238
9 3386
8 2913
4 1831
16 3396
10 2051
8 2212
16 3437
27 4796
25 4976
12 5954
8 5563
5 5558
0 4470
0 4893
0 2929
0 1737
0 1428
0 1949
3 2445
8 2352
14 1544
28 1841
22 1734
0 1187
1 1135
9 1352
10 1406
5 1934
17 1669
4 1598
2 1169
1 842
0 696
3 622
3 629
45 986
105 1531
80 1821
12 1975
88 2120
213 2071
201 2044
39 1568
45 1323
53 1194
15 875
0 807
0 741
40 403
38 252
32 223
17 175
0 71
0 77
0 79
1 209
0 8
3 18
9 36
11 264
8 511
0 368
0 365
5 165
7 238
48 226
14 139
14 101
42 59
54 55
69 238
89 615
35 1006
13 1525
23 2131
10 1971
142 1894
154 2594
86 2963
176 2779
204 2312
306 2062
595 2079
817 2203
668 2540
741 2550
683 987
627 562
701 614
686 782
1054 814
1266 1591
1775 1182
1776 2123
1856 1941
1576 1745
1365 1330
839 1628
442 1517
242 1632
507 1622
915 1919
866 1457
746 2043
786 2302
961 2520
927 2237
553 3315
656 2558
530 2039
460 2059
519 1605
586 1945
512 1614
350 1948
167 1652
168 2024
369 1877
509 3093
653 1883
575 1768
366 1777
458 1211
672 831
812 908
560 1338
347 1664
331 1771
659 1755
1068 2141
1098 1480
1441 2151
1475 2359
1202 1563
1009 1407
854 1226
816 787
734 1123
933 1307
1281 1218
1787 1156
1360 836
1233 1287
1331 789
1616 510
1669 95
1615 87
1107 190
834 187
833 79
1259 9
1435 69
1375 56
1606 46
1624 30
1858 67
1495 10
1256 14
812 16
582 31
769 45
916 9
1234 488
1173 330
895 237
938 307
802 190
624 805
772 84
936 68
1249 653
1202 299
720 369
398 382
553 232
561 536
163 894
87 731
125 414
116 68
120 36
135 137
130 208
105 323
57 202
10 221
26 14
33 3
62 1
192 20
240 24
168 4
114 0
63 5
26 0
40 3
85 5
165 25
258 30
245 34
168 31
138 115
54 80
9 35
2 2
0 11
1 11
1 2
0 10
7 0
6 5
3 2
4 0
0 0
38 11
170 10
400 30
769 38
1231 72
1701 84
2203 84
2533 71
3526 165
5179 83
6413 76
7040 66
7082 42
7530 22
7978 28
8246 33
7789 331
6996 759
5829 978
4979 1253
4400 1457
3962 1519
3570 846
3310 466
3094 567
3476 803
3846 802
3811 298
4246 286
5233 338
7392 517
7638 507
7247 422
5748 299
4554 270
3970 545
2060 421
1560 191
1781 231
2223 422
1940 137
1760 248
1291 452
656 627
448 296
889 71
1370 283
1565 300
2177 355
1818 375
806 462
575 290
674 172
1129 195
990 166
307 271
371 219
602 59
750 99
681 108
340 108
470 111
394 50
246 75
133 10
97 8
114 85
249 30
326 40
227 69
130 64
76 324
116 1162
95 1415
119 567
44 140
7 255
74 750
69 620
34 326
36 171
69 483
65 1034
55 1201
4 863
2 754
6 600
1 691
22 893
40 1285
81 1124
41 888
12 691
3 447
13 107
0 58
0 165
0 0
0 77
0 10
0 1
0 351
0 200
0 28
0 0
0 25
0 29
0 0
0 0
10 0
0 0
10 0
40 3
22 6
16 0
6 0
0 13
0 0
8 2
0 0
0 0
0 1
4 0
56 2
86 8
157 3
175 15
152 19
78 22
59 45
9 35
0 16
12 0
29 1
2 0
0 1
0 96
1 123
0 79
2 31
3 12
19 1
6 0
15 5
0 0
0 0
33 12
80 4
66 1
78 36
44 3
63 15
61 0
50 6
27 24
22 771
0 1274
0 743
0 835
0 392
0 452
0 753
0 417
2 500
7 377
0 109
24 372
0 551
0 857
0 905
0 1212
0 1199
0 326
0 497
0 691
0 432
0 173
0 441
0 710
0 637
0 556
0 828
0 1032
0 936
0 922
0 1023
0 1078
0 986
0 811
0 577
1 737
0 952
0 967
0 493
0 437
0 755
0 639
0 600
0 615
0 517
0 591
0 688
0 992
0 1285
0 1003
0 572
0 1063
0 1249
0 1837
0 2073
0 2599
0 2452
0 2578
0 1560
0 1121
0 1572
0 995
0 144
0 852
0 285
0 369
0 166
0 47
0 63
0 32
0 10
0 3
9 0
0 10
0 26
0 9
0 32
0 35
0 41
0 68
0 73
0 53
0 34
0 12
0 7
0 1
0 1
0 4
0 0
0 2
0 0
0 1
0 4
0 34
0 56
0 5
0 3
0 21
0 33
0 16
0 18
0 0
0 2
0 0
0 0
0 0
0 0
0 0
0 0
0 1
0 0
0 0
0 0
0 0
0 0
0 0
0 0
0 0
0 0
0 5
0 2
0 74
0 252
0 389
0 613
0 838
0 1061
5 1849
0 2225
0 1745
0 2208
1 2261
9 2249
14 1532
9 679
7 481
9 600
5 811
5 362
0 6
2 80
3 168
9 190
3 558
5 757
5 1131
3 1392
0 1624
0 1365
0 1380
0 1455
0 1221
0 1582
0 1803
0 1269
0 854
0 314
0 524
0 0
0 0
0 0
0 0
0 0
0 0
23 594
0 0
0 0
0 0
0 0
0 0
0 0
0 0
0 209
0 1023
1 1898
0 2169
0 1116
0 2215
0 2015
0 1355
0 1531
2 1098
1 842
2 1183
1 1344
0 1322
1 1178
0 1381
0 1387
0 2268
0 1805
0 672
0 707
0 659
0 126
0 128
0 322
0 116
0 23
0 237
0 654
0 1073
0 1408
0 1596
0 1300
0 1573
2 1722
4 897
30 915
72 572
69 314
10 342
7 334
4 551
6 647
23 630
52 569
10 525
6 468
20 426
2 596
4 942
3 1117
1 1224
0 1281
0 751
6 813
0 520
0 269
0 48
0 101
0 209
0 661
0 954
0 447
0 303
5 666
3 974
0 772
0 382
0 88
1 399
0 613
0 1110
0 1460
2 1802
1 1710
3 1847
4 1976
5 2107
6 2023
35 2233
10 3001
2 3513
5 4456
16 4947
61 5152
62 5216
57 4970
20 5115
6 4782
8 5034
10 4585
11 5358
17 5344
41 5805
23 5651
35 5940
69 5360
50 4517
76 4342
31 3836
22 3038
22 2813
25 1843
71 1522
101 923
33 493
7 178
4 286
4 101
10 232
74 129
70 107
34 213
15 125
6 196
4 150
0 156
11 143
1 145
1 98
20 82
2 62
1 89
1 153
2 338
2 412
3 309
7 210
4 69
4 111
4 153
7 167
8 451
10 624
10 746
13 866
14 816
13 756
30 572
11 380
3 70
29 88
26 290
22 386
7 480
8 443
8 269
3 168
10 307
11 832
13 1312
13 1701
19 2091
31 2146
30 2603
19 2075
21 2157
19 1480
21 1415
21 831
39 667
32 166
7 472
20 717
23 793
37 942
40 712
35 923
16 427
17 403
3 325
6 347
5 401
1 324
873 362
5 666
17 942
23 1454
30 1792
25 2455
19 2327
12 2657
13 2377
15 2204
11 1703
17 1167
19 635
8 436
5 352
3 295
2 251
8 214
11 218
6 289
4 540
8 708
10 1024
8 1189
8 1684
10 1825
11 2015
8 2151
17 2087
11 2032
13 1852
9 1647
16 1613
19 1646
4 1799
20 2312
22 2518
21 2483
18 2466
18 2279
18 2087
10 1891
11 1918
5 1776
1 1370
3 1257
7 1401
12 1342
12 1571
14 1961
6 1212
1 1103
0 1474
0 1480
3 1567
3 1529
1 1144
1 715
2 524
0 457
1 653
1 597
0 605
0 590
1 540
3 391
0 274
2 362
2 525
0 427
1 664
1 397
2 672
1 415
1 745
3 576
0 757
0 336
0 717
2 338
0 444
0 101
0 151
0 557
0 220
0 503
0 205
2 591
5 432
2 372
5 917
4 660
5 1070
4 959
1 1528
0 1058
2 782
3 214
5 642
9 683
1 495
1 642
3 907
10 1148
2 1715
2 1815
2 2112
1 2361
0 2289
0 2255
1 1900
6 1699
13 1797
15 1956
7 2082
11 2476
15 2293
17 2459
18 2559
18 2610
12 2662
17 2567
17 2546
38 2088
35 1279
23 667
24 423
13 258
4 255
9 716
10 852
25 973
50 902
95 878
307 652
489 334
455 62
420 18
171 68
150 333
65 576
79 749
69 873
239 1012
451 1308
574 1980
492 2477
835 2622
1081 2465
1261 2266
1326 1954
1346 1539
1271 916
1280 387
945 502
628 1706
223 3240
469 4663
1123 6249
1700 7181
1597 7457
1065 6860
401 5969
582 6216
557 5715
459 4704
317 4082
191 4065
201 3635
120 2965
129 2806
96 2337
154 2479
159 2484
168 2690
174 3137
247 3017
383 2512
532 2943
382 3173
265 3096
216 2649
316 2295
447 1922
303 763
178 747
94 1756
72 1750
73 1016
112 1430
180 1242
244 2274
330 1717
314 3708
292 4626
264 4710
128 4212
253 2765
564 1103
839 593
431 464
204 830
143 1829
32 1811
4 1995
30 1847
10 2211
24 2779
3 808
0 758
9 783
8 1162
0 919
0 1006
1 852
0 1000
0 551
0 769
0 764
0 453
0 417
0 426
0 181
2 234
0 120
0 176
0 507
0 505
0 607
0 711
43 1435
5 1584
86 1848
148 1370
196 1085
163 1169
90 1288
25 1496
15 1787
11 2597
5 2164
50 1436
87 1492
100 1667
48 113
2 498
0 42
5 196
16 205
34 107
15 11
12 0
20 21
8 20
19 15
20 1
8 3
0 70
0 96
0 9
0 23
0 140
0 28
0 20
0 165
0 53
0 498
0 1762
0 1826
0 1365
3 2161
3 1382
0 1389
0 1230
0 942
0 643
0 562
0 676
0 596
0 518
0 490
0 382
0 342
0 194
0 119
0 107
0 102
0 15
0 17
0 21
0 19
0 7
0 64
0 5
0 30
0 24
0 0
0 5
0 19
0 21
0 6
0 8
0 3
0 2
0 5
0 24
0 16
0 71
0 32
0 35
0 58
0 96
0 226
0 94
0 39
1 135
4 42
9 114
4 71
4 19
6 112
8 364
8 216
5 437
1 728
7 868
6 873
0 1010
0 1038
0 1301
0 771
0 674
0 602
0 765
0 775
1 973
3 490
0 231
0 166
0 795
0 284
3 260
0 170
0 362
0 227
0 211
0 145
0 158
0 32
0 90
0 179
0 186
0 535
0 683
0 974
0 1215
0 820
0 671
0 506
0 323
0 211
0 760
0 685
0 1253
0 2057
0 499
0 804
0 713
0 78
0 133
0 307
0 0
0 49
0 36
0 52
0 124
0 198
0 270
0 78
0 12
0 39
0 75
0 155
0 152
21 113
22 68
13 66
0 150
0 251
0 622
0 644
0 204
0 69
0 190
0 265
0 194
0 105
0 17
0 36
0 115
0 165
0 133
0 268
0 178
0 29
0 45
0 270
0 255
0 81
0 53
0 48
0 108
1 122
0 88
0 14
0 9
0 4
0 26
0 96
0 83
0 20
0 18
0 116
2 79
0 3
0 33
0 56
0 7
0 2
0 20
0 46
0 73
0 193
0 410
0 373
0 1255
0 1718
0 1340
0 1070
0 1730
0 1545
0 569
0 753
0 801
1 847
2 738
1 572
0 472
0 638
0 1086
5 909
8 673
4 590
1 841
3 1487
2 578
0 181
0 399
0 102
0 71
0 40
0 191
0 97
0 7
0 0
0 0
0 0
0 9
0 0
0 21
0 19
0 44
0 72
0 16
0 6
0 86
0 48
0 0
0 23
0 76
0 72
0 647
0 1626
0 1347
4 1672
6 1825
2 1178
0 764
3 511
6 335
5 407
1 452
0 309
0 217
0 357
0 329
0 102
0 191
0 131
0 114
0 110
0 31
0 3
0 6
0 3
0 15
0 4
0 0
0 20
0 10
0 0
0 0
0 0
0 0
0 7
0 0
0 0
0 0
0 0
0 0
0 11
0 5
0 0
0 0
0 0
0 0
0 6
0 12
0 5
0 0
0 0
0 2
0 0
0 1
0 11
0 12
0 20
0 50
0 56
0 44
0 52
0 32
0 13
0 1
0 17
0 14
0 2
0 3
0 0
0 0
0 0
0 7
0 1
0 1
0 4
0 14
0 0
0 0
0 0
0 0
0 0
0 0
0 0
0 0
0 0
0 0
0 0
0 0
0 0
0 0
0 0
0 0
0 0
0 0
0 0
0 0
0 0
0 0
0 0
0 0
0 0
0 0
0 0
0 0
0 0
0 0
0 0
0 0
0 0
0 0
0 0
0 0
0 0
0 0
0 0
0 0
0 0
0 0
0 0
0 0
0 0
0 0
0 0
0 0
0 0
0 0
0 7
0 24
0 1
0 12
0 56
0 86
0 89
0 27
0 0
0 12
0 106
0 301
0 563
0 706
0 921
0 798
0 521
0 389
0 597
0 342
0 79
0 294
0 166
0 0
0 119
0 245
0 239
0 116
0 24
0 295
0 734
0 930
0 913
0 553
1 471
1 274
0 120
4 113
3 182
4 241
7 276
4 503
8 418
3 308
3 225
2 137
1 195
7 478
3 614
0 680
0 811
0 1348
0 1455
0 934
0 917
0 682
0 985
0 793
0 592
0 651
0 78
0 77
0 7
0 0
0 1
0 0
0 0
0 0
0 0
0 0
0 0
0 0
0 0
0 0
0 0
0 9
0 17
0 10
0 15
0 4
0 30
0 7
0 2
0 0
0 0
0 7
0 0
0 3
0 0
0 20
0 0
0 0
0 0
0 0
0 0
0 0
0 181
0 635
0 899
0 837
0 783
0 642
0 805
0 540
0 455
0 618
0 578
0 577
0 72
0 19
0 93
0 155
0 318
0 445
0 453
0 434
0 506
0 515
0 231
0 52
0 32
0 4
0 41
0 6
0 0
0 3
0 23
0 16
0 5
0 2
0 13
0 0
0 0
0 0
0 0
0 0
0 1
0 50
0 486
0 805
0 941
0 828
0 853
0 706
0 362
0 233
0 207
0 14
0 57
0 156
0 92
0 13
0 16
0 85
0 166
0 289
0 467
0 634
0 703
0 907
0 1177
0 1066
0 956
0 613
0 839
0 556
0 293
0 60
0 9
0 3
0 0
0 0
0 0
0 0
0 0
0 0
0 0
0 0
0 2
0 111
0 512
0 843
0 1613
0 1662
0 1559
0 1252
0 1599
0 1538
0 1292
0 1265
0 929
0 622
0 399
0 414
0 287
0 360
0 451
0 318
0 229
0 288
0 511
0 1002
0 1462
0 1583
0 1804
0 2134
0 2165
0 1591
0 943
0 590
0 338
0 112
0 15
0 19
0 34
0 7
0 34
0 4
0 7
0 0
0 0
0 0
0 0
0 0
0 0
0 6
0 13
0 16
1 19
3 43
4 60
3 68
1 86
1 126
0 202
0 258
0 500
1 879
0 1000
0 1016
0 863
0 583
1 631
2 587
9 467
8 256
5 256
9 383
9 436
2 418
0 459
5 555
7 470
2 383
5 307
9 216
12 295
9 313
2 290
0 57
0 179
0 286
1 329
6 610
8 1062
17 1379
8 2232
8 2763
13 3142
6 2642
0 2366
3 1833
3 939
9 427
3 970
0 644
5 916
6 1084
4 1281
1 533
6 400
3 535
0 442
4 236
4 354
6 579
9 691
0 519
0 519
0 707
0 597
0 424
3 267
9 125
8 156
7 394
1 621
7 768
12 698
6 476
0 139
2 131
6 160
4 145
3 83
0 9
0 3
0 35
0 35
0 38
0 12
0 0
1 125
0 327
1 684
2 775
1 777
0 552
2 649
6 1025
7 962
2 826
2 398
2 273
5 306
7 532
3 488
10 551
11 705
7 889
2 1119
0 1322
0 934
0 620
0 384
0 273
0 257
0 534
0 598
0 594
0 508
0 374
0 176
0 35
0 36
0 144
0 236
0 640
0 1368
0 1452
0 1313
0 545
0 642
0 558
4 843
5 828
5 580
1 446
4 680
4 716
6 547
9 479
9 519
9 655
7 960
3 865
1 1042
0 793
0 596
0 523
0 421
0 280
0 162
0 91
0 63
0 19
0 10
0 1
0 9
0 14
0 15
0 56
0 138
0 191
0 496
0 890
0 1242
0 1444
0 1127
0 977
3 633
2 592
4 369
2 139
8 387
8 402
10 492
10 218
0 258
1 299
4 131
1 68
0 153
1 161
1 85
2 57
0 0
0 1
0 0
0 0
0 0
0 0
0 70
2 358
5 386
10 524
7 576
7 279
2 58
1 363
4 540
4 599
5 273
0 127
1 169
3 183
1 421
3 589
6 533
0 388
0 205
0 158
0 178
0 190
0 193
0 128
0 288
0 554
0 610
0 265
0 332
0 346
0 280
1 287
0 312
0 499
0 391
0 332
0 217
0 233
0 187
0 111
0 63
0 21
0 6
0 1
0 95
0 395
0 733
0 946
3 1073
3 973
4 790
0 507
0 260
0 61
0 28
3 250
6 557
5 871
7 1158
13 1469
6 1641
6 832
4 824
9 950
5 780
0 665
5 801
5 760
1 724
1 596
1 378
1 412
1 130
0 250
0 136
0 99
0 38
0 35
0 0
0 3
2 1
0 39
0 62
0 123
0 379
0 739
2 1080
1 912
1 872
3 326
7 878
8 1679
11 1922
8 1154
2 662
1 413
0 128
2 218
1 520
3 1056
2 1380
0 1532
0 1347
0 868
0 838
0 637
0 457
0 314
0 238
0 242
0 190
0 137
0 34
0 2
0 2
0 8
0 0
0 2
0 1
0 0
0 10
0 4
0 9
0 4
0 7
0 1
0 1
1 5
0 0
0 0
0 4
0 2
0 0
0 2
0 0
0 0
0 3
0 81
0 549
0 754
0 770
0 955
0 586
0 551
1 863
8 1090
6 1167
0 912
0 1208
2 1283
5 940
1 489
2 637
2 245
1 293
4 237
2 309
2 452
4 470
3 373
4 305
9 543
11 727
7 508
9 253
10 321
8 303
3 395
9 600
12 906
1 609
0 99
4 358
4 358
3 265
3 237
5 188
5 328
3 515
6 1274
3 1212
0 1070
0 620
0 389
0 190
0 273
0 375
0 314
0 147
0 2
0 7
0 0
0 0
0 0
0 0
0 0
0 7
0 0
0 0
0 0
0 139
0 581
0 929
0 983
0 1218
0 1120
0 1005
0 1030
0 1026
4 1022
10 934
6 616
12 616
12 530
9 548
7 633
4 616
7 544
9 315
4 113
2 175
4 179
6 167
1 137
0 71
1 53
1 20
3 48
4 82
5 188
8 329
10 441
8 430
4 283
5 325
3 318
3 303
6 754
2 1007
1 1507
0 1187
0 1081
0 912
0 753
0 588
0 489
0 298
0 299
0 342
0 493
0 874
0 1185
3 1399
3 1053
4 597
5 461
0 445
0 414
4 774
5 942
3 940
3 923
1 844
0 754
0 774
0 758
0 754
0 712
0 401
0 156
0 133
0 70
0 9
0 30
0 5
0 0
0 2
0 70
0 10
0 2
0 1
0 71
0 643
0 955
0 1222
0 1357
0 713
0 384
0 396
0 724
0 807
0 834
0 796
0 706
0 856
0 945
0 925
0 347
0 19
0 182
0 82
0 13
1 10
0 0
0 0
0 2
0 0
0 0
0 8
0 0
0 0
0 15
0 2
0 20
0 277
0 888
0 1344
0 1219
0 906
0 1010
0 1304
0 1240
0 762
0 835
0 797
2 864
4 1078
0 1215
0 494
0 107
4 476
4 958
2 980
0 728
0 845
0 897
0 712
0 772
0 856
0 576
0 348
0 337
0 188
0 111
0 57
0 3
0 1
0 2
0 7
0 4
0 16
0 0
0 1
0 0
0 1
0 0
0 4
0 5
0 9
0 0
0 0
0 0
0 3
0 23
0 44
0 145
0 243
0 424
0 642
0 994
0 1156
0 1165
0 946
0 594
7 600
12 1113
6 918
3 396
7 240
5 390
8 512
7 725
3 785
0 875
0 765
0 834
0 724
0 262
0 119
0 230
0 188
0 11
0 91
0 33
0 31
0 0
0 196
0 538
0 761
0 1180
0 1122
0 605
0 685
1 1021
4 1147
9 992
7 817
3 376
7 469
6 780
0 1029
0 1033
0 891
0 1002
0 930
0 910
0 676
0 552
0 61
0 150
0 226
0 211
0 279
0 183
0 170
0 57
0 53
0 176
0 171
0 27
0 4
0 25
0 56
0 10
0 21
0 49
0 47
0 155
0 307
0 548
0 598
0 118
0 234
0 658
0 499
0 175
0 8
0 77
0 77
0 45
0 0
0 0
1 3
0 0
0 0
0 8
0 10
4 2
0 0
0 0
0 0
0 0
0 0
0 5
0 0
0 0
0 1
0 0
87 0
10 0
12 0
13 0
2 1
2 0
0 0
4 0
25 0
38 0
5 0
5 0
1 0
0 2
0 0
0 5
0 18
0 131
6 370
32 642
60 609
13 340
0 109
0 3
5 84
1 261
4 355
4 444
0 381
0 270
9 191
11 75
11 12
13 0
10 1
0 0
0 53
0 36
0 70
0 235
0 664
0 797
0 863
2 1362
2 1901
0 2877
0 3684
0 3653
0 3682
0 2602
0 1670
0 1070
0 685
0 847
0 624
0 637
0 145
0 159
0 60
0 33
0 49
0 259
0 203
0 245
0 212
0 316
5 434
31 500
22 690
42 566
28 547
13 462
12 265
3 636
0 794
0 603
0 536
12 481
37 502
10 784
22 473
33 431
25 424
18 349
13 311
0 325
0 429
0 476
0 360
0 298
0 381
0 544
25 652
70 591
72 628
54 504
27 310
3 123
0 194
0 352
0 385
0 295
16 147
65 242
9 304
0 414
0 410
0 377
0 223
0 228
0 4
0 6
9 29
6 19
0 48
0 98
0 86
0 174
0 16
0 72
0 11
0 98
0 194
0 136
0 417
0 412
0 351
0 88
0 237
0 556
0 463
0 457
0 94
0 14
0 17
0 10
0 2
0 7
0 12
0 11
0 38
0 13
0 51
0 58
0 253
0 445
0 140
0 235
0 338
0 437
0 816
0 939
0 1581
2 1879
2 2293
3 2219
4 2585
5 2753
8 3170
6 3344
1 3119
3 3565
1 3111
1 2920
0 2050
0 1453
16 1348
8 1590
7 1760
10 1591
7 994
3 761
5 423
4 310
4 390
6 482
1 413
0 405
0 415
0 718
0 878
1 903
0 1086
1 733
1 823
0 345
0 347
0 139
0 142
1 56
1 68
2 24
0 14
0 49
4 97
3 268
5 245
4 441
4 396
3 443
4 323
1 704
1 586
3 1022
6 866
11 1243
12 1085
15 1651
20 1685
12 2066
2 1315
34 2135
9 1735
13 1359
13 857
0 995
1 697
0 869
13 494
0 704
2 367
8 480
0 175
0 434
0 172
0 112
0 16
0 395
0 828
0 1681
1 1876
0 2466
0 2856
0 3028
0 2865
0 2565
0 2763
0 3574
3 4147
64 3599
30 2705
14 2298
6 1967
5 1823
7 1446
11 1364
7 1171
9 1177
1 1249
0 1640
2 885
0 736
7 1377
8 944
5 642
6 1575
5 2260
9 3293
10 3714
9 4150
0 3913
0 3669
0 2777
0 2033
0 1838
0 1449
0 1209
0 803
0 746
0 1603
0 2985
4 3817
5 4188
6 4266
5 3882
5 3912
13 3811
18 3718
9 4343
12 5126
13 4403
24 3303
13 2579
10 4425
6 5532
0 6092
14 6585
5 5933
4 4795
1 2927
0 1567
0 844
0 483
0 1602
1 2496
2 2706
0 1827
2 1112
0 1311
0 1773
0 1699
0 1581
6 1046
9 1198
15 1230
36 1433
20 1079
16 922
15 1190
31 1551
8 1374
5 1587
3 2070
8 1817
2 1780
3 1625
2 1397
1 673
0 41
0 125
4 119
24 537
17 280
18 458
8 475
29 166
0 624
0 235
0 454
0 773
0 2081
0 2432
0 2631
0 1799
8 1759
8 1156
3 1300
2 680
1 796
0 699
0 870
0 1298
0 1129
0 1618
0 590
0 466
0 293
0 248
0 346
0 33
0 125
0 157
0 58
0 177
0 143
0 183
0 203
0 109
0 6
0 39
0 24
0 90
0 32
0 18
0 15
0 86
4 138
0 154
0 243
0 102
0 114
0 128
0 169
3 191
1 406
0 530
0 412
7 471
65 721
209 1307
114 1166
3 1121
18 1027
48 604
122 844
72 286
26 848
2 372
0 258
0 603
0 232
2 39
0 43
8 42
15 39
28 20
79 77
26 41
28 33
4 55
32 64
62 97
127 38
91 141
116 47
102 28
41 14
0 46
2 35
0 16
0 29
16 11
0 0
34 44
109 1
206 4
145 5
102 20
9 2
29 3
29 16
108 27
89 0
51 5
59 6
18 12
16 10
25 8
44 6
16 0
59 0
58 1
112 4
265 7
329 8
292 7
78 0
13 4
16 0
46 4
78 3
177 9
0 0
1731 87
0 0
51 2
24 6
0 17
0 2
3 1
60 3
59 12
79 33
6 22
16 4
0 0
42 4
57 19
71 34
20 32
14 0
0 0
4 0
0 15
0 16
29 5
81 1
3 0
44 4
3 0
7 2
45 29
0 5
100 0
6 6
0 13
0 2
20 0
81 40
0 57
0 8
0 0
0 26
4 3
22 13
2 1
0 0
0 0
0 1
0 1
4 2
40 11
5 5
19 24
10 6
6 18
2 76
37 48
75 18
1 0
0 0
0 0
0 5
0 6
0 29
4 9
16 12
44 32
88 152
89 260
43 339
26 309
32 153
129 53
105 15
0 189
0 263
0 175
0 93
1 14
216 7
734 11
890 7
227 22
174 81
10 183
0 215
9 158
0 171
0 279
5 178
2 0
0 35
13 183
3 243
0 16
0 38
0 17
0 59
0 80
0 162
0 121
0 160
0 0
0 92
0 0
0 0
0 14
0 18
0 22
0 38
0 85
0 10
0 123
0 353
0 380
0 210
0 210
0 237
0 171
0 95
0 145
0 185
0 151
0 205
0 48
0 5
0 0
0 4
0 2
0 0
0 6
0 9
0 3
0 0
0 0
0 0
0 0
0 0
0 0
0 0
0 3
0 12
0 0
0 0
0 0
0 0
0 2
0 17
0 60
0 12
0 17
0 0
0 0
0 29
0 8
0 9
0 0
0 0
0 0
0 0
0 8
0 3
0 2
0 0
2 0
0 0
0 0
0 0
0 4
0 0
18 6
6 2
0 0
0 0
7 0
0 0
0 0
0 0
0 0
0 2
0 2
0 11
0 5
0 3
0 21
0 6
0 0
0 12
0 0
0 17
0 7
0 125
0 90
0 58
0 13
0 3
18 80
3 9
4 96
2 21
0 3
0 0
0 10
0 0
0 27
0 23
0 0
0 8
0 26
0 0
0 0
0 11
0 12
0 13
0 12
0 13
0 0
0 10
0 38
0 35
0 2
0 0
0 0
0 0
2 4
3 4
7 1
3 2
0 15
2 9
0 2
9 2
2 10
0 8
0 54
0 211
0 110
0 382
0 204
0 153
0 37
0 72
0 153
0 10
0 56
18 6
10 21
37 23
14 20
45 120
56 32
19 110
0 104
0 131
5 69
0 66
1 30
0 20
0 36
0 27
0 56
0 3
0 6
0 74
0 170
0 0
0 40
0 0
0 12
0 16
0 31
0 59
0 45
0 38
0 69
0 60
0 157
0 118
0 230
0 244
0 280
0 374
7 299
0 239
0 113
0 101
0 270
0 190
0 230
0 146
0 117
0 6
0 15
0 228
0 213
0 213
0 1
0 48
0 200
0 171
0 149
0 21
0 0
0 0
0 6
0 2
0 88
0 3
0 109
3 2
0 7
0 5
0 34
0 170
0 164
0 169
0 12
0 43
0 86
0 75
0 164
0 42
0 16
0 17
0 23
0 11
0 135
0 105
0 183
0 176
0 225
0 6
0 0
0 12
0 64
0 57
0 23
0 0
0 7
0 0
0 15
0 15
0 7
0 14
0 0
0 0
0 0
0 0
0 0
0 0
0 0
0 0
0 0
0 0
0 0
0 0
0 0
0 0
0 0
0 0
0 0
0 0
0 0
0 0
0 0
0 0
0 0
0 0
0 0
0 0
0 0
0 0
0 0
0 0
0 0
0 0
0 1
0 0
0 0
0 0
0 0
0 7
0 0
0 9
0 0
0 0
0 0
0 0
0 54
0 309
0 523
0 336
0 28
0 51
0 0
0 31
0 8
0 20
0 135
0 183
0 103
0 7
0 35
0 0
0 8
0 30
0 1
0 0
0 0
0 1
0 32
0 37
0 7
0 0
0 0
0 0
0 0
0 0
0 0
0 3
0 0
0 0
0 0
0 0
0 0
0 0
0 0
0 0
0 0
0 0
0 2
0 1
0 4
0 0
0 0
0 0
0 70
0 123
0 34
0 13
0 10
0 52
0 171
0 408
0 565
0 844
0 971
0 1231
0 939
0 706
0 756
0 734
0 749
0 601
0 517
0 194
0 156
0 339
0 803
0 1018
0 907
4 1046
15 1125
9 779
11 438
4 381
1 417
0 394
0 208
0 157
0 100
0 77
0 49
0 66
0 52
0 59
0 57
0 24
0 13
0 4
0 0
0 0
0 0
0 0
0 0
0 0
0 0
0 0
0 0
0 0
0 0
0 0
0 0
0 0
0 0
0 0
0 0
0 0
0 0
0 0
0 2
0 90
1 163
0 155
2 61
0 2
0 0
0 107
0 113
0 9
0 0
0 188
0 292
0 323
1 445
0 691
0 807
1 621
2 994
0 700
0 746
0 829
0 494
0 658
0 534
0 566
0 581
0 545
0 678
0 863
0 944
0 705
0 624
0 572
0 763
0 909
0 1047
0 969
0 1097
0 1330
0 769
0 523
0 1495
0 1507
0 557
0 1417
0 826
0 668
0 1314
0 1589
0 969
0 1231
0 1261
0 981
0 779
0 884
0 319
0 827
0 1394
0 1702
1 2130
1 2279
1 2572
0 2227
0 2341
0 2078
3 1736
3 1337
4 1557
7 2021
10 2997
60 3319
249 2192
546 1934
828 2961
1304 3601
1633 3408
1847 3307
2619 3122
2682 3025
2602 2708
2314 2599
1677 2456
1189 1593
700 952
418 527
275 905
62 431
26 1469
5 2019
6 1519
4 1521
9 1234
13 1582
14 1650
11 1363
10 1023
6 443
0 181
0 107
3 996
8 1480
6 1188
12 1129
9 1009
13 1012
12 1266
11 935
7 664
5 669
4 669
2 236
5 517
118 372
440 70
790 182
1353 305
2300 210
3377 398
3344 128
2900 31
2243 10
1777 0
1097 98
284 148
416 235
293 1001
183 909
255 488
582 264
1098 602
1533 423
1070 283
169 396
42 33
399 130
524 255
392 538
26 675
2 1030
10 1261
0 1341
0 772
1 1069
0 855
2 1198
1 1182
0 1304
2 1398
2 1123
0 589
0 812
0 1143
0 904
9 1069
4 1878
6 737
0 327
0 71
0 17
2 39
0 114
0 32
1 15
0 2
1 104
0 1
0 9
0 23
0 0
0 0
0 0
0 0
0 0
0 0
0 0
0 16
2 22
36 63
59 0
102 0
71 1
30 22
0 8
5 0
3 0
0 0
0 0
0 1
0 4
0 2
0 0
0 0
0 31
0 27
0 92
0 43
22 48
49 41
7 11
0 37
0 3
3 0
0 0
0 0
0 0
1 7
0 7
0 0
0 0
0 0
0 0
0 0
0 0
0 0
0 0
0 0
0 1
0 28
0 92
0 251
0 363
0 353
0 211
0 94
0 55
0 41
0 8
0 0
0 0
0 1
0 2
0 10
0 0
0 5
0 1
0 25
0 48
0 16
0 0
0 0
0 0
0 6
0 19
0 0
0 0
0 0
0 0
0 0
0 0
0 0
0 0
0 0
0 0
0 3
0 0
0 0
0 8
0 0
0 0
0 8
0 17
0 13
0 73
0 257
0 474
0 471
0 262
0 34
0 6
0 195
0 51
0 9
0 0
0 20
0 358
0 673
0 814
0 799
0 969
0 1048
0 659
0 465
0 220
0 243
0 424
0 267
0 218
0 23
0 0
0 10
0 16
0 45
0 26
0 19
0 26
0 74
0 214
0 139
0 48
0 15
0 0
0 1
0 47
0 21
0 1
0 0
0 0
0 2
0 0
0 0
0 0
0 0
0 0
0 0
0 0
0 0
0 0
0 10
0 8
0 9
0 78
0 80
0 57
0 24
0 5
0 0
0 2
0 4
0 0
0 2
0 0
0 0
0 0
0 0
0 0
0 0
0 0
0 0
0 13
0 335
0 951
0 1478
0 1646
0 1742
0 1457
0 1229
0 1033
0 1144
0 1046
0 377
0 424
0 537
0 532
0 565
0 773
0 958
0 1048
1 1584
0 860
4 645
0 409
0 241
0 223
0 118
0 73
0 47
3 178
3 374
0 116
3 286
2 204
2 348
2 167
0 82
1 67
0 26
0 35
0 24
0 36
0 20
0 24
0 23
0 32
0 3
0 9
0 26
0 2
0 0
0 0
0 0
0 0
0 0
0 16
0 0
0 0
0 0
0 3
0 0
0 121
0 334
7 602
6 648
4 197
0 30
0 178
4 414
6 529
8 704
2 276
3 279
2 129
0 27
0 1
20 1188
0 5
0 0
0 0
0 0
0 0
0 5
0 0
0 0
0 0
0 0
0 0
0 32
0 44
0 29
0 4
0 0
0 8
0 0
0 14
0 45
0 4
0 0
0 14
0 1
0 1
0 1
0 0
0 0
0 15
0 0
0 0
0 0
0 0
0 2
0 0
0 7
0 11
0 24
0 43
0 55
0 4
0 0
0 1
0 0
0 135
0 219
0 233
0 206
0 161
0 141
0 142
0 163
0 138
0 43
0 13
0 17
0 30
0 15
0 22
0 8
0 5
7 0
0 2
0 11
0 25
0 56
0 45
0 3
12 5
4 19
0 11
0 0
0 2
0 0
0 2
0 0
0 7
0 13
0 2
0 0
0 0
0 0
0 0
0 2
0 1
0 0
0 0
0 0
0 0
0 0
0 3
0 0
0 0
123 0
379 0
304 0
274 0
475 21
912 13
1342 14
1674 9
2330 0
1926 0
1601 0
1089 0
754 6
79 3
552 11
833 0
767 0
606 0
156 0
137 10
340 6
438 1
399 0
61 1
31 7
99 0
95 1
62 1
8 0
1 0
24 9
7 0
0 1
0 0
0 0
0 0
0 0
0 0
0 0
0 0
4 0
16 0
63 0
100 0
147 1
182 0
160 0
123 0
151 0
198 0
352 2
624 0
884 7
1163 11
1188 16
1031 18
777 19
478 7
69 3
277 7
402 14
163 6
23 0
23 1
1 0
25 0
79 6
30 1
16 2
55 5
0 0
130 6
303 18
245 7
10 4
51 6
14 2
36 7
153 11
95 4
0 11
9 27
1 133
0 472
5 579
8 668
0 651
15 916
23 863
28 762
65 773
25 783
0 769
0 593
0 422
0 316
0 242
0 191
0 75
0 61
13 63
0 32
3 53
0 10
0 59
0 106
0 120
0 2
1 1
22 2
15 8
16 6
24 14
103 28
251 18
330 11
459 13
432 17
399 285
267 674
157 673
7 758
0 1008
2 548
12 519
0 1056
0 1036
4 1137
0 1190
0 1125
0 697
0 638
2 210
0 86
0 58
0 410
0 398
3 247
0 57
0 42
19 74
21 288
0 568
0 856
1 581
0 634
0 513
0 544
0 689
5 755
10 18
0 142
1 20
11 30
60 42
117 39
216 12
621 15
895 15
946 15
927 27
793 27
493 28
280 18
37 8
21 5
0 0
0 0
0 0
0 4
0 2
0 0
0 2
91 6
643 13
1399 25
2485 26
3600 15
3002 3
2252 7
1446 0
546 0
363 0
507 0
586 0
565 0
466 0
393 0
298 0
106 0
26 0
95 0
172 0
169 1
75 0
64 0
37 0
89 0
91 0
38 0
6 0
40 0
153 0
129 0
145 0
548 0
963 0
1422 0
1549 0
1449 0
1510 1
1408 0
1304 0
1453 0
1342 0
1102 0
1013 0
1049 2
1035 8
1173 12
1484 12
1406 10
1560 0
1417 0
1035 0
672 0
449 0
355 0
199 0
203 0
313 1
338 0
240 6
277 0
157 0
81 5
24 0
102 0
86 0
49 0
5 0
60 0
289 0
597 0
1019 0
1119 1
1267 2
1148 8
848 13
988 3
910 2
358 2
373 1
548 2
428 1
13 0
31 0
20 7
27 4
54 0
68 10
17 0
11 0
27 0
63 0
89 0
22 0
31 0
261 0
412 0
236 0
732 0
1337 3
1352 8
1168 12
1121 17
1251 20
1305 21
892 22
756 20
607 18
460 14
182 10
38 0
0 0
29 2
57 2
181 8
139 12
54 5
9 2
16 3
49 5
57 3
47 4
16 2
0 0
44 1
71 7
45 2
0 0
18 3
41 4
123 4
160 5
91 4
68 2
5 0
139 6
495 7
927 6
1378 79
2024 257
2395 459
2241 511
1344 404
219 428
643 410
689 418
552 441
442 459
435 482
444 491
342 452
110 189
22 86
60 45
2 48
35 18
3 23
2 0
0 1
0 0
0 0
0 47
3 208
0 303
5 566
0 679
0 701
0 583
0 345
0 165
0 269
0 261
49 298
45 230
91 282
47 252
65 274
70 267
22 357
7 305
15 59
4 137
1 252
0 122
0 165
0 186
0 178
6 79
0 19
0 12
0 21
24 8
88 25
395 9
618 10
761 4
806 1
825 5
891 0
955 0
855 4
359 6
187 0
563 0
811 7
1048 31
1136 15
811 29
348 0
137 46
316 44
219 2
73 36
11 13
18 6
22 27
263 36
455 27
392 10
345 0
384 0
338 4
70 0
108 0
196 14
158 18
50 0
24 126
7 206
5 0
7 0
0 23
20 14
60 0
141 0
284 0
448 3
575 0
482 21
140 0
63 2
133 13
115 2
39 12
20 11
18 12
0 12
3 0
1 0
0 30
0 10
0 0
0 8
0 53
0 13
0 0
0 20
2 61
9 86
0 0
5 35
0 17
0 177
0 264
0 503
0 296
7 103
0 19
4 23
0 73
4 29
0 4
4 68
0 24
1 52
9 1
69 0
318 35
549 47
377 1
450 2
259 7
291 35
381 6
524 11
763 34
730 0
701 11
476 4
279 5
8 0
77 17
365 5
445 16
304 5
141 0
36 19
0 4
0 4
0 0
0 4
0 15
1 0
8 0
26 11
30 1
75 13
372 8
598 0
705 0
670 11
596 5
307 3
258 17
630 17
790 0
658 5
675 3
427 0
463 0
732 12
734 0
608 1
84 1
0 0
0 4
11 0
2 0
0 34
0 17
0 0
1 0
2 60
0 47
0 14
0 0
0 16
0 35
0 0
0 0
0 28
0 53
0 33
10 0
24 28
4 105
0 57
0 0
0 10
1 16
19 44
0 8
0 0
0 0
0 0
0 0
0 0
0 0
0 13
23 0
10 0
0 0
7 9
0 5
6 0
8 0
8 0
8 24
4 0
12 3
31 63
64 171
19 330
0 372
0 62
2 7
0 4
9 0
0 0
0 10
3 25
0 4
0 0
0 20
11 53
171 5
393 0
375 42
207 18
30 0
81 4
484 58
151 6
771 0
878 20
719 0
451 0
112 52
482 3
435 0
81 0
51 9
147 25
34 0
0 1
0 2
0 0
2 3
0 16
9 40
83 0
166 7
129 10
49 6
8 19
0 0
0 23
0 83
0 5
17 6
26 18
82 70
33 22
51 0
0 8
1 8
0 0
11 0
50 3
3 0
0 0
2 38
4 42
0 9
0 0
0 1
7 41
78 23
31 11
18 0
62 7
41 22
30 21
3 25
13 32
16 31
12 33
4 91
1 635
32 1015
84 743
248 724
417 783
573 655
594 616
431 616
78 720
54 719
110 538
96 559
75 164
31 58
14 13
0 0
0 2
0 0
0 1
0 0
0 0
523 0
1121 0
1612 0
1855 0
1942 0
891 0
888 0
1287 0
972 7
743 0
64 0
104 0
377 0
220 0
112 0
34 1
50 0
128 0
50 2
0 0
0 0
1 8
1 11
9 0
97 1
12 1
1 9
148 1
503 8
780 0
886 0
603 0
158 0
796 0
1028 0
1004 0
901 1
782 3
482 0
35 0
0 0
36 0
26 0
19 0
0 0
0 0
2 0
0 0
0 0
0 0
0 0
25 0
53 0
35 0
21 0
7 1
14 1
2 0
0 0
3 0
0 0
12 0
0 0
1 2
0 0
0 0
1 0
1 0
0 2
0 0
0 0
1 0
0 0
3 0
0 0
0 0
0 0
0 0
0 0
0 0
0 0
6 0
5 0
17 0
5 0
0 0
0 0
0 0
0 0
0 0
0 0
0 0
0 0
2 1
0 0
0 0
0 0
0 0
0 0
0 0
0 0
0 0
0 0
0 0
0 0
0 0
0 0
0 0
0 0
0 0
0 0
0 0
0 0
0 0
0 0
1 0
0 0
0 0
0 0
3 0
19 0
42 0
0 0
1 0
0 0
3 3
1 0
31 0
246 0
524 1
796 2
899 1
892 1
769 1
829 0
822 0
936 0
1115 0
1208 2
1103 7
913 8
742 8
524 8
390 7
118 3
123 0
109 0
8 0
8 0
12 0
35 1
32 1
56 0
6 0
7 0
8 1
10 0
0 0
6 3
2 0
17 2
6 0
3 0
0 0
0 0
0 0
9 6
29 17
121 21
385 3
855 7
1273 13
1405 11
1387 21
1046 20
622 9
266 3
50 0
5 0
10 0
5 1
21 0
27 0
56 0
17 2
32 1
157 0
411 10
762 17
1009 18
791 11
553 9
325 24
428 23
351 13
1243 27
1614 11
1678 0
1306 0
890 0
610 0
94 66
144 61
93 4
17 5
40 0
1 3
56 0
47 0
0 1
0 5
0 0
0 4
3 0
0 6
0 0
0 8
8 0
0 11
0 0
7 0
0 0
8 0
0 0
0 0
0 0
0 0
0 4
0 0
0 0
0 0
0 8
0 0
0 0
0 6
13 0
5 0
65 0
135 0
164 0
236 0
283 7
503 0
648 12
632 9
808 17
709 82
643 412
183 757
193 924
75 873
3 936
23 1011
19 912
39 532
7 371
6 234
262 119
480 32
419 16
383 11
506 9
470 7
139 4
158 6
241 0
170 2
33 4
367 1
318 0
174 7
203 6
245 8
153 0
322 2
426 12
223 11
54 58
267 55
136 104
48 136
135 135
111 181
0 126
31 27
0 2
0 13
0 5
263 0
599 4
561 5
173 0
215 0
754 7
1142 0
1239 1
1659 2
2287 2
2646 5
2750 4
2228 6
1086 2
797 2
243 9
69 12
235 4
209 5
105 4
60 1
78 0
86 10
62 0
0 0
2 0
0 0
11 2
0 0
0 0
0 3
0 0
1 5
0 0
0 0
0 14
0 2
0 0
0 0
0 0
0 0
0 1
0 0
0 0
0 0
0 0
0 0
0 0
0 0
0 0
0 0
0 0
0 0
0 0
0 0
2 2
0 0
0 0
0 4
0 14
0 12
0 10
0 8
0 36
0 34
0 0
0 0
0 0
0 0
0 0
0 0
0 0
0 8
0 0
0 0
0 0
0 2
0 1
0 0
0 0
0 3
0 0
0 0
0 0
0 0
0 0
0 0
0 4
0 2
0 0
0 0
0 0
0 0
0 0
0 0
0 0
4 2
0 1
0 2
86 1
457 13
1090 36
1542 16
1548 1
1473 1
1233 7
878 15
688 7
519 9
368 19
281 7
223 3
199 5
254 9
176 23
63 37
3 30
0 35
0 96
0 315
0 704
0 736
0 550
8 149
102 24
327 16
449 89
686 136
849 287
1318 259
1509 18
1381 181
1220 190
1083 144
680 26
858 113
629 191
351 200
184 90
5 134
69 302
7 330
0 226
4 129
0 156
0 537
0 850
0 1170
2 1163
3 283
0 359
1 599
0 235
0 0
0 275
0 286
0 52
0 16
0 153
1 305
1 533
0 503
0 468
0 221
1 152
3 488
3 879
5 1111
1 945
0 94
0 399
1 393
3 156
1 32
0 52
0 6
0 4
1 88
1 87
1 71
0 84
0 165
3 467
0 500
3 338
3 91
0 234
0 572
0 354
2 395
0 558
0 495
0 500
0 179
0 37
1 53
1 349
0 1102
0 1369
0 1542
0 990
0 507
0 274
1 387
0 124
0 32
0 127
0 11
0 6
0 27
1 42
23 61
63 39
128 1
330 2
416 0
595 5
658 0
757 1
1076 0
1204 0
1138 0
1194 0
1291 6
1408 2
1666 9
1761 5
1786 0
1839 34
1843 3
1723 23
1566 0
1554 0
1493 3
1625 37
1912 26
2229 10
2575 10
2970 23
3321 7
3400 18
3682 18
3572 13
3861 4
3294 0
1785 21
1755 28
2735 1
3623 1
3972 1
2707 8
1021 1
1045 0
1049 2
526 0
1001 0
1800 0
1962 0
952 0
561 0
469 0
240 2
177 27
107 13
84 0
219 0
548 0
479 0
370 0
79 0
0 0
12 0
253 5
427 0
343 0
157 0
17 0
40 0
50 0
58 0
15 0
0 0
13 0
53 0
61 0
56 0
15 0
19 0
0 0
0 0
2 0
15 0
21 0
101 0
123 0
38 0
30 2
81 0
200 0
283 0
299 0
188 0
4 0
10 0
33 0
108 0
111 1
97 1
25 0
10 0
203 0
273 0
238 1
15 0
37 0
72 0
9 0
0 0
3 0
1 0
1 0
4 0
0 0
1 0
3 0
0 0
0 0
0 0
0 0
0 0
0 1
0 10
0 62
0 8
0 0
5 90
0 79
0 1
0 18
0 47
0 3
0 101
7 528
0 1119
0 1794
0 1642
0 1525
0 1254
0 782
2 532
3 252
0 91
1 208
3 292
1 482
2 898
0 801
0 874
0 321
0 519
0 803
0 782
2 712
2 487
1 324
1 180
4 327
0 363
0 559
0 689
1 450
0 291
0 182
4 137
0 23
0 22
0 31
0 9
0 7
0 1
0 2
0 4
0 25
0 4
0 68
0 28
0 0
0 76
0 57
0 23
0 8
0 1
0 1
0 6
0 0
0 0
0 1
0 3
0 0
0 0
0 8
0 3
0 0
0 0
0 7
19 24
37 0
146 3
320 22
616 13
979 3
1236 12
1173 62
947 355
777 806
660 1081
633 1008
515 879
430 879
306 846
177 749
131 870
25 933
1 1062
0 724
0 521
0 578
38 616
58 335
32 257
2 439
0 321
0 361
0 98
0 49
87 75
431 69
896 297
1431 346
2072 308
2768 321
2575 271
1759 157
449 56
545 22
279 24
185 38
172 40
189 32
246 25
504 82
661 131
855 148
756 104
666 46
563 130
325 254
57 235
42 96
16 192
24 118
13 137
56 178
81 23
90 8
117 71
60 38
8 103
3 157
0 33
0 19
0 0
0 0
0 2
0 1
0 3
0 0
15 11
345 1
672 36
737 139
181 15
17 77
17 50
10 2
0 102
0 3
0 1
0 32
2 117
0 59
1 46
0 140
0 54
0 38
0 37
2 55
0 44
0 48
0 11
0 65
0 51
0 9
0 141
0 4
0 17
0 20
0 129
0 131
0 17
0 175
0 102
0 26
3 152
4 628
5 1456
3 1608
6 1014
3 858
4 907
0 992
21 770
5 709
6 813
2 382
1 126
0 81
5 63
0 0
0 18
0 60
0 27
1 10
0 0
0 0
0 4
0 3
2 5
0 9
0 0
0 0
0 1
0 3
0 0
0 0
1 1
0 2
0 0
0 0
0 3
0 1
1 18
112 0
415 9
1038 2
1770 30
2549 0
2327 4
2857 2
3193 2
3167 16
2536 10
2149 27
1369 42
888 46
691 22
636 31
607 11
717 27
913 22
1220 20
766 24
970 31
616 31
413 15
582 25
792 12
794 15
627 9
954 4
862 15
767 26
1499 35
1578 30
1733 17
2563 21
3444 10
3869 6
3906 3
4132 4
3820 7
2989 6
1931 5
707 3
418 0
271 1
212 0
4 1
65 0
71 4
0 0
359 5
1082 4
1392 5
1164 1
732 14
537 2
514 3
517 6
633 4
671 5
549 3
494 2
356 0
164 0
655 0
1155 0
1265 2
996 2
627 1
533 1
692 2
1171 2
1213 7
923 6
525 3
574 0
213 0
83 0
13 1
33 2
7 0
2 0
1 0
7 0
0 0
7 0
0 0
0 0
0 0
0 0
0 0
6 0
123 2
171 3
205 4
147 5
74 8
86 8
152 1
90 0
38 0
65 0
89 0
50 0
87 21
34 9
116 9
93 7
57 3
55 0
50 1
4 0
2 0
0 0
0 0
0 0
20 0
15 0
14 0
15 2
0 0
0 0
2 0
3 0
0 1
0 0
0 2
0 0
0 0
0 10
0 0
5 5
0 0
0 3
0 17
0 50
1 15
0 0
0 6
0 0
0 0
0 2
0 8
0 2
0 2
0 0
0 5
0 0
0 5
0 0
0 8
1 0
0 0
0 34
0 56
0 0
0 0
0 3
0 0
0 0
0 4
0 0
0 0
9 0
5 0
0 0
0 0
0 0
0 0
0 0
0 0
0 0
0 1
179 0
541 0
616 0
524 0
293 0
482 0
612 6
759 0
798 0
822 0
976 0
1112 0
968 0
382 0
8 0
0 0
22 0
168 0
98 0
17 0
11 0
2 0
2 0
0 0
5 0
15 0
41 0
132 0
146 0
248 0
232 0
81 0
0 0
13 0
0 0
0 6
1 22
15 6
3 0
1 0
0 0
0 0
4 0
0 0
0 2
1 0
7 0
12 0
0 0
4 0
34 23
172 138
206 148
449 8
881 3
1357 26
1709 25
1602 3
1592 2
1038 4
960 8
897 10
527 3
381 7
317 5
84 11
167 2
233 11
164 9
315 4
202 0
146 2
198 1
234 1
442 3
189 1
106 0
78 1
131 10
333 5
376 34
324 94
473 22
818 49
1265 15
1548 10
1789 8
2002 6
1676 8
969 5
525 3
159 0
171 1
54 0
64 20
47 3
4 0
0 0
0 2
1 44
0 101
0 66
0 26
0 11
0 28
0 107
1 85
0 40
2 23
1 45
1 30
1 89
0 456
0 906
1 843
1 710
3 856
3 1041
3 826
2 729
0 663
0 541
0 711
0 1107
2 990
1 254
1 366
0 703
0 518
0 108
0 3
1 23
0 0
0 47
0 11
0 22
0 13
0 0
0 70
0 19
0 13
0 86
0 9
2 50
0 8
0 15
2 46
0 62
1 13
0 63
0 8
0 0
0 5
0 2
0 0
0 0
0 7
0 31
0 43
0 4
0 16
0 3
0 0
0 3
0 0
0 1
0 0
0 8
0 16
0 10
0 6
0 14
78 13
264 14
359 1
443 0
520 3
564 0
545 11
570 0
885 0
1369 13
1919 2
2414 3
3244 3
3029 4
2575 11
2084 26
1743 1
1458 0
1170 0
1280 16
850 4
483 0
498 3
304 5
126 3
258 0
942 0
1381 69
1537 0
901 113
887 57
664 27
1460 2
1417 1
463 2
1396 0
218 0
1428 0
1083 0
480 0
990 0
535 0
1065 0
104 0
792 0
78 0
875 0
610 0
658 0
836 0
482 0
1063 0
699 0
719 0
976 0
1185 0
1688 1
2173 2
2414 1
1683 5
922 0
435 0
563 0
329 0
232 0
116 0
35 0
8 0
0 0
0 0
0 0
0 0
0 0
0 0
0 0
0 0
0 2
0 121
2 394
2 487
2 308
3 97
4 177
3 207
2 224
0 160
2 166
2 127
3 52
3 17
3 18
3 17
3 14
2 13
0 3
0 0
0 0
0 0
0 2
2 1
0 0
0 6
0 0
0 0
0 0
0 1
0 0
0 0
0 0
0 1
0 0
0 0
0 66
0 401
0 979
2 892
0 784
1 657
1 704
3 650
3 557
3 421
4 310
2 235
2 80
1 364
1 424
0 317
0 47
0 144
0 182
0 166
0 188
0 247
0 406
0 471
0 533
0 467
0 288
0 98
0 44
0 3
0 0
0 0
0 1
0 49
0 257
0 504
0 702
0 826
0 871
0 917
0 1087
0 1455
0 1291
0 1173
0 924
0 378
0 459
0 1280
0 1443
0 1595
0 1029
0 763
0 399
0 577
0 517
0 181
0 11
0 168
0 206
0 12
0 7
0 0
0 0
0 0
0 2
0 0
0 1
0 0
0 0
0 0
0 0
0 0
0 11
0 0
0 15
0 20
0 79
0 104
0 147
0 179
0 159
0 180
0 296
0 442
0 635
0 838
0 935
0 910
0 743
0 613
0 350
0 152
0 63
0 88
9 77
76 66
130 56
351 143
665 48
1022 129
891 175
772 299
595 231
247 31
367 0
501 4
574 0
625 8
680 0
740 0
682 2
673 0
713 2
480 0
154 0
84 0
3 0
278 0
35 0
17 0
0 0
18 1
6 2
0 0
44 1
186 1
183 18
149 6
12 1
0 0
0 1
43 0
95 5
11 0
126 3
158 0
98 6
268 6
92 185
8 177
16 0
75 2
99 77
10 357
0 838
0 1030
0 1076
0 1088
0 886
0 960
0 943
0 936
0 819
0 652
0 648
0 632
1 1067
0 712
0 213
0 221
0 532
12 258
59 0
46 20
31 1
33 0
20 1
2 0
0 27
7 0
0 6
14 45
13 66
9 3
32 13
90 30
167 27
159 16
87 17
19 24
0 0
0 6
0 3
15 0
25 0
33 9
84 3
214 0
465 1
779 1
1205 2
1599 12
1930 1
1923 2
2060 3
2289 6
2454 1
2479 1
1493 0
1181 0
1870 0
2754 18
2548 49
1013 7
2422 12
2943 29
2236 20
881 0
1886 4
2403 18
2503 0
1738 0
1775 4
2500 0
2143 0
1545 0
1360 0
1546 11
1463 4
2044 0
2253 0
1852 0
1595 26
2339 0
2599 4
2430 17
2134 1
1396 3
925 7
1187 1
1396 0
1356 0
1331 0
1109 0
862 0
775 0
1049 0
1081 1
991 1
1063 0
1521 0
1540 1
1691 1
1801 1
2222 0
2408 5
2689 4
3363 12
2943 5
2305 2
2220 0
1894 2
606 3
636 2
868 3
1041 3
1168 5
1109 2
1044 4
1104 3
1313 3
1381 18
864 36
514 1
1031 2
1614 6
1563 1
1467 0
1301 0
1187 0
1202 6
1444 0
1842 7
2063 0
1772 13
1977 29
2285 0
2409 0
2802 2
2214 0
1606 3
1532 13
1610 3
1338 3
1019 4
642 2
255 0
499 6
834 9
708 8
459 2
122 0
112 2
234 2
202 0
88 0
12 0
77 4
26 0
81 3
9 0
1 13
0 114
1 109
4 83
6 76
2 69
0 26
0 33
0 0
0 5
5 0
1 22
2 3
3 4
1 23
0 1
0 14
0 11
3 218
6 723
2 1298
1 1460
8 904
0 947
0 780
0 791
0 597
0 595
0 530
0 435
0 380
0 418
0 553
0 563
0 628
0 852
0 702
0 707
0 655
0 771
0 893
0 978
0 987
0 749
0 278
0 459
0 331
0 33
0 1
0 0
0 107
2 89
127 76
317 157
653 118
973 3
985 0
551 14
160 4
46 9
15 9
39 0
89 0
39 0
4 1
0 0
0 0
0 1
0 0
39 0
59 0
10 11
580 9
1423 60
776 39
463 20
517 12
135 10
329 21
553 55
459 36
59 2
43 12
22 0
1 0
15 0
0 0
0 0
0 0
0 1
0 0
0 2
0 0
0 0
0 0
0 0
1 1
0 0
0 0
0 0
0 0
0 5
0 16
0 101
0 206
0 566
0 718
0 742
0 719
0 758
0 906
0 874
0 648
0 474
0 1015
2 1008
0 312
0 173
0 124
0 130
0 6
0 31
0 3
0 20
0 1
0 19
0 72
0 56
0 22
0 35
0 14
0 0
0 0
0 4
0 99
0 155
21 183
286 94
805 0
1604 0
2272 13
2828 35
2804 83
2106 212
1245 413
749 773
466 971
271 1185
138 956
87 757
30 396
3 632
5 750
2 936
0 1006
0 887
0 473
0 118
0 197
2 264
0 25
1 91
0 73
1 47
0 53
1 47
0 65
138 47
484 23
647 19
936 23
1608 89
2245 16
2828 15
3032 5
2437 0
1994 0
1446 0
1111 0
1007 0
548 0
102 13
91 62
209 78
252 96
256 179
209 93
125 3
184 9
81 9
39 2
16 0
0 4
0 3
4 5
0 4
0 8
0 0
0 10
96 3
550 27
1064 0
1829 0
2659 0
2653 0
2787 0
2719 0
2277 0
1916 0
1502 1
1061 0
842 0
583 0
351 0
153 0
70 0
80 0
92 0
112 2
90 4
78 0
68 3
65 0
83 0
142 3
98 1
100 5
145 0
125 0
55 0
173 0
142 0
117 0
63 0
85 0
165 0
152 0
159 0
193 0
152 0
75 0
97 0
24 0
22 0
6 0
5 0
6 2
0 0
0 0
0 0
0 0
0 0
0 0
0 0
0 0
2 0
0 0
0 0
25 0
63 0
30 0
13 0
1 0
3 0
27 0
35 0
117 0
275 1
318 1
461 24
586 19
636 112
527 125
576 163
505 255
416 277
506 387
450 624
463 755
453 625
435 335
325 385
218 613
250 674
228 695
270 699
183 740
87 632
146 691
332 206
449 68
594 100
725 631
629 545
589 10
505 33
369 18
208 0
185 2
159 0
283 1
322 0
359 13
253 0
220 0
180 5
135 0
49 3
41 0
14 1
6 0
32 0
0 0
26 0
10 0
8 0
4 0
0 0
66 0
93 0
520 1
1219 4
1717 4
2309 2
2654 14
3009 124
2916 179
2583 166
2359 158
2584 219
2526 174
2113 145
2774 154
3801 27
4787 26
5724 6
5958 6
5853 10
5839 17
6027 9
5374 96
2338 178
3158 181
1556 179
1795 153
1510 58
381 3
478 0
62 0
176 0
16 0
23 0
6 0
21 2
20 33
150 45
173 3
531 0
673 0
609 0
498 0
372 0
256 1
287 0
298 0
114 0
543 0
626 0
213 0
18 0
2 0
34 2
54 0
89 0
76 0
15 1
6 0
0 0
0 8
6 65
1 111
0 186
34 97
85 16
92 104
6 77
92 101
146 66
122 70
217 90
469 87
59 59
23 98
31 106
259 125
501 123
808 97
948 2
794 11
506 29
231 8
233 1
186 23
299 30
309 15
131 16
70 49
213 0
189 5
159 36
90 21
10 19
0 57
19 0
10 0
46 10
4 46
3 6
7 0
1 0
14 5
55 2
66 0
201 15
238 0
265 0
440 9
836 18
1141 5
1492 4
1688 4
1792 2
1621 9
1896 10
1918 15
2186 47
1771 32
1658 0
1310 0
1143 29
1444 4
1856 0
2411 19
2998 0
3783 0
3911 7
4011 6
3308 0
2232 15
1429 0
1572 12
977 1
424 0
479 2
620 2
230 15
146 0
463 0
325 0
81 0
5 0
257 7
667 0
743 3
860 14
931 7
802 31
500 12
926 0
886 4
998 13
779 14
294 0
153 7
89 5
268 0
316 4
229 4
180 0
193 1
126 1
14 3
4 0
0 10
0 0
47 0
427 5
869 11
1038 15
719 28
1413 30
2627 18
3262 1
2287 0
954 1
556 9
344 1
163 1
174 0
161 0
192 6
114 0
46 29
127 13
120 0
44 1
13 0
43 4
0 10
0 35
42 0
96 7
13 37
29 19
2 3
0 0
0 23
18 26
16 0
2 4
0 2
0 14
0 0
29 1
296 1
165 0
817 0
1312 5
1245 3
821 1
813 19
415 7
565 0
433 7
311 0
115 0
83 0
101 0
108 1
258 0
325 0
339 0
485 0
698 6
1733 0
2138 0
2380 1
1780 0
586 5
958 0
901 0
1184 0
804 0
591 0
264 0
82 0
291 0
407 11
229 35
49 0
111 0
177 15
106 47
9 14
0 0
5 0
1 12
17 14
5 157
4 327
24 397
26 343
44 121
365 32
937 37
1626 5
2226 8
2688 10
3049 19
2116 1
1708 6
667 5
656 5
725 13
1256 0
1231 7
1770 2
2183 2
2552 35
2640 58
2432 41
1939 1
1044 4
310 30
441 41
482 24
446 11
898 0
1542 9
2117 0
2498 10
2790 0
2897 2
3096 46
1999 18
1618 3
2474 0
3169 20
3537 36
3296 3
2139 1
121 6
671 3
988 2
956 6
802 6
716 6
489 3
277 1
169 1
28 0
230 7
334 5
413 0
463 3
516 5
450 6
257 2
206 0
244 1
120 0
154 1
373 0
823 26
963 295
699 943
602 1108
383 1083
142 1039
55 899
13 956
63 1119
151 1131
162 1175
112 682
451 429
844 109
741 119
242 142
198 473
102 616
10 121
11 182
10 101
6 9
7 65
29 22
37 16
2 0
5 0
0 0
20 10
220 106
60 0
1 36
0 0
2 0
4 19
0 0
0 4
4 0
0 4
0 0
0 0
0 0
3 0
0 0
0 0
0 0
0 0
0 0
0 0
0 0
0 0
0 0
0 0
0 0
0 0
0 0
0 0
0 0
1 0
0 0
0 0
0 0
0 0
0 0
0 0
0 0
0 0
0 0
0 2
0 14
0 2
0 4
0 5
1 0
11 0
0 5
0 38
1 8
0 0
4 0
0 0
0 8
0 2
0 1
0 0
0 0
0 0
0 4
2 16
0 0
0 0
0 11
0 41
0 0
0 1
0 4
3 1
22 0
32 0
0 0
17 6
0 8
2 4
0 0
0 6
0 0
0 0
0 0
0 22
0 41
0 9
0 72
0 50
5 28
0 0
2 0
0 0
0 0
0 0
0 0
0 0
0 2
1 4
6 9
0 0
0 0
2 4
0 0
0 0
0 0
0 1
0 1
0 0
2 0
7 1
3 1
0 0
0 0
0 3
1 0
2 0
379 10
992 15
966 6
434 4
197 0
22 0
69 0
327 4
627 5
783 8
395 4
91 1
31 0
0 0
0 0
0 0
2 0
2 0
0 0
0 0
0 0
0 9
0 3
0 0
19 1
11 3
0 0
1 0
0 0
0 0
0 0
38 0
27 0
28 0
67 0
230 0
291 0
194 0
332 1
1060 0
1447 0
1666 0
1415 0
931 2
652 2
191 1
345 0
440 4
634 0
922 0
1329 3
2080 3
2241 0
2059 0
1043 0
754 0
554 0
807 0
871 0
633 0
349 0
422 0
224 0
188 0
584 0
927 1
1334 0
1458 0
2284 0
2243 0
2323 0
3008 1
2996 2
1997 1
1783 3
1815 2
1627 0
1465 0
1542 1
2038 2
1826 2
1654 1
1667 0
1133 0
998 0
1424 0
1486 0
1359 0
1005 0
912 0
776 0
808 0
822 0
877 0
747 0
342 0
428 0
538 0
732 0
1316 0
1752 0
2090 0
1685 0
832 0
821 0
853 0
784 0
1199 0
1136 1
630 0
561 1
477 1
300 1
164 0
77 0
0 0
2 0
0 0
0 0
0 0
0 0
17 0
30 0
0 0
0 0
0 0
5 1
14 2
33 0
139 4
502 7
921 0
1152 0
1257 0
1166 0
974 0
376 0
272 0
909 0
1055 0
922 2
577 1
468 0
629 4
1278 0
1339 0
1560 0
1225 0
1213 0
1004 0
604 0
794 0
797 0
1148 0
1325 0
1145 0
1253 0
1460 1
1688 2
1095 2
789 1
262 0
204 0
278 1
202 0
0 0
105 0
106 0
60 0
168 0
173 0
79 0
0 0
0 0
0 0
7 0
1 0
0 0
0 0
0 0
0 0
0 0
0 0
0 0
0 0
0 0
0 0
0 0
0 0
0 3
0 29
0 54
0 41
127 19
528 42
898 121
1391 24
1709 38
1804 5
2178 0
2239 0
948 1
1365 0
866 3
175 4
879 0
504 0
268 0
623 0
1498 0
2367 0
3052 0
2928 0
2335 0
1069 0
481 0
207 1
233 0
106 0
13 0
8 0
0 0
0 1
0 0
0 0
0 0
0 0
0 0
0 0
0 0
0 0
0 0
0 0
0 0
0 0
0 0
0 1
0 6
0 1
0 0
3 4
2 0
0 0
2 5
0 226
0 568
0 827
0 1049
0 801
47 977
29 1014
7 862
3 529
1 423
0 514
0 428
0 352
0 185
1 106
0 8
0 4
0 0
0 1
0 4
0 18
0 4
0 13
0 0
0 0
0 0
0 2
0 3
0 2
1 0
7 0
0 0
0 0
0 0
4 0
0 12
3 19
0 0
0 0
0 0
0 0
0 0
0 0
0 0
2 0
0 0
0 0
0 0
0 0
0 0
0 0
0 0
3 0
0 0
0 0
5 0
1 0
0 0
0 0
0 0
0 0
0 0
0 0
0 0
0 0
0 0
0 0
0 0
0 0
0 0
0 0
0 0
0 0
0 0
0 0
0 0
0 0
0 0
0 0
0 0
0 0
0 0
0 0
0 0
9 0
58 1
585 2
1947 1
2850 2
2915 1
2231 0
1520 0
1345 0
296 2
1110 0
149 0
696 1
649 0
399 0
114 0
22 0
0 0
8 0
1 1
0 0
0 0
0 0
0 0
101 0
246 0
413 0
611 0
719 0
844 0
471 0
750 0
1036 0
1025 0
952 0
571 0
719 0
1163 0
1678 0
1695 0
1484 0
141 0
272 0
3 0
18 4
0 0
0 2
3 10
33 36
156 89
258 111
269 162
83 264
3 273
50 299
225 424
337 456
249 485
79 559
35 825
19 809
3 853
0 824
2 738
0 681
0 544
6 626
0 353
0 28
5 23
0 2
0 3
0 0
0 0
0 0
1 0
6 0
0 0
0 0
0 0
4 0
0 0
0 0
2 0
9 0
1 0
0 0
0 0
17 0
0 0
0 0
0 0
10 0
0 0
0 0
0 0
0 0
0 0
0 0
0 0
2 0
0 0
0 0
0 0
0 0
0 0
12 1
113 0
195 0
101 0
58 0
183 0
146 1
42 0
0 0
102 6
424 11
564 15
392 11
139 4
2 0
43 5
407 15
631 8
593 3
329 1
20 4
5 0
0 0
11 1
0 0
0 0
23 0
60 0
31 1
10 0
0 0
2 0
1 0
0 0
0 0
0 0
0 0
0 0
0 6
0 0
0 0
0 0
0 0
0 0
0 0
0 0
0 0
0 0
0 0
0 0
0 0
0 0
0 0
0 0
0 0
0 0
0 0
0 0
0 1
0 0
0 0
0 0
0 8
0 13
0 0
0 7
0 3
0 2
0 4
0 1
0 4
0 0
0 0
0 0
0 0
0 0
0 1
0 0
0 0
0 0
0 0
0 0
0 0
0 0
0 0
0 0
0 0
0 0
0 1
0 0
0 0
0 0
0 0
0 0
0 0
0 3
0 0
0 3
0 2
0 8
0 3
0 7
0 3
0 0
0 2
0 0
0 0
0 0
0 0
0 0
0 1
0 0
0 0
0 0
0 0
0 17
0 1
0 0
0 0
0 0
0 0
0 0
0 0
0 0
0 0
0 0
0 0
0 5
0 8
0 0
0 0
0 0
0 0
0 0
0 0
0 0
0 0
0 0
0 6
0 4
0 7
0 0
0 0
0 6
0 2
0 4
0 0
0 1
0 0
0 0
0 0
0 6
0 10
0 8
0 5
0 0
0 5
0 0
0 0
0 0
0 0
0 0
0 0
15 3
0 0
2 0
0 0
0 9
0 0
0 0
0 0
0 0
0 0
0 0
0 0
0 5
0 6
0 0
0 0
0 0
0 0
0 0
0 0
0 0
0 0
0 9
0 75
0 16
0 46
0 3
0 0
0 0
0 0
0 0
0 1
0 0
0 0
0 0
0 0
0 0
0 7
0 0
0 3
0 0
0 2
0 0
0 2
0 2
0 0
0 4
0 1
0 0
0 0
0 11
0 3
0 2
0 0
0 0
0 1
0 6
0 3
0 0
0 3
0 0
0 0
0 0
0 0
0 0
0 0
0 2
0 4
0 113
0 7
0 0
0 0
0 0
0 98
0 7
0 3
0 0
0 0
0 0
0 0
0 0
0 0
0 0
0 0
0 0
0 0
0 0
0 0
0 0
0 0
0 48
0 41
0 0
0 3
0 0
0 2
0 0
0 0
0 0
0 1
0 2
0 0
0 0
0 2
0 0
0 1
0 2
0 0
0 0
0 0
0 0
0 0
0 0
0 0
0 0
0 0
0 0
0 0
0 0
0 0
0 0
0 0
0 0
2 0
0 0
0 2
0 0
0 0
0 0
0 0
0 0
0 378
0 351
0 148
0 7
0 43
0 21
0 1
0 41
0 8
0 8
0 2
0 4
0 3
0 17
0 60
0 118
0 196
0 339
0 210
0 58
0 16
0 66
0 15
0 0
0 0
0 3
0 11
0 11
0 16
0 8
0 1
0 7
0 5
0 48
0 121
0 2
0 0
0 9
0 2
0 2
0 0
0 0
0 0
0 0
0 3
0 34
2 228
5 408
7 455
3 5
1 4
0 57
0 4
0 37
0 234
0 353
0 236
0 41
4 11
0 0
0 0
0 5
0 21
1 187
2 361
0 383
0 387
0 257
0 7
0 78
0 5
0 0
0 0
0 0
0 16
0 21
0 8
0 131
0 74
0 8
0 2
0 0
0 0
0 4
0 20
1 13
0 2
0 3
0 0
0 2
0 8
0 285
0 678
0 819
0 876
0 976
0 1196
0 1171
0 952
0 784
0 704
0 482
0 474
0 580
0 510
0 400
0 224
0 58
0 28
0 119
1 70
1 55
0 0
0 0
0 0
0 1
0 10
0 28
3 88
0 172
0 4
0 16
0 0
0 0
0 30
0 136
0 111
0 42
0 28
0 0
0 0
0 6
1 76
0 12
0 257
1 789
0 1007
0 1081
6 835
8 608
7 367
7 171
0 31
0 0
3 38
3 115
5 144
4 168
3 99
8 198
8 388
4 464
0 742
0 924
0 1029
5 977
7 618
1 452
0 409
0 419
0 405
0 254
0 362
0 351
0 460
0 585
0 697
0 729
0 292
0 82
0 22
0 47
0 28
0 3
0 8
0 0
0 0
0 0
0 0
0 0
0 0
0 0
0 0
0 0
0 0
0 0
0 10
0 11
0 2
0 0
0 1
0 0
0 0
0 0
0 18
0 0
0 0
0 0
0 0
0 0
0 0
0 0
0 0
0 0
0 0
0 0
0 0
0 0
0 0
0 0
0 0
0 0
0 0
0 0
0 0
0 0
0 0
0 0
0 0
0 0
0 0
0 0
0 0
8 0
148 0
298 0
420 0
670 0
868 0
1179 0
1533 0
1595 1
1293 10
1057 15
720 6
715 3
670 1
497 2
425 2
330 1
230 1
200 0
150 0
131 0
85 0
2 0
0 0
0 0
14 0
0 0
0 0
30 0
58 0
36 0
6 0
0 0
90 1
195 0
298 1
323 1
293 3
249 2
239 2
134 2
0 0
26 2
141 0
155 1
129 1
43 2
0 0
0 0
0 0
9 0
19 0
37 0
78 0
48 0
22 0
0 0
0 0
0 0
0 0
5 0
12 0
45 0
46 0
0 0
0 5
1 0
11 0
67 0
122 1
114 1
88 0
62 0
118 2
25 0
4 0
25 19
74 1
45 8
0 1
0 4
3 11
26 0
24 0
28 30
0 83
0 17
0 12
0 47
0 46
0 0
0 9
0 8
0 0
0 4
0 0
6 7
2 0
0 0
1 0
0 0
0 0
93 0
265 2
429 2
582 2
744 3
916 3
1234 17
1568 15
2042 13
1869 1
1799 1
1274 0
901 0
1080 0
768 0
847 0
911 0
1036 7
904 6
703 6
666 6
588 2
548 3
668 7
588 4
391 5
272 3
157 2
74 0
42 1
25 4
4 7
22 0
87 2
47 4
49 0
42 0
31 0
17 3
0 0
0 4
19 0
166 3
385 4
628 10
985 5
1426 4
1695 0
1406 0
973 0
648 1
447 5
347 5
104 0
215 0
46 0
29 38
59 1
73 2
104 0
130 0
78 10
57 8
22 0
5 0
0 0
1 0
0 0
2 0
0 13
0 9
0 8
0 1
0 0
0 0
0 0
0 0
0 0
0 0
0 0
0 0
65 0
198 0
539 4
847 3
1091 15
830 2
468 8
103 9
183 7
303 0
431 1
423 0
121 17
108 101
65 24
32 39
7 4
3 4
5 0
4 0
7 0
18 0
98 38
315 80
443 157
542 71
814 0
828 23
953 63
874 45
763 0
654 20
358 120
165 22
6 0
114 44
187 35
151 0
60 63
0 58
38 4
21 0
2 0
18 0
86 7
78 32
35 8
55 0
35 0
9 0
6 0
48 0
192 22
354 51
472 0
594 0
696 0
688 0
583 0
421 0
350 0
219 0
210 0
443 1
764 0
1000 0
1026 0
779 0
489 0
251 2
318 0
49 5
143 0
26 0
49 0
40 0
27 0
20 0
53 0
26 0
11 0
1 0
0 0
0 0
6 0
72 0
96 0
53 0
143 0
164 0
34 0
2 0
19 0
0 0
1 0
17 0
31 0
98 0
155 0
176 0
76 0
51 0
150 0
164 0
5 0
0 0
0 0
0 0
1 0
0 0
0 0
0 0
0 0
0 0
0 0
0 0
0 0
0 0
0 0
0 0
5 1
0 0
4 0
0 0
18 4
2 4
6 24
2 23
9 20
25 2
0 9
0 2
1 2
0 1
0 0
0 0
0 1
0 0
0 1
0 5
0 16
0 0
0 0
0 0
0 0
0 0
0 0
0 0
0 0
0 0
0 0
0 0
0 0
0 0
0 0
0 0
0 0
0 0
0 0
0 0
0 0
0 0
0 0
1 1
0 0
0 0
0 0
0 0
0 0
0 0
0 0
0 0
0 0
0 0
0 0
0 0
0 0
0 0
0 0
0 0
0 0
0 0
0 0
0 0
0 0
0 0
0 0
0 0
0 1
0 0
0 0
0 0
0 0
0 0
152 0
766 0
2280 0
3630 1
3920 1
3830 1
3193 14
2256 20
1731 26
1214 12
839 7
771 11
1153 17
1887 21
2636 21
3777 16
4399 0
4656 0
3521 0
2648 0
1102 0
490 0
504 0
515 0
105 0
491 0
1194 0
2222 0
2839 0
2468 0
2280 0
1977 10
1200 5
714 13
499 6
168 5
111 5
310 1
274 0
93 0
19 1
34 4
64 3
77 2
63 9
0 0
0 0
0 0
0 0
0 0
0 0
0 0
0 0
0 0
0 0
0 0
0 0
0 0
0 0
0 0
0 0
0 0
0 0
0 0
0 0
0 0
0 0
1 0
1 0
2 3
0 0
2 0
0 0
0 0
0 0
0 0
0 0
0 0
100 4
318 10
721 16
1350 21
1478 5
1139 7
371 2
53 1
11 0
72 0
106 2
21 3
1 0
0 0
1 0
15 0
4 1
0 0
5 0
0 0
0 0
1 2
2 0
7 0
1 0
0 0
0 5
0 0
0 0
56 2
33 4
2 0
0 0
121 2
775 10
770 16
395 14
211 27
173 53
31 33
0 18
1 40
0 1
34 5
12 1
0 1
0 0
0 2
15 4
28 9
58 3
11 1
20 17
26 3
4 0
0 0
0 0
0 0
0 0
0 0
0 0
0 0
0 0
0 0
0 0
0 0
0 3
0 0
0 0
0 0
0 0
0 0
0 0
0 0
0 0
0 0
0 0
0 0
0 0
0 0
0 0
0 0
0 0
0 0
0 0
0 0
0 0
0 0
0 0
0 0
0 0
0 4
0 0
0 0
8 0
0 0
0 0
0 0
0 0
0 0
0 0
0 0
0 0
0 0
0 0
2 0
0 0
0 0
17 0
13 3
102 1
33 0
153 11
197 14
228 12
69 7
138 14
80 6
31 4
2 2
2 0
0 0
0 0
0 0
0 0
0 0
12 6
13 4
28 6
22 5
10 5
1 0
0 0
0 0
0 0
0 0
0 0
0 0
0 0
1 0
0 0
1 1
22 5
185 16
457 10
701 20
965 23
1116 19
1044 15
831 7
724 1
577 0
372 4
167 3
17 0
10 0
0 0
0 0
0 0
0 0
4 0
11 0
24 0
18 0
3 0
0 0
0 0
0 0
0 0
0 0
0 0
0 0
0 0
0 0
0 0
0 0
0 0
0 0
3 0
0 0
0 0
0 0
0 0
0 0
0 0
0 0
10 0
293 0
573 2
858 7
1164 3
1522 6
1796 25
2429 35
3734 22
4480 9
3962 0
1928 3
816 0
719 0
358 6
461 0
26 1
62 0
0 0
0 0
2 0
0 0
0 0
0 0
0 0
0 0
0 0
0 0
0 0
0 0
0 0
0 0
0 0
0 0
0 7
0 3
0 0
0 7
0 0
0 0
0 0
0 0
0 0
0 0
0 2
0 31
0 36
0 62
0 26
0 34
0 6
0 10
0 11
0 1
0 0
0 0
0 0
0 0
0 0
0 0
0 3
0 0
0 0
0 0
0 0
0 0
0 0
0 0
0 0
0 0
0 0
0 0
0 3
0 0
0 0
0 0
0 0
0 0
0 0
0 0
0 12
0 0
0 0
0 0
0 14
0 2
0 0
0 2
0 15
0 0
0 0
0 0
0 0
0 0
0 0
0 0
0 0
104 0
1201 0
3381 0
4221 6
3531 58
2248 48
1226 60
486 74
431 95
477 46
377 67
582 62
867 63
576 85
335 25
734 8
1565 14
2441 19
3242 17
3520 0
2685 0
1109 2
553 0
254 0
313 0
46 9
4 2
0 7
13 0
0 6
0 3
0 0
0 0
0 1
0 0
0 0
0 0
0 0
0 0
0 0
0 0
2 0
12 0
23 0
162 2
532 10
580 4
476 5
860 9
878 5
882 2
408 1
603 2
513 0
152 0
251 0
235 0
209 0
281 1
222 0
339 1
324 0
386 0
439 0
487 0
438 0
362 0
162 2
74 3
67 2
198 3
161 1
224 1
382 2
408 0
382 0
313 2
100 0
4 0
30 0
169 0
230 0
40 0
48 4
46 0
119 0
105 0
67 1
65 0
5 0
1 0
3 0
0 0
3 0
6 0
14 0
0 0
1 0
0 0
0 0
14 0
10 0
12 0
2 0
4 0
0 0
2 0
0 0
5 0
10 0
138 0
118 0
46 0
25 0
1 0
0 0
0 0
0 0
0 0
0 0
0 0
15 0
0 0
43 0
137 0
128 0
119 0
38 0
35 0
30 0
35 0
59 0
36 0
45 2
30 0
50 0
53 0
29 0
37 0
55 0
66 0
2 0
4 0
0 0
103 0
189 0
365 1
440 3
249 0
87 0
18 2
9 17
24 37
25 21
12 3
0 5
5 8
12 0
7 3
0 0
0 0
0 0
0 0
0 0
0 0
0 0
0 0
0 0
0 0
0 0
0 0
0 0
0 0
0 0
0 0
0 0
0 0
0 0
0 0
0 0
0 0
0 0
0 0
0 3
0 0
0 0
0 0
0 0
0 0
0 0
0 0
0 0
0 0
0 0
0 0
0 0
0 0
0 0
0 0
0 0
0 0
0 0
0 0
0 0
0 0
0 0
0 0
0 2
0 0
0 0
0 0
0 0
0 0
0 1
0 0
0 0
0 0
0 0
0 0
0 0
0 0
0 0
0 0
0 0
0 0
0 0
0 0
0 0
0 0
0 0
0 0
0 0
0 0
1 1
0 0
0 0
0 3
0 9
0 0
0 0
0 0
0 0
0 0
0 16
0 376
1 478
4 632
6 658
7 821
10 1491
15 2253
20 2913
15 3218
19 3429
12 3437
15 3031
14 1869
10 555
5 503
8 863
9 1400
5 1713
8 1660
11 1620
8 1486
10 1455
13 1404
8 1558
14 1690
9 1552
12 1177
12 648
11 296
5 243
4 186
6 226
4 101
0 28
0 0
0 6
0 19
0 49
0 69
4 173
2 138
3 128
2 31
0 92
0 234
2 268
6 296
6 459
6 274
3 306
2 506
0 273
0 59
0 202
0 18
0 51
2 214
3 288
3 319
0 150
0 74
0 20
0 105
1 295
3 467
0 420
0 410
1 330
0 200
3 510
4 622
0 766
0 1187
0 1613
1 1518
0 1430
12 1062
3 794
0 490
8 286
41 184
19 248
0 231
1 160
0 142
12 270
7 297
10 131
13 156
1 284
0 236
0 181
0 24
0 46
8 144
12 116
80 107
115 86
226 164
73 110
0 148
0 122
35 29
104 3
5 22
0 36
0 55
0 32
0 22
0 21
0 7
0 11
0 12
0 7
0 1
0 0
0 18
0 11
0 6
0 11
0 8
109 0
526 10
756 7
589 3
318 1
46 1
0 9
24 13
0 0
0 0
0 2
0 0
0 0
0 0
0 2
0 17
0 5
0 0
0 10
0 2
0 0
0 0
0 0
0 3
0 6
0 2
0 5
0 8
0 0
0 13
0 18
0 18
0 2
0 5
0 10
0 0
0 1
0 42
0 74
0 78
0 26
0 3
0 2
0 67
0 146
0 181
0 199
0 217
0 240
0 62
0 73
0 65
0 85
0 103
0 15
0 0
0 1
0 1
0 2
0 0
0 0
0 0
0 0
0 0
72 1
218 6
328 10
403 20
230 6
76 2
7 3
0 0
6 0
0 0
0 0
0 0
0 0
0 0
0 0
0 0
0 0
0 0
0 0
0 0
6 0
23 0
88 0
176 0
74 0
0 0
0 0
0 0
0 0
0 0
0 0
0 0
0 0
0 0
0 0
0 0
0 0
0 0
0 0
0 0
0 0
0 0
0 0
0 0
0 0
0 0
0 0
0 0
0 0
0 0
0 27
0 62
0 164
0 220
0 174
0 26
0 16
0 1
0 0
0 0
0 1
0 3
0 16
0 60
0 153
0 135
0 59
0 8
5 43
46 224
39 485
0 812
0 742
0 351
0 41
1 214
11 462
38 386
127 397
277 264
341 51
550 66
712 209
949 209
1048 86
1068 67
969 5
988 10
854 1
628 2
447 24
381 19
487 23
589 6
623 4
598 3
433 5
112 2
266 15
335 2
291 11
284 2
490 0
564 0
361 0
214 0
105 0
213 2
125 0
167 0
257 0
339 0
475 0
729 0
1262 0
1100 2
760 1
1012 0
1248 7
552 1
456 0
523 0
148 0
27 0
16 0
86 0
67 0
149 0
530 0
864 1
609 0
510 0
665 0
313 0
84 0
262 1
467 0
624 0
683 0
1012 0
1708 0
2014 0
1771 0
1154 0
1043 0
1275 2
1368 10
1312 1
1440 0
1122 0
677 0
1302 0
2023 0
1998 0
686 0
656 0
466 0
358 0
370 0
692 0
834 0
1886 0
1898 0
1760 0
1484 0
1357 0
1092 0
447 0
356 1
528 0
830 0
677 0
174 0
134 0
155 0
141 0
169 0
26 0
1 0
96 0
31 0
37 0
2 0
11 0
1 0
1 0
0 0
0 0
0 0
0 0
20 2
140 3
345 0
156 0
56 0
69 13
92 0
27 0
82 0
15 3
11 0
6 0
23 0
0 0
2 0
0 0
0 0
2 0
0 0
3 0
0 0
0 0
0 0
0 0
0 0
0 1
0 0
0 0
0 0
0 0
0 0
0 0
1 0
0 0
17 0
87 0
0 0
3 0
0 0
0 1
0 0
89 0
188 0
339 0
521 0
895 0
1295 0
1386 4
1200 0
909 0
591 0
312 1
149 0
234 0
288 0
307 0
279 0
323 0
533 0
768 0
890 0
723 0
619 0
685 0
640 0
897 0
942 0
827 1
968 2
1124 1
1061 2
1113 2
1019 2
852 0
1176 0
1212 0
682 0
546 0
1287 1
1377 5
727 1
604 2
583 4
264 6
1142 7
1325 5
808 1
499 1
708 2
640 1
344 0
412 2
704 2
532 2
222 1
328 0
301 0
283 1
651 2
934 2
614 2
577 1
785 0
702 0
156 0
149 0
73 0
51 0
24 0
116 0
0 0
12 0
1 0
0 0
0 2
0 0
2 0
22 0
79 0
424 0
563 0
312 0
222 0
295 0
284 0
335 0
742 0
1057 1
1321 2
1342 1
1490 0
1021 0
889 1
324 0
485 0
531 3
393 2
69 0
82 0
28 1
10 0
4 0
0 0
6 0
3 0
9 0
0 0
0 0
5 0
3 0
0 0
0 0
0 0
0 0
0 0
0 0
0 0
0 0
0 0
0 0
0 2
0 0
0 0
0 0
1 13
0 0
0 0
0 0
0 1
0 25
0 5
0 5
0 41
0 13
0 16
0 0
0 2
0 26
0 4
97 0
281 0
563 0
671 0
918 0
1077 0
848 0
766 0
598 0
396 0
190 2
155 0
335 0
217 16
33 8
6 1
14 0
79 0
93 0
51 0
18 0
7 3
0 0
0 0
0 0
0 0
0 0
0 0
0 0
0 0
0 0
4 0
195 0
369 0
449 0
468 1
679 0
872 0
742 0
264 0
397 0
232 0
138 0
132 0
97 0
67 0
53 0
8 0
0 0
37 0
0 0
0 0
0 0
0 0
9 0
20 0
0 0
0 0
4 0
7 0
1 3
0 0
0 0
0 0
0 0
0 0
0 0
0 0
12 0
0 0
0 0
0 0
0 0
0 0
0 0
0 0
0 0
0 0
0 0
0 0
15 0
264 0
436 0
377 0
642 0
802 0
1035 0
629 0
567 0
602 0
257 0
101 0
113 0
102 0
126 0
10 0
0 0
35 0
30 0
14 0
37 0
13 0
48 0
63 0
49 0
17 0
7 0
2 0
7 0
0 0
9 0
14 0
28 0
187 0
440 0
700 0
753 0
641 0
452 0
303 0
97 0
163 0
195 0
185 1
285 3
307 0
333 18
462 7
343 0
320 0
361 0
206 0
271 42
435 260
402 515
41 825
150 856
93 789
175 710
164 761
94 736
62 613
68 452
47 297
3 159
8 134
127 113
51 104
124 322
206 362
36 326
2 332
7 266
0 369
0 481
0 481
1 480
3 390
84 341
12 412
9 429
0 229
0 38
1 0
1 64
74 162
20 50
0 43
0 0
1 0
0 32
1 151
55 283
8 294
13 331
3 150
1 9
0 43
20 37
3 146
45 202
11 276
3 217
29 111
30 114
6 159
40 60
0 83
2 138
55 90
20 92
143 66
264 66
415 198
707 516
796 836
713 1140
871 1268
774 1626
596 2273
403 2994
250 3473
175 3804
169 4018
142 4076
242 3503
437 2942
463 3253
300 3064
217 2296
306 2620
294 2462
327 2834
302 3047
257 2925
188 2939
110 2907
201 2759
229 3176
123 2818
188 3244
110 2759
31 2936
72 2185
106 2176
103 1041
31 1000
19 1601
42 1368
52 2026
49 1472
36 2218
18 1955
25 3089
18 2623
22 4223
23 3417
37 4410
29 4042
98 4693
185 4337
209 4608
291 3475
217 4104
176 3859
59 4527
564 4028
885 4078
711 2268
441 2316
361 3573
864 3966
903 4133
498 2968
350 2196
176 1654
134 1252
138 698
185 291
393 685
531 1073
615 1110
805 1247
860 1328
946 1232
885 1065
860 1230
658 2203
411 2359
218 1201
138 253
8 1108
3 1879
7 2149
19 2419
20 2457
24 2158
6 1706
5 1019
26 1135
118 1175
215 967
296 966
332 712
298 718
378 582
632 652
843 1089
866 1280
860 1234
1184 1681
1268 1648
1491 1233
1486 1284
988 1919
454 1463
506 650
423 190
329 300
115 484
43 228
192 98
321 192
333 50
220 61
162 19
164 21
274 21
135 0
149 19
107 126
52 10
156 12
101 24
98 86
10 139
66 183
270 170
312 345
272 578
47 785
164 1017
310 1170
205 1405
115 1282
97 761
18 1466
94 1591
535 1051
819 572
835 678
503 198
221 30
184 221
271 112
584 35
569 184
599 216
571 31
697 39
1047 169
1319 197
1532 90
1664 246
1707 76
1672 161
1589 88
1505 190
1314 7
989 140
518 1
246 8
269 6
392 3
305 0
357 55
845 189
913 91
711 127
700 242
885 256
889 12
880 55
932 137
853 23
766 51
696 10
752 3
749 0
1143 1
1513 1
2083 0
2912 4
3278 0
2828 35
2308 18
2203 7
1861 5
1756 6
1039 4
923 6
1252 0
1104 0
709 2
342 17
202 17
39 0
1 0
61 0
60 9
20 56
45 46
108 0
276 0
345 0
310 0
212 1
100 0
31 0
69 4
33 7
39 0
49 1
113 0
142 0
127 0
169 6
106 1
89 0
98 1
309 8
241 0
139 2
108 14
73 26
0 7
0 2
0 13
0 1
12 4
35 2
22 0
11 0
1 2
0 0
37 0
6 0
0 0
0 0
4 0
0 0
0 0
0 0
0 3
8 0
0 1
0 0
0 3
0 0
0 0
0 0
0 0
0 0
0 4
0 0
101 0
220 0
394 0
492 0
574 0
800 0
840 0
1153 0
1471 0
1735 0
2110 1
2095 2
1943 1
1301 18
779 5
391 9
195 4
233 7
141 3
56 5
35 0
47 2
62 3
25 4
71 3
152 8
117 4
43 1
21 3
5 0
25 2
28 1
25 1
40 0
24 0
0 0
0 0
9 0
2 0
11 3
31 18
17 1
7 20
55 8
3 4
15 1
12 1
4 2
0 4
3 0
0 1
6 9
8 7
4 17
32 32
5 103
7 314
0 407
8 516
0 588
2 534
0 359
0 381
1 377
3 336
24 241
0 216
0 450
6 352
0 41
1 81
0 49
10 147
12 50
2 66
0 39
0 7
0 3
0 0
0 0
0 0
0 0
0 0
0 0
0 17
0 0
0 60
0 129
0 158
15 132
42 61
0 8
0 201
33 149
4 49
0 0
0 0
4 0
0 6
0 0
0 0
0 14
0 0
0 0
4 4
0 0
0 0
0 0
0 0
0 0
45 4
41 5
20 0
31 1
11 0
0 6
0 0
0 0
0 0
0 0
0 0
0 0
2 0
0 1
39 1
9 7
3 80
4 53
0 21
0 3
0 6
0 0
0 0
0 0
0 510
0 1002
21 1124
33 1131
125 996
157 1010
187 927
113 649
157 516
144 471
95 87
62 5
8 392
0 908
4 901
8 168
3 461
3 760
20 589
17 104
0 40
0 207
0 13
1 39
20 161
0 32
0 13
17 73
9 10
10 0
27 52
41 98
49 14
323 11
726 19
1369 19
1579 19
1231 17
828 32
616 15
289 13
163 8
425 16
632 27
949 22
1579 29
2385 18
2793 13
1765 3
1588 3
1146 4
633 4
474 5
236 0
118 0
39 0
1 0
0 0
0 0
0 0
2 0
0 0
0 0
6 0
0 0
0 0
0 0
5 1
349 0
831 0
1030 0
1007 0
886 0
996 0
912 0
686 0
566 0
569 0
778 0
904 0
902 0
644 1
69 0
37 0
145 0
0 0
0 0
0 0
12 5
84 0
124 0
220 0
253 0
230 1
159 1
223 0
224 1
197 0
18 1
0 0
4 0
9 0
2 0
0 0
2 0
0 0
0 1
0 0
0 0
9 0
18 0
58 0
0 0
5 0
0 0
0 0
6 0
3 0
0 0
0 0
0 0
0 0
0 0
0 0
0 0
0 0
0 0
0 0
2 19
0 1
0 0
0 19
0 0
0 0
15 0
8 0
26 0
20 0
210 0
409 0
816 0
1166 2
1760 0
2282 0
2096 0
1918 2
1601 2
1952 0
2737 2
3134 10
1919 8
537 4
616 5
237 3
159 0
6 0
21 0
10 0
0 0
0 0
0 0
0 0
0 0
0 0
0 0
0 0
0 0
1 0
12 0
2 0
0 0
0 0
14 0
0 0
8 0
44 0
44 0
425 0
1514 2
2830 4
3035 2
2643 4
1762 10
810 12
791 8
598 7
590 1
845 2
1268 3
1429 4
1562 0
1207 0
764 0
691 0
381 0
18 0
30 0
203 2
223 9
64 3
0 0
2 0
0 0
3 0
0 0
19 0
21 0
2 0
1 0
15 0
0 0
0 0
16 0
0 0
0 0
3 0
0 0
0 10
13 31
38 1
8 18
0 2
0 41
0 32
12 2
18 57
0 4
0 0
0 23
0 6
0 40
0 53
0 26
0 40
0 8
0 26
0 95
1 166
11 31
4 5
10 31
9 15
0 1
36 2
264 12
611 10
601 85
206 247
29 263
0 70
0 1
0 46
0 111
8 93
32 46
36 3
99 9
94 12
106 423
50 880
15 1035
0 1028
137 1331
449 1190
297 238
2 295
0 498
3 563
0 387
0 359
0 459
0 524
7 946
4 1162
0 1054
1 625
0 295
0 75
0 92
0 8
1 13
6 28
0 5
0 73
0 0
0 16
0 15
0 7
0 8
0 0
0 0
0 0
1 6
0 0
0 6
0 0
0 0
0 15
0 70
0 0
232 20
846 36
1394 14
1655 4
1677 1
1066 6
683 21
576 9
652 26
536 23
413 2
321 3
148 1
59 2
19 0
338 0
556 3
832 6
1012 18
1492 6
1996 2
1678 2
1039 1
684 4
707 11
540 0
475 1
335 0
145 0
48 0
6 0
2 1
3 0
19 2
8 0
15 0
0 0
0 0
0 0
0 0
0 0
0 0
0 0
0 0
0 0
0 0
10 0
0 0
0 0
0 3
0 3
0 0
0 0
0 1
0 0
0 6
0 33
0 0
0 0
0 0
0 0
0 0
0 0
0 0
0 0
0 0
0 0
0 0
0 0
0 1
0 5
0 0
0 0
0 0
0 0
0 4
0 0
0 4
0 0
0 8
0 9
4 68
18 0
328 17
389 2
297 0
418 0
383 0
200 0
0 0
0 0
7 3
0 5
0 0
0 9
0 0
0 0
0 0
0 4
0 0
0 0
0 0
0 0
1 0
0 0
0 0
26 2
3 0
33 0
46 3
43 0
28 0
9 0
2 12
0 0
0 12
0 11
0 4
0 0
0 0
0 0
0 0
0 0
0 0
0 0
0 0
0 0
0 0
0 1
0 0
0 0
0 0
0 0
0 0
0 0
0 0
0 0
0 0
0 0
0 0
0 0
0 0
0 0
0 0
0 0
0 0
0 0
0 0
0 0
0 0
0 3
0 0
0 0
0 0
0 0
0 0
0 8
0 0
0 0
0 1
0 0
0 0
0 0
0 0
0 0
0 0
0 0
0 0
0 8
0 0
0 0
0 0
0 0
0 2
0 0
0 0
0 0
0 0
0 0
0 0
3 0
0 4
0 9
7 0
2 0
13 9
28 15
7 59
46 309
6 461
3 737
0 818
27 811
1 587
0 556
0 779
0 890
1 559
3 610
4 965
4 882
4 799
3 514
0 447
8 1149
40 2329
191 2749
121 2320
77 1377
4 867
1 412
0 267
0 369
0 949
0 1411
0 1307
0 689
0 129
0 769
27 463
24 305
17 405
0 363
0 640
0 519
0 250
0 0
0 165
8 269
0 185
0 29
0 33
0 9
0 13
0 0
0 6
0 63
0 53
0 1
58 0
437 60
607 12
794 0
911 0
995 0
1007 0
1231 0
1122 0
1092 1
1081 0
865 25
872 14
1075 28
860 0
694 0
540 12
406 3
303 0
195 1
68 0
45 0
231 0
340 0
438 0
545 0
575 11
597 67
553 132
425 39
239 36
144 128
301 227
442 100
483 1
368 144
160 421
14 311
3 5
0 109
1 290
0 281
0 79
0 39
0 202
0 42
0 0
0 26
0 12
0 10
0 44
0 58
1 3
0 3
19 3
28 0
27 91
12 75
13 0
10 0
0 34
0 12
17 0
155 0
409 8
568 3
236 1
301 2
537 0
606 1
649 0
547 0
456 0
331 0
152 0
13 0
79 0
241 0
271 0
253 0
190 0
26 0
0 0
112 0
124 0
111 0
67 0
7 0
3 0
23 0
12 0
12 0
10 0
9 0
0 0
1 0
0 0
0 1
0 1
0 0
0 0
1 0
0 0
0 0
0 0
0 0
0 0
0 0
0 0
0 0
0 0
0 0
0 0
0 0
0 0
0 0
0 0
0 1
0 0
0 0
6 0
273 0
388 0
334 0
588 0
662 1
466 1
100 0
18 0
76 0
115 0
123 0
101 0
81 0
14 0
2 0
12 0
2 0
2 0
0 0
0 0
0 0
0 0
0 0
0 0
0 0
0 0
0 0
0 0
0 0
0 0
0 0
0 0
0 0
0 0
0 0
0 0
0 0
0 0
0 0
0 0
0 0
8 0
77 0
105 0
122 0
59 0
62 0
47 0
74 0
47 0
142 0
78 0
92 0
279 0
386 4
535 3
540 5
213 1
54 0
109 0
59 0
32 0
25 0
1 0
3 0
3 0
9 1
18 4
90 0
0 0
0 0
3 0
0 0
2 0
36 0
0 0
2 4
6 2
0 0
0 0
0 0
0 0
0 0
0 0
0 0
0 0
0 0
0 0
0 0
6 0
4 0
19 0
54 0
86 0
243 0
276 0
246 0
195 0
263 1
241 0
316 0
351 0
297 0
42 0
153 0
224 0
305 0
326 0
309 0
304 0
255 0
193 2
268 0
251 0
225 0
181 0
84 0
46 0
3 0
0 0
0 0
0 1
1 0
0 0
0 0
0 0
0 0
0 0
0 0
0 0
0 0
0 0
0 0
0 0
0 0
0 0
0 0
0 0
0 0
0 0
0 0
0 0
0 0
0 0
0 0
0 0
0 6
0 0
0 13
0 14
0 0
0 2
4 6
4 10
0 0
4 0
0 0
5 2
103 26
173 3
230 30
203 2
212 0
139 0
152 0
73 0
8 0
49 0
58 0
54 3
48 12
0 7
36 0
220 0
506 0
863 0
1235 0
1547 0
1752 2
825 2
680 0
613 3
354 0
228 1
28 0
33 0
6 0
8 0
0 0
40 0
338 0
722 2
1100 1
1080 1
768 4
464 3
443 4
422 1
446 1
418 1
131 4
13 0
10 0
0 0
0 0
5 0
8 0
3 0
1 0
0 0
0 0
2 0
0 0
0 0
0 0
0 0
29 0
24 0
24 0
2 0
0 0
0 1
0 0
0 0
4 0
0 0
0 7
0 2
0 0
0 0
0 0
67 0
215 0
289 0
342 0
184 0
175 0
344 0
393 0
52 0
49 0
0 0
0 0
0 1
0 0
3 0
0 11
0 0
0 0
0 0
6 0
0 0
0 0
0 0
0 0
0 0
0 0
0 0
0 0
0 0
0 0
0 0
0 0
0 0
0 0
0 0
0 0
0 0
0 0
0 0
0 0
0 0
0 0
0 0
0 0
0 0
0 0
0 0
0 0
0 0
1 0
0 0
0 0
0 0
0 0
0 0
0 0
0 0
0 0
0 0
0 0
0 0
0 0
0 0
0 0
0 7
0 2
0 0
0 0
0 0
0 0
0 1
0 0
0 0
0 0
0 0
11 0
50 1
96 1
64 3
64 1
0 0
0 0
0 0
0 0
0 0
5 0
3 0
9 0
0 0
2 1
0 1
0 0
0 0
0 0
5 0
132 4
497 14
689 16
589 14
133 0
12 3
35 0
9 0
7 1
0 0
0 0
0 0
0 0
0 0
0 0
0 0
0 0
0 0
0 0
0 0
0 0
0 0
0 0
0 0
0 0
0 0
0 0
0 0
0 0
0 0
0 0
0 0
0 0
4 1
1 3
3 0
0 9
0 3
0 3
0 0
0 0
0 0
0 0
0 0
0 1
0 9
0 0
0 0
0 0
0 0
0 0
0 0
0 0
0 0
0 0
0 0
0 0
0 0
0 0
0 0
0 0
0 0
0 0
0 0
0 0
0 0
13 0
52 0
36 0
32 0
18 0
0 0
0 0
0 0
55 0
33 0
0 0
0 0
0 0
0 0
0 0
0 0
0 0
0 0
0 0
0 0
9 0
30 0
16 0
7 0
0 0
0 0
0 0
16 0
26 0
13 0
0 0
0 0
0 0
0 0
0 0
0 0
96 0
184 0
104 0
41 1
2 0
4 3
4 3
0 1
1 0
0 0
0 0
0 0
0 0
0 0
0 0
0 0
0 0
0 0
0 0
0 0
0 0
0 0
0 0
0 0
0 0
0 0
0 0
7 0
63 3
85 3
115 5
54 1
0 0
0 0
0 9
0 8
0 4
0 0
0 0
1 3
10 2
77 6
248 11
323 20
106 8
0 12
0 0
2 0
0 0
0 0
0 0
0 0
0 0
0 0
0 0
0 0
0 0
0 0
0 0
0 0
0 0
1 1
0 0
0 0
0 0
0 0
0 4
0 0
0 3
0 0
0 0
0 0
0 0
0 0
0 0
0 0
0 0
0 0
0 0
0 0
0 0
0 0
0 0
0 0
0 0
0 0
0 0
0 0
0 0
0 0
0 0
0 0
0 0
0 0
0 0
0 0
0 0
0 0
0 0
0 0
0 0
0 0
0 2
0 4
0 0
0 0
0 0
0 4
0 0
9 0
35 0
70 0
120 5
71 0
64 0
140 0
161 0
234 5
221 87
79 17
70 32
5 21
15 7
123 8
222 20
269 16
289 9
145 37
8 4
0 38
1 17
0 25
0 27
0 17
54 58
75 16
130 58
199 19
66 100
1 16
0 66
0 23
82 121
128 108
111 572
85 932
9 944
0 889
0 1110
0 1005
0 795
0 946
0 846
0 652
0 480
0 340
0 265
0 222
0 38
0 22
0 21
0 54
0 81
0 140
0 102
0 86
1 37
17 19
0 156
0 142
0 65
0 171
0 62
0 0
0 35
9 116
24 60
36 43
0 56
0 156
10 413
7 534
3 643
0 682
0 833
0 758
0 422
0 178
0 0
0 27
0 41
0 20
0 120
0 92
0 61
0 193
0 446
0 612
0 715
0 685
0 558
0 594
16 715
7 293
0 47
0 1
0 160
0 15
0 64
0 25
0 0
0 88
0 40
0 43
0 75
0 44
0 106
0 105
0 121
0 41
0 116
0 197
0 390
0 383
0 139
0 4
0 50
0 58
0 16
0 6
0 1
0 3
0 1
0 5
0 3
0 0
0 0
0 3
0 0
0 0
0 0
0 0
0 0
0 6
0 0
2 0
0 0
0 0
12 0
0 0
0 0
0 31
0 74
0 70
0 19
0 4
0 0
0 0
0 0
251 0
862 0
1000 0
1286 1
1662 0
2028 1
1939 5
1375 20
864 17
455 18
266 12
351 3
337 0
246 0
46 0
0 0
1 0
22 0
38 21
68 209
13 159
0 19
0 0
0 0
0 1
0 21
0 0
0 0
0 0
0 0
0 16
0 59
6 0
8 44
12 4
2 35
0 0
5 6
0 99
0 17
0 0
0 0
0 0
0 0
0 0
0 0
0 0
0 0
0 0
0 0
0 0
0 0
0 0
0 0
0 0
0 0
0 0
0 0
0 0
0 2
0 0
0 0
0 0
0 0
0 0
9 0
7 0
26 0
16 0
0 0
0 0
0 0
0 0
0 0
0 0
15 0
0 0
6 0
0 0
15 0
15 0
17 0
18 0
0 0
0 6
0 0
0 0
0 0
0 0
0 0
1 0
0 0
18 0
0 0
0 0
0 0
0 0
0 0
0 0
3 0
12 0
0 0
16 0
45 1
46 2
0 0
0 0
10 0
16 1
3 4
0 0
7 1
12 0
0 0
0 0
0 0
0 0
0 0
0 0
0 0
3 0
17 0
39 0
40 0
36 1
3 0
0 0
0 0
6 0
0 0
0 0
0 0
0 0
0 0
0 0
2 0
0 0
0 0
0 0
0 0
0 0
0 0
0 0
0 0
0 0
0 0
0 0
0 1
0 0
0 0
0 0
0 0
1 0
8 0
20 0
0 0
0 0
0 0
0 0
0 0
0 0
0 0
0 0
0 0
0 0
0 0
0 0
0 0
0 34
0 125
0 31
0 22
0 33
16 15
0 8
5 1
0 0
0 0
0 0
0 0
0 0
11 1
0 0
0 0
3 2
0 0
0 0
0 0
0 0
0 0
0 0
0 0
0 0
0 0
0 0
0 0
0 0
0 0
0 0
0 0
0 0
0 0
0 0
0 0
2 0
0 0
0 0
0 0
0 0
0 0
0 0
0 0
0 0
0 0
0 0
2 0
0 0
0 0
7 0
0 0
0 0
6 0
48 4
39 1
32 1
0 31
0 95
8 114
41 96
16 66
0 4
10 0
27 61
12 34
1 30
0 5
7 0
4 0
0 0
0 0
3 0
0 0
0 0
33 0
0 0
0 0
8 0
0 0
0 0
0 0
4 0
0 0
0 0
2 0
0 0
0 0
27 1
8 0
0 0
0 4
0 0
1 0
0 0
10 0
1 0
0 0
0 0
0 30
0 12
0 6
0 25
0 18
0 0
2 10
0 32
0 12
0 0
0 7
0 99
0 114
0 110
0 111
0 128
0 151
0 107
0 14
0 7
0 7
0 0
0 0
0 0
0 0
0 0
0 0
0 11
0 10
0 3
0 1
0 0
0 4
0 0
0 0
0 0
0 3
0 0
0 0
0 0
0 0
0 0
0 3
0 0
0 1
0 7
0 10
0 16
0 21
0 3
0 0
0 13
0 26
0 28
0 18
0 27
0 9
0 0
0 1
0 10
0 25
0 9
0 1
0 1
0 0
0 5
0 9
0 33
0 28
0 25
0 4
0 0
0 0
0 0
0 0
0 2
0 0
0 1
0 13
0 12
0 5
0 3
0 1
0 0
0 0
0 1
9 0
33 2
28 1
6 3
0 0
0 0
0 15
0 0
0 0
0 25
0 15
0 7
0 2
0 0
0 0
4 0
7 0
0 0
1 0
11 1
50 2
64 3
58 3
65 7
187 9
180 11
284 29
18 7
17 17
17 11
56 17
32 10
15 0
20 0
0 0
0 0
0 0
0 0
0 2
0 19
0 12
0 0
6 15
1 16
0 40
2 12
0 2
6 0
1 0
0 27
0 27
0 46
0 35
0 16
0 24
0 14
0 12
0 4
0 0
0 0
0 2
0 0
0 1
0 2
0 4
0 11
0 5
0 0
0 9
0 32
0 26
0 8
0 6
0 0
0 0
0 0
0 0
0 12
0 31
0 42
0 33
0 20
0 7
0 4
0 7
0 5
0 2
0 0
0 0
0 3
0 0
0 0
0 0
0 3
0 5
0 1
0 1
0 7
0 17
0 33
0 11
0 0
0 7
0 52
0 28
0 59
0 37
0 11
0 12
0 8
0 0
0 3
0 3
0 0
0 3
0 2
0 0
0 17
0 30
0 35
0 54
0 43
0 6
0 0
0 2
0 1
0 7
0 0
0 0
0 10
0 17
0 44
0 29
0 35
0 13
0 12
0 2
0 0
0 1
0 2
0 0
0 0
2 3
0 0
0 1
0 0
0 1
0 6
0 27
0 35
0 7
0 0
0 0
0 8
0 4
0 8
0 30
0 9
0 7
0 11
0 13
0 12
0 6
0 2
0 1
0 0
0 0
0 2
0 0
0 0
0 11
0 0
0 0
0 1
0 3
0 14
0 22
0 36
0 29
0 2
0 0
0 1
0 9
0 9
0 29
0 27
0 32
0 17
0 16
0 5
0 0
0 0
0 0
0 2
0 7
0 1
0 0
0 0
0 0
0 1
0 13
0 19
0 9
0 3
0 0
0 0
0 0
0 0
0 0
0 0
0 7
0 0
0 28
0 35
0 20
0 23
0 10
0 0
0 6
0 0
0 0
0 0
0 1
0 3
0 16
0 2
0 0
0 2
0 2
0 7
0 5
0 40
0 37
0 35
0 9
0 30
0 219
0 533
0 884
0 973
0 1274
2 1040
1 758
5 503
7 417
0 392
0 431
0 523
0 525
8 328
11 325
6 432
5 267
5 20
35 0
38 14
38 283
6 283
1 46
0 4
6 161
5 184
27 192
37 78
57 3
12 35
5 292
3 272
0 0
2 34
3 92
51 23
34 0
90 50
61 120
98 111
45 321
32 802
8 1055
3 708
8 660
6 881
5 790
0 816
0 748
2 680
0 634
0 491
0 355
0 145
0 39
10 142
0 151
0 104
0 5
0 23
0 30
55 215
159 289
362 214
640 102
935 97
936 208
743 100
645 69
484 150
768 164
1183 12
2150 19
2808 4
2739 1
2222 9
583 11
1372 0
512 0
663 4
602 83
110 342
88 562
58 824
4 858
1 866
180 855
613 804
640 832
250 731
4 813
107 746
364 671
479 418
404 315
312 85
237 133
186 454
112 936
119 694
89 192
148 160
46 57
0 74
4 71
0 40
0 6
0 62
0 76
26 4
54 59
24 88
0 60
0 42
12 36
39 50
26 21
0 25
0 8
0 49
0 53
36 1
33 95
47 32
25 22
4 0
17 6
10 12
10 37
8 8
6 8
0 81
2 0
63 23
125 16
209 1
117 5
50 11
0 5
0 0
0 1
9 26
6 4
0 3
3 7
7 30
2 14
10 55
0 3
7 27
5 0
1 3
0 0
0 3
2 7
3 1
11 26
8 27
0 2
5 18
0 101
0 3
1 37
5 69
5 71
8 96
0 46
5 451
0 891
0 945
0 1045
1 1098
2 1080
4 575
5 397
7 324
7 191
1 108
0 56
0 39
0 2
0 0
0 12
0 71
0 97
0 57
0 4
0 32
0 57
0 171
1 138
1 195
0 77
0 120
0 126
0 334
0 322
4 376
8 309
4 299
5 380
8 330
3 264
1 43
1 76
3 96
2 293
2 134
3 180
1 223
2 198
1 211
4 216
0 92
0 221
0 129
3 423
2 273
2 187
1 34
2 105
0 64
0 106
3 339
7 333
5 709
3 754
1 1229
0 1180
0 1154
0 1077
0 1037
0 665
0 437
0 120
0 87
0 36
0 68
0 39
0 22
0 17
0 43
0 14
0 27
1 1
0 2
0 84
0 228
0 43
0 25
0 96
0 18
0 45
0 82
0 51
0 35
0 4
0 17
0 47
0 31
0 19
0 31
0 4
0 19
0 10
0 20
0 35
0 0
0 0
0 38
0 0
0 14
0 14
0 7
0 35
0 7
0 4
0 68
0 14
0 3
0 31
0 19
0 21
0 14
0 0
0 28
0 18
0 8
0 0
0 7
0 7
0 2
0 1
0 26
0 2
0 49
0 40
0 0
0 19
0 17
0 15
0 5
0 11
0 0
0 0
0 9
0 10
0 0
0 8
0 32
0 21
0 21
0 30
0 23
0 16
0 4
0 23
0 8
0 20
0 18
0 7
0 15
0 6
0 25
0 5
0 11
0 8
0 25
0 21
0 19
0 14
0 17
0 13
0 18
0 5
0 10
0 5
0 3
0 0
0 3
0 0
0 0
0 0
0 2
0 0
0 17
0 1
0 0
0 0
0 0
0 0
0 1
0 0
0 0
0 0
0 0
0 0
0 0
0 0
0 0
0 0
0 0
0 14
0 30
0 32
0 52
0 16
0 0
0 0
0 40
0 41
0 2
0 0
0 0
0 0
0 0
0 0
0 0
0 0
0 0
0 0
0 0
0 0
0 0
0 0
0 0
0 0
0 0
0 0
0 0
0 0
0 0
0 0
0 0
0 0
0 0
0 0
0 0
0 0
0 0
0 0
0 0
0 0
0 1
0 0
0 0
0 0
0 0
0 0
0 0
0 0
0 0
0 0
0 0
0 0
0 0
0 0
0 0
0 0
1 0
15 26
4 7
9 21
3 8
5 2
0 0
0 0
0 2
0 0
0 2
0 0
0 4
0 0
0 1
0 3
0 0
0 0
0 3
0 0
0 0
0 0
0 0
0 0
0 0
0 0
0 1
0 0
0 0
0 0
0 0
0 0
0 0
0 0
0 0
0 0
0 0
0 0
0 0
0 0
0 0
0 0
0 0
0 0
0 0
0 0
0 0
0 0
0 0
0 0
0 0
0 3
0 0
0 0
0 0
0 0
0 1
0 4
0 2
0 6
0 5
0 1
0 58
0 340
0 634
0 794
0 913
0 765
1 688
0 631
0 695
0 808
0 745
0 841
0 672
0 635
0 482
0 390
0 300
0 180
0 149
0 93
0 82
0 38
0 5
0 4
0 12
0 1
0 0
0 11
0 34
0 9
0 3
0 56
0 28
0 0
0 0
0 0
0 0
0 0
0 0
1 1
0 0
11 0
7 0
0 0
0 0
0 0
0 0
0 0
0 0
0 0
0 10
0 17
0 0
0 0
0 7
0 0
0 0
0 0
0 1
0 26
0 3
0 0
3 0
0 0
0 5
0 0
0 0
0 6
0 0
0 0
8 0
19 0
3 0
3 2
4 0
31 0
28 0
34 0
0 0
6 9
0 27
0 0
0 0
1 4
24 2
70 2
38 2
28 3
10 2
33 1
23 0
44 1
196 3
280 4
309 0
310 7
266 0
195 0
103 2
100 3
65 0
31 0
3 0
1 0
79 1
441 23
456 9
318 4
127 0
426 7
458 15
423 5
394 0
354 0
383 29
340 0
199 0
65 0
82 0
265 0
250 0
126 0
40 0
71 0
48 0
12 0
16 0
43 0
46 0
173 0
340 0
310 0
28 0
57 0
42 0
159 0
193 0
138 0
20 2
14 0
0 0
0 0
1 0
0 0
1 0
3 0
0 0
3 0
0 0
2 0
5 0
24 0
60 0
224 0
415 0
410 0
330 0
166 0
133 0
68 0
0 3
102 0
163 0
146 0
120 3
132 0
189 2
254 0
445 0
578 1
851 0
1075 6
949 0
752 0
593 0
650 0
610 0
718 3
508 34
455 105
620 91
668 94
489 35
289 24
73 21
87 23
279 4
348 10
576 6
606 27
44 7
43 11
0 9
0 0
16 0
0 0
0 10
0 0
2 0
0 3
8 0
40 8
32 8
22 0
19 0
6 0
0 0
18 4
20 0
1 0
3 0
6 0
0 0
4 10
7 4
2 2
3 7
3 0
0 0
0 0
0 8
0 2
0 0
0 0
0 0
0 0
0 0
0 9
4 0
0 0
0 0
0 0
0 0
0 0
0 0
0 0
0 0
4 0
15 0
3 9
4 0
0 0
7 4
0 0
4 2
27 2
1 0
6 0
3 1
0 4
2 0
0 0
0 2
0 4
0 0
0 1
0 16
0 36
1 19
0 0
0 0
0 32
0 1
0 0
0 0
0 0
0 0
0 0
0 4
0 2
0 15
0 0
0 0
0 5
0 0
0 0
2 2
0 5
0 0
0 0
0 0
0 0
0 0
0 1
0 0
0 0
0 1
0 14
0 0
0 0
0 0
0 7
0 0
0 0
0 0
0 0
0 0
0 0
0 0
0 0
0 0
0 4
0 0
0 0
0 0
0 0
0 0
0 3
0 1
0 0
0 2
0 7
0 24
0 69
0 128
14 86
75 93
125 36
36 1
68 8
33 34
10 24
16 21
1 1
3 0
0 0
4 0
0 0
0 0
0 0
0 0
0 0
0 0
0 0
0 0
0 0
0 0
0 0
0 0
0 0
0 0
0 0
0 0
0 0
0 0
0 0
0 0
9 0
6 0
2 0
0 1
1 0
0 0
0 0
13 0
24 0
0 0
0 0
40 0
30 0
20 0
0 0
6 0
0 0
0 11
0 18
0 20
10 77
78 48
101 31
68 9
55 0
0 0
0 0
0 0
0 0
0 0
0 0
0 6
0 24
0 37
0 11
0 0
0 5
0 3
0 10
0 0
0 0
0 0
0 0
0 0
0 0
0 0
0 0
0 0
0 0
0 0
0 0
0 3
0 8
0 12
0 13
0 3
0 7
2 24
6 8
0 42
0 6
0 24
0 0
0 0
2 0
0 0
0 0
0 5
0 1
0 0
0 0
0 0
0 7
0 4
0 0
0 1
0 0
0 0
0 0
4 0
0 0
0 0
1 0
0 2
0 1
1 2
0 1
0 1
0 0
0 1
0 0
0 1
0 6
0 6
0 2
0 0
0 0
0 1
0 4
0 7
0 0
0 0
0 2
0 2
0 3
0 0
0 0
0 0
0 6
0 0
0 3
0 0
0 0
0 0
0 0
2 0
0 0
1 0
0 1
0 0
0 0
0 0
0 0
0 0
0 0
0 0
0 0
0 0
0 0
0 0
0 0
0 0
0 0
0 0
0 0
0 0
0 0
0 0
0 0
0 0
0 0
0 0
0 1
8 0
0 0
0 0
0 0
0 0
0 0
0 0
0 0
0 0
0 0
1 0
0 0
0 0
0 0
0 0
0 0
0 0
0 0
0 0
0 0
0 0
0 0
0 0
16 20
287 93
912 11
1280 0
1461 0
1339 1
1490 0
1290 4
1129 7
572 0
323 0
188 0
464 0
276 0
412 0
161 1
138 2
233 0
282 0
280 0
229 42
190 129
212 94
156 42
229 5
315 7
399 31
448 9
441 6
387 24
402 11
411 8
349 6
265 11
195 7
154 6
16 9
0 43
13 71
0 96
0 0
0 0
2 9
0 0
0 0
0 5
0 17
0 0
0 0
0 0
4 4
4 0
0 0
0 1
0 0
0 0
0 3
0 35
15 63
1 58
0 64
0 96
0 19
0 0
0 0
0 0
0 2
0 0
0 0
0 0
0 7
0 16
0 15
0 5
0 7
0 0
0 2
0 0
2 0
0 0
0 0
0 0
0 0
0 0
0 0
0 0
0 6
0 7
0 3
0 0
0 0
0 0
0 0
0 21
0 0
0 1
0 2
0 0
6 0
0 4
0 0
2 6
0 2
26 13
89 0
135 1
168 7
186 1
188 21
192 4
163 18
156 39
146 0
113 0
203 7
387 3
488 12
842 11
1185 12
1625 0
1863 1
1900 0
1783 0
712 6
393 170
97 403
176 203
16 4
3 3
16 37
0 0
0 0
0 0
0 1
0 0
3 0
0 55
0 20
0 167
1 241
0 194
0 0
0 46
0 7
0 14
0 0
0 0
0 0
0 0
0 0
0 0
0 2
0 0
0 0
0 0
0 0
0 0
0 2
0 8
0 14
0 11
0 0
0 0
0 44
0 5
0 0
0 0
0 15
0 0
0 0
0 0
0 114
71 74
447 1
1097 1
1323 1
1612 5
1807 1
1891 1
1762 1
1809 1
1822 0
1648 0
1489 1
1305 61
1211 106
1224 80
1057 17
929 19
939 15
840 1
730 3
800 0
518 0
325 0
222 0
87 0
205 0
158 0
135 0
99 0
73 1
0 0
0 0
0 0
0 0
0 0
0 0
1 0
0 0
0 0
0 0
0 0
0 0
0 0
0 0
0 0
0 0
0 0
0 0
0 0
0 0
0 0
0 4
18 2
10 0
8 1
23 0
50 0
35 0
1 0
0 0
0 0
0 0
0 1
0 0
0 0
0 0
0 0
0 0
4 0
34 0
59 0
57 0
80 0
153 4
138 0
215 0
305 0
365 0
368 0
341 4
331 0
378 0
320 0
228 0
285 0
229 0
196 0
190 0
36 0
58 0
38 0
0 0
66 0
245 0
508 0
870 0
1426 0
1985 0
1557 2
446 5
500 2
374 0
95 0
62 0
34 1
274 0
877 0
1112 1
1266 1
1504 1
1590 1
1606 2
1574 1
1269 0
947 1
1152 2
1504 1
1963 2
1918 2
1872 5
1654 3
1090 1
930 1
1448 2
1592 1
1827 2
1988 2
1728 2
1937 2
1472 6
882 0
611 0
796 0
1114 1
841 2
568 2
575 1
705 2
566 1
479 1
319 0
251 0
380 0
441 0
499 0
566 0
820 1
1125 0
1798 0
2215 3
2628 0
2590 0
2383 0
2204 0
1987 3
1565 3
1241 2
976 2
627 7
848 6
1630 6
2226 9
2737 7
3532 8
3822 1
3120 0
2238 0
1173 2
701 3
556 5
224 2
40 2
9 1
21 3
9 3
0 0
4 0
10 0
8 0
62 4
20 0
0 0
2 0
0 0
26 0
58 0
0 0
1 0
0 0
139 1
682 0
1201 0
1563 3
2212 0
2089 0
1823 1
1660 0
2210 0
1780 2
1182 1
1243 1
1107 3
565 7
42 1
289 8
535 0
744 7
831 0
1096 0
1565 0
1895 0
2058 0
3134 0
2734 0
1643 0
228 0
198 0
0 0
2 0
0 0
0 0
0 0
0 0
0 0
0 0
0 0
0 13
0 0
0 0
0 3
0 0
0 0
0 0
14 0
91 0
722 0
1284 0
1498 1
1743 1
1137 3
887 1
769 3
542 9
263 3
268 6
566 7
783 12
1287 7
1634 5
1922 2
2004 3
1546 6
1080 1
438 0
193 0
38 0
55 7
33 0
0 0
0 1
0 0
0 0
0 1
0 0
2 0
0 0
13 0
7 2
63 0
203 0
315 0
430 2
568 0
598 0
606 0
606 0
501 0
429 0
377 0
491 1
417 0
113 0
151 0
283 0
562 0
1146 0
1210 0
1227 0
1041 0
914 0
741 0
460 0
341 0
254 0
148 0
119 0
118 0
0 0
320 1
798 2
1122 0
1058 0
918 0
257 0
245 0
279 0
515 0
720 3
698 0
648 11
769 3
693 4
207 0
460 0
1060 0
1503 0
1472 0
1441 0
1310 0
1127 0
659 0
231 5
688 2
1103 0
1367 3
888 0
453 0
38 0
162 0
100 0
9 0
327 0
581 0
662 0
622 0
571 0
1048 0
1016 0
1463 0
1756 0
1908 0
1655 1
1345 0
1497 0
1640 0
1729 0
2154 0
2066 1
1586 1
2524 1
2779 1
2682 0
2198 3
1451 9
683 7
315 6
989 44
1579 128
977 196
654 101
968 7
374 34
506 31
1039 121
1682 64
2172 45
2107 130
1344 171
371 208
229 643
155 812
16 707
2 558
0 378
2 96
0 31
0 153
2 451
3 819
2 1146
1 948
0 751
0 701
0 467
1 73
0 39
0 69
0 73
0 0
1 0
9 21
2 5
0 26
0 14
0 45
0 91
0 79
1 10
0 103
0 182
0 240
0 212
0 2
2 49
13 244
30 73
141 244
203 584
242 836
397 681
342 683
412 596
490 856
766 848
866 759
840 498
591 654
271 572
619 47
869 253
568 259
26 49
57 0
18 101
31 23
9 65
4 0
0 103
0 64
10 22
0 0
0 1
0 0
0 0
0 0
0 3
105 4
161 7
174 3
128 0
75 0
8 0
277 0
408 1
206 0
16 0
55 2
0 4
35 1
38 0
72 3
16 0
12 0
0 0
1 0
0 0
14 0
3 0
35 0
8 0
0 0
0 0
0 0
0 0
0 0
0 0
5 0
3 0
0 0
0 0
27 6
176 3
342 18
298 4
478 5
449 0
70 0
173 3
355 0
496 8
593 0
600 0
359 0
115 0
19 0
4 0
47 0
124 0
88 0
42 0
5 0
0 0
1 0
7 0
5 0
0 0
0 0
0 0
1 0
0 0
0 0
0 0
0 0
0 0
17 1
2 0
0 0
0 0
0 0
0 0
5 0
11 0
0 0
1 0
1 0
32 1
29 19
15 298
9 460
30 504
22 604
17 504
0 507
0 567
22 612
14 633
0 584
3 493
0 358
1 292
0 364
0 486
0 116
0 33
0 26
0 20
0 69
2 212
20 181
98 113
62 210
4 94
4 8
25 31
11 21
5 21
18 10
6 0
0 1
0 209
5 628
0 1126
7 1189
0 1057
4 956
0 695
1 774
0 935
0 1055
6 1038
13 606
16 274
0 33
0 180
0 152
2 297
3 319
7 168
1 48
3 88
1 34
0 62
3 43
5 139
12 437
29 571
35 829
94 1068
81 1264
35 1167
4 688
0 668
0 479
0 464
0 431
0 467
0 243
0 44
0 126
5 1
11 13
50 88
36 351
2 621
0 134
0 43
0 53
0 48
0 18
0 36
0 112
0 11
0 49
0 37
19 68
0 131
0 127
1 49
5 30
5 77
19 116
2 110
2 168
0 204
0 181
2 2
0 0
0 34
0 75
0 120
0 210
7 118
6 31
0 8
0 45
0 28
3 252
0 283
0 688
0 1143
0 928
0 837
2 529
3 449
2 357
4 271
0 27
0 155
19 185
3 245
2 417
1 1130
5 1492
0 899
2 835
0 1010
0 1128
0 909
0 625
0 886
0 863
0 719
0 388
0 197
2 545
1 396
1 477
0 175
2 41
0 0
8 177
36 10
25 181
23 1
31 5
2 0
0 0
4 0
15 49
0 0
0 0
15 0
43 0
14 0
1 0
0 0
0 0
1 0
0 7
0 95
0 5
0 0
0 7
0 12
0 5
0 0
0 7
0 0
0 0
0 0
0 0
0 0
0 0
0 0
9 0
18 0
39 0
48 0
30 0
51 0
35 0
33 0
1 0
0 0
0 15
15 4
30 11
19 9
0 1184
6 0
0 0
0 0
1 0
0 3
12 0
19 0
102 0
170 0
154 0
94 0
100 0
350 0
309 0
221 0
121 0
61 0
153 0
222 0
54 0
54 1
22 0
206 0
362 0
334 0
311 0
269 0
124 0
266 0
363 0
306 0
166 0
9 0
110 0
76 0
9 0
0 0
0 0
0 0
0 0
5 0
0 0
0 0
0 0
0 0
0 0
0 0
0 0
0 0
5 0
0 0
0 1
0 16
0 18
1 62
0 14
7 14
0 8
0 0
1 0
0 0
0 0
5 2
30 0
0 0
0 0
0 0
0 0
0 28
0 149
8 327
0 618
0 981
0 1216
0 1617
5 1379
0 1323
0 1070
0 809
0 367
0 431
0 58
0 387
0 297
0 32
9 65
0 0
0 0
0 0
0 6
0 57
0 7
0 0
0 0
0 0
3 0
0 0
0 0
0 0
0 0
0 0
0 0
0 0
0 0
0 0
0 0
4 0
13 0
2 0
0 0
1 0
2 0
45 1
155 0
21 0
1 0
0 0
0 0
2 0
0 0
10 0
0 0
0 0
8 0
1 0
0 0
0 0
0 0
0 0
0 0
0 0
0 0
0 0
0 0
0 0
0 0
0 0
0 0
0 0
0 0
0 0
0 0
0 0
0 0
0 0
24 0
239 0
829 0
1279 1
1476 5
1241 2
501 3
303 1
69 0
78 0
109 0
228 0
575 0
565 0
116 0
24 0
8 0
4 0
17 0
76 0
91 0
12 0
6 0
11 0
8 0
9 0
10 0
26 0
54 0
0 0
0 0
0 0
2 0
0 0
0 0
1 0
58 0
0 0
7 0
11 0
15 0
19 0
46 0
23 0
0 0
0 0
0 0
0 0
0 0
0 0
6 0
0 0
7 0
34 0
60 0
6 0
20 0
75 0
142 0
168 0
167 0
200 0
97 0
0 0
0 0
23 0
0 0
0 0
0 0
0 0
0 0
0 0
0 0
0 0
0 0
2 1
0 0
0 0
0 0
0 0
0 0
0 0
0 0
0 0
0 0
0 0
0 0
0 0
0 0
0 0
0 0
0 3
0 69
0 64
0 0
0 29
0 0
0 2
0 0
0 8
0 5
0 0
0 0
0 0
0 0
0 3
0 28
9 28
264 16
518 0
730 4
1054 0
1141 0
1014 0
750 0
477 0
301 0
94 0
5 0
57 0
62 1
98 0
21 0
13 0
23 0
72 3
0 6
36 0
13 2
12 0
3 0
11 0
14 0
3 0
0 0
0 0
0 0
0 0
0 0
0 0
0 0
0 0
1 0
2 0
0 0
4 0
0 0
0 0
0 0
0 0
0 0
0 0
0 0
0 0
0 0
0 0
0 0
0 0
0 0
6 0
0 3
0 4
0 0
0 0
0 0
7 2
8 0
1 1
0 0
0 0
0 0
0 0
25 0
148 0
522 0
1172 3
1857 1
2487 1
2607 2
2538 1
2367 2
1981 0
1618 0
347 0
1061 0
1313 0
976 0
283 0
273 2
419 12
460 9
579 0
756 0
631 0
914 3
1468 0
1270 1
623 1
788 0
488 0
1150 2
1187 0
946 11
301 29
654 17
1307 0
1121 0
347 1
987 0
726 0
1223 0
1164 0
1031 0
626 0
469 0
897 0
1525 0
1646 0
1322 0
1166 0
1498 0
1181 0
806 0
1577 0
1334 0
926 0
937 0
991 0
1147 0
842 1
831 1
660 0
765 0
1041 0
1280 0
1171 0
1041 2
610 2
299 0
666 0
909 0
825 4
473 7
362 0
510 0
1080 0
1730 0
2203 0
2833 0
2807 0
1595 4
1492 0
1379 0
1232 0
1049 0
552 0
313 0
177 0
226 0
324 0
274 0
370 0
335 2
423 0
441 20
472 22
563 12
664 4
595 3
238 0
272 0
746 2
883 1
554 1
268 0
265 38
189 176
319 313
482 88
617 2
782 4
840 11
717 165
374 336
182 182
170 0
139 2
362 186
924 211
1208 2
922 5
155 0
40 0
7 11
0 7
0 0
0 0
0 0
0 2
11 0
41 2
1 0
2 0
1 0
20 0
117 0
185 0
115 0
0 0
5 0
149 0
159 0
92 0
22 0
0 0
0 0
0 0
4 0
0 0
0 0
0 0
0 0
0 0
0 1
0 0
0 0
0 0
0 0
0 0
0 0
0 0
9 0
0 0
3 0
4 0
0 0
0 0
0 0
0 0
0 0
0 0
0 0
0 0
0 0
0 0
0 0
0 0
0 0
0 0
0 0
8 0
0 0
0 0
1 0
0 0
0 0
0 0
0 0
0 0
0 0
0 0
0 0
0 0
0 0
0 12
0 4
1 0
0 0
0 0
0 0
5 1
21 33
17 2
6 0
0 0
0 37
3 13
1 0
0 12
0 13
0 2
0 0
0 0
0 8
0 0
1 0
0 0
0 0
0 0
0 0
0 0
0 0
1 0
0 0
1 0
0 0
0 0
0 0
0 0
8 0
17 2
0 0
0 0
0 0
0 0
2 0
1 2
0 0
0 0
0 6
0 2
0 3
0 11
0 5
0 19
0 0
0 0
0 0
0 9
0 3
0 0
1 0
6 0
0 0
0 0
0 0
0 0
2 0
0 0
0 0
0 0
0 0
0 0
0 0
0 0
0 0
0 0
0 0
0 0
0 0
0 0
0 0
0 0
0 0
0 0
0 0
0 0
0 0
0 0
0 9
0 6
0 0
0 0
0 0
0 0
0 0
0 0
0 0
0 0
0 0
0 0
0 0
0 0
0 0
0 0
0 0
0 0
0 0
0 0
0 0
0 0
0 0
0 0
0 0
0 0
0 0
0 0
0 0
0 0
0 0
0 0
0 0
0 0
0 0
0 0
0 0
0 0
0 0
0 0
0 0
0 0
0 3
0 0
0 0
0 0
0 0
0 0
0 0
0 0
0 0
0 0
0 0
0 0
0 5
0 3
0 1
0 0
0 0
0 0
0 196
0 580
0 859
0 740
0 536
0 639
0 927
0 908
0 538
0 107
0 287
0 323
0 318
0 385
0 400
0 708
0 975
0 741
0 213
0 419
0 704
0 134
0 395
0 488
0 43
0 35
0 206
0 3
0 0
0 0
0 0
0 0
0 0
0 0
0 0
0 0
0 0
0 2
0 0
0 0
0 0
0 0
0 0
0 48
0 0
0 1
0 41
0 13
0 58
0 10
0 0
0 0
0 0
0 0
0 0
0 0
0 8
0 3
0 0
0 42
0 138
0 61
0 79
0 4
0 0
0 0
0 2
0 0
0 0
0 1
0 1
0 0
0 0
0 0
1 0
0 0
0 0
0 0
0 0
0 0
0 0
0 19
0 5
0 3
0 32
0 39
0 6
0 0
5 13
6 0
0 3
0 157
0 36
0 0
0 0
0 0
0 47
0 0
0 4
0 0
0 0
0 4
0 0
0 0
0 0
0 0
0 164
1 548
0 500
0 254
0 14
0 17
0 24
0 134
0 218
0 427
11 298
0 272
0 79
0 219
0 10
0 28
0 0
0 6
0 0
0 0
0 0
0 0
0 2
77 1
304 2
606 4
604 3
392 3
80 1
1 0
51 0
325 0
712 1
670 4
317 5
58 1
73 1
19 0
0 0
0 0
14 0
11 0
0 0
0 0
0 0
0 0
0 0
0 0
0 0
0 0
0 0
0 0
0 0
0 0
0 0
0 0
0 0
0 0
0 0
0 0
0 0
0 0
0 2
0 0
0 3
0 0
0 0
0 0
0 0
0 3
0 4
0 5
0 0
0 2
0 0
0 0
0 0
0 0
0 0
0 0
15 0
214 0
694 0
876 3
723 3
169 0
0 0
171 0
628 3
748 2
558 5
78 0
58 0
56 0
11 0
2 0
3 0
2 0
0 0
0 0
16 0
161 2
101 0
1 0
0 0
0 0
0 0
0 0
1 0
0 0
44 6
110 1
175 2
86 0
39 0
0 0
0 0
35 1
115 1
205 2
128 1
5 0
1 0
0 0
0 0
0 0
0 0
0 0
0 0
0 0
0 0
0 0
38 0
547 1
1170 2
1815 0
2254 0
2128 0
2571 0
1827 0
1179 0
209 0
1043 0
1938 0
2821 0
3077 0
2463 0
478 0
948 0
191 0
568 0
28 0
33 0
2 0
0 0
0 0
0 0
0 0
0 0
0 0
0 1
0 0
0 0
0 0
0 0
0 0
0 0
0 0
10 0
22 0
0 0
0 0
0 0
0 0
0 0
0 0
0 0
0 0
0 0
0 0
0 0
0 0
0 0
0 0
