"pat" "th"
7704 48
6063 17
6127 20
5938 6
5193 5
3155 3
1798 5
1608 6
1482 5
1369 1523
1486 7
1201 2
781 0
658 0
565 0
1003 0
1580 0
1614 0
2588 0
3192 0
4234 0
5163 8
4223 6
5147 12
5995 13
5049 17
3494 13
1679 12
2133 16
1919 23
1355 13
1372 8
1728 8
1852 11
2743 6
2869 7
2590 10
2657 10
2448 9
2654 5
3517 8
3980 11
4050 9
3905 9
4478 11
4679 9
5660 14
5255 2
5905 8
5797 4
3576 7
2278 0
1891 3
2395 1
2951 0
3117 0
2935 4
2975 0
2956 4
3068 3
2455 17
1517 12
960 6
983 3
1202 4
1594 0
1715 0
1987 0
1819 0
1296 0
1458 0
2122 1
2269 0
1864 0
2482 1
3467 0
4704 0
4411 0
3920 0
4550 1
5319 3
6402 9
6236 14
5301 18
5720 27
5567 17
4969 3
4790 18
4183 5
3842 0
4614 2
4728 1
5250 0
5569 0
5638 0
4716 6
4508 64
3214 5
3754 5
3646 13
3015 6
3392 11
3007 25
3462 9
2833 1
2923 27
3510 35
3558 47
3539 32
4053 22
3856 8
5069 21
5496 29
5119 22
3715 13
3353 11
3548 24
3084 15
4366 26
5436 38
6308 18
7401 41
7628 13
8290 24
7218 24
6267 19
3896 20
3460 118
3768 32
4395 69
3926 55
3986 29
4413 42
4415 31
4590 24
4484 25
3387 27
2359 29
2041 47
2927 19
2700 15
1860 36
1819 66
1877 31
1641 22
2080 57
2167 66
1827 2
1653 9
1853 0
1343 5
1140 0
1005 27
468 0
878 0
1061 0
882 1
638 3
391 26
180 422
270 1251
373 1471
487 1236
874 603
817 631
661 860
92 932
720 446
949 169
1416 450
1131 379
959 377
1410 0
1628 7
1261 174
1022 139
816 25
448 140
581 314
1274 112
1888 64
2035 14
1912 265
1587 49
1030 7
1223 5
1178 1
305 3
320 1
416 8
239 3
231 0
489 0
594 0
648 0
1336 0
1579 9
1459 33
1687 157
942 36
649 17
467 30
457 24
628 39
1448 0
2614 40
2807 9
1637 0
1817 1
1511 90
937 159
1344 1318
1575 1413
1284 1110
1934 516
1807 422
1672 1043
1475 1098
2002 815
2980 818
3611 1241
3486 704
2116 327
1678 457
1740 473
1879 376
2031 480
2646 77
2857 102
2530 26
2654 211
3529 185
4430 190
5767 161
5497 387
6746 629
6497 500
6126 258
5603 872
5004 1438
4992 780
5536 568
4757 649
4707 730
3885 94
4001 469
4355 148
3991 93
4000 24
3773 14
3428 73
2677 66
2365 35
2005 60
1837 13
1571 30
1366 22
1561 38
1907 16
2280 37
2466 33
2230 30
2599 26
2938 32
3334 112
3504 71
3435 52
3018 27
2625 17
2675 10
2806 71
3468 110
2486 8
2382 0
2415 0
1827 0
1499 0
698 58
1308 46
1427 0
1036 0
1444 8
1551 14
1590 0
1580 3
1528 6
1433 1
1857 9
2102 10
2361 28
2837 26
3377 22
3491 81
3713 107
3259 105
3938 129
4126 151
4657 550
5000 906
4487 873
3996 502
3853 722
3914 601
3735 989
3615 729
4002 1321
4451 1434
4719 1912
4408 2810
3903 2467
4860 2257
3078 2021
2119 1995
1907 2043
1920 2253
2059 2434
1948 2216
2074 1795
1811 1322
1454 755
2404 570
3702 809
3711 464
3850 735
3559 953
3417 1283
2324 1172
1945 888
2322 849
3429 836
4679 1212
6037 1291
7566 1538
7955 1600
8282 1781
8734 2078
9652 2467
10824 2048
11033 2079
11246 1914
10668 2470
9756 2192
9859 2594
8686 2252
8350 2450
9940 2203
9553 1743
6871 1076
6365 1148
7023 1197
6759 1177
6140 1715
4878 2133
3849 1942
3045 2188
3306 2488
3297 2478
3768 2537
4235 3246
5884 2625
7268 1927
8331 2169
7907 2076
7696 1114
7915 1410
9193 2127
9756 2195
9608 2159
9128 2533
8606 2499
7935 2048
6948 1619
6897 1186
7372 1619
8024 2196
8093 2196
8060 1340
7388 1664
6442 2101
4449 1753
3231 821
3867 967
4747 1931
4773 2115
3980 2402
3536 2239
2972 2576
3686 2790
3887 2707
3190 2454
2149 2175
2177 2177
2123 2623
1919 2340
1913 1724
2064 1338
2746 1011
2393 1110
2489 2007
2391 1922
2404 2177
2404 1432
2513 1317
2155 1367
2126 1872
1955 1592
2237 1657
2374 961
2728 1397
2964 1084
3155 748
3426 798
3675 628
4270 742
4153 483
4303 267
4553 384
4396 873
4239 799
4665 734
5454 529
6504 1001
6307 945
7234 879
7144 801
6074 545
5795 525
6234 156
5910 361
5267 331
4768 364
4593 216
4308 399
4421 127
4255 398
3481 94
2970 121
3292 138
3451 209
3469 480
2838 581
2580 890
2566 729
2286 1026
2089 681
1984 734
1126 485
592 271
910 470
925 368
1208 634
1064 413
1490 417
1601 357
2054 362
2411 142
2867 82
2875 302
3267 122
3197 403
3240 258
3253 603
3588 354
3612 827
3622 642
3510 937
3931 819
4176 858
4650 820
5541 1039
6495 870
6672 1138
6133 910
5593 532
5095 852
5060 442
5166 1016
5025 922
4795 992
4157 1148
3965 1672
3613 1299
3057 1129
3349 627
2997 648
2103 835
2195 775
2272 807
1901 813
2011 760
2402 709
3145 1000
4104 814
4759 629
5486 702
5488 836
4984 874
4426 763
4330 566
3276 548
2344 187
1975 142
1311 214
2199 35
2937 164
3740 419
4606 153
4239 368
2821 42
2855 127
3546 207
4220 374
5118 851
6194 741
6734 860
7519 680
7178 822
6643 816
7139 1019
6503 1258
6007 1380
5279 1534
3287 1392
2621 1340
2743 1135
1995 822
2268 678
1123 703
1265 701
1118 574
555 414
806 503
1011 302
778 334
710 197
1413 78
1262 115
286 151
284 54
692 170
742 18
460 417
171 100
125 181
218 204
140 361
191 974
269 895
295 946
105 913
99 1195
72 1169
2 1278
41 1000
152 1017
59 979
8 1224
44 1396
12 1399
40 1755
15 2047
24 3054
10 3313
47 3807
18 3769
61 3993
9 4588
34 6200
16 6558
48 5788
36 3948
93 3722
125 2892
184 2478
129 1937
88 2145
109 1869
92 2602
52 2163
3 2346
14 3070
4 3380
19 5342
15 5375
21 4703
10 4509
32 4051
12 3471
29 3337
77 2263
146 2411
87 2314
41 2615
23 2037
27 1998
25 1989
28 1979
6 1266
13 824
11 1042
5 562
5 967
9 1099
17 570
6 585
5 749
10 877
12 1234
6 645
4 568
1 537
3 793
4 914
10 1415
10 1096
7 1245
56 1178
102 712
85 588
381 554
1084 855
2169 1054
2995 842
4443 385
6286 937
6988 783
6548 1270
6182 969
5597 1109
5902 1354
5705 1840
6276 1837
6206 1657
6101 2188
6069 2394
6533 1885
7226 1566
6256 1319
5334 1250
5267 883
5023 728
4242 1025
4333 788
4258 1020
4711 463
4580 1162
4321 1178
3346 1282
3407 946
3194 1212
3245 1200
3623 1371
3963 1184
4175 1155
4126 676
3768 603
4301 370
4917 800
4476 115
3597 272
3193 340
2716 1006
3455 606
4238 1034
3987 651
4188 597
4196 765
3989 1123
2983 1007
3199 1721
3340 1569
3919 1308
3970 1063
4630 1096
4768 1208
4845 1465
4662 1255
4639 1864
3770 1534
3608 1406
3609 1112
3510 1302
2808 1215
2193 1218
1592 870
1138 418
732 583
878 596
740 965
530 787
924 872
1159 824
1312 1016
1312 935
1247 1282
1134 1258
1115 1790
1011 1414
1341 1959
1711 1565
1496 2130
803 2636
617 3066
227 2850
232 3431
174 2717
83 2404
170 2175
161 2570
147 2063
61 2018
81 2316
55 2389
26 2272
31 2415
18 2078
20 2063
3 1507
58 1333
14 1350
102 1990
119 2409
46 2189
84 1797
47 1393
114 1258
28 1666
5 2057
3 2224
6 2343
41 2686
106 3060
291 2011
186 2223
184 2307
132 2177
275 1792
168 2327
206 1890
186 2366
145 2536
66 3058
7 2657
17 2490
37 2138
280 2422
1328 2152
2278 2237
3540 1791
4797 1493
5732 1159
5896 888
6296 552
5724 433
3932 538
3816 605
2978 734
2243 713
1641 743
1055 565
626 554
331 696
294 641
100 1098
209 1094
415 2135
562 1736
512 1735
372 1115
306 1019
348 997
362 1692
233 2391
264 2351
306 1908
576 1744
997 2292
1367 2275
1797 2670
2318 2501
2859 3022
3384 2878
3218 2632
2694 2402
2801 2281
3187 2017
2606 2055
1420 1633
990 1694
543 1398
1006 1685
474 710
75 796
155 801
340 882
334 886
544 885
311 590
355 728
251 586
77 1132
48 1320
39 1874
70 2567
44 2737
53 2772
67 2417
15 2462
15 2193
10 1411
27 1313
21 1282
36 1315
40 1160
140 1022
63 787
54 651
38 710
10 681
10 510
9 380
7 644
1 823
4 949
10 717
13 432
0 334
3 747
0 796
2 1154
3 950
7 1278
10 722
6 601
3 532
12 393
12 380
11 547
1 136
1 402
8 902
9 1293
13 1116
20 827
16 807
10 699
48 661
3 504
0 810
8 1500
6 1385
9 1161
7 1473
5 1618
8 1617
7 1435
5 1245
1 876
3 788
2 1092
1 1018
3 801
3 1274
2 945
6 1649
5 1017
4 1102
15 653
26 813
11 1080
16 1160
14 1096
9 1257
21 1472
18 1230
12 1016
37 880
63 892
91 1119
63 935
60 1114
111 784
196 1165
948 1032
2521 1464
3989 1714
4337 1691
4420 2246
4267 2085
3975 1782
3416 1192
2871 894
1670 811
995 970
904 1181
1025 1366
1934 1549
2352 1683
3089 1752
3371 1669
2928 1415
1839 1128
1528 945
1127 873
1302 753
1422 556
1954 615
2108 317
1960 172
1841 154
1788 364
1934 582
2106 961
2135 1216
2128 1306
2181 1486
2435 1412
2844 1812
3480 1742
4323 1779
4994 1942
5061 1953
4613 1784
4246 2031
3752 2114
3377 2117
2843 1626
2661 1811
2029 2404
2670 2633
4500 2320
6158 2563
6310 2706
6141 2000
6015 1398
6552 1664
6767 1049
6799 1488
6929 1497
6527 1611
5325 1047
4009 1191
3323 913
2411 957
2281 1226
1846 1399
1418 1655
1098 1667
1441 2569
992 2803
606 2799
193 2354
110 2306
186 2216
189 2458
87 2453
158 2110
326 1458
639 1197
997 1699
918 2274
986 2312
837 2081
855 2412
660 1807
456 1746
251 1853
615 1980
1426 1545
2055 1860
2460 2666
2785 3208
3185 3309
3836 3460
4508 3232
5101 3042
5587 3690
6207 3233
6434 2675
6145 1089
6015 1160
5748 463
5899 448
5734 859
5725 371
6049 370
6908 684
7318 588
7533 821
7161 1329
7411 1237
7364 1155
6915 1817
6243 2522
5916 2672
5471 2768
5007 2186
4477 1733
5327 1572
5009 2355
5492 2316
5428 2538
5010 2917
4524 2593
4373 2839
3806 2908
3007 2182
2159 2356
2049 1505
3350 1639
4463 1435
5277 1508
4754 1643
4361 1875
4040 1900
4115 2047
3737 2422
3071 2522
2395 2282
2409 2085
2399 1576
2787 1993
2037 2500
2380 2976
2326 2903
1873 3103
1135 2994
1052 2991
1240 2756
1124 2413
876 2009
1279 1361
2039 997
2709 1218
3018 2304
2702 3981
1940 4232
2033 3023
1579 2676
1476 2577
1260 2601
1270 2866
1197 2655
1259 2177
1129 2152
756 1516
1025 1145
1191 1069
1358 1092
1453 1026
1731 1081
1769 917
1268 729
1798 714
1868 736
1425 683
1104 576
1187 538
1236 447
1273 1068
1174 1199
881 1530
833 1963
554 3096
543 3973
1235 3528
1805 2974
1854 2445
1660 1753
2135 1259
2350 1225
2790 825
3692 937
3982 848
5180 855
5945 796
5939 1762
6462 1523
6182 2025
5716 1713
4703 1937
4739 1169
4445 1282
4799 1053
5073 648
5166 662
5812 587
5285 584
5288 249
6393 643
7791 268
8400 721
7538 729
6823 674
5629 763
3651 717
3853 693
2308 331
2810 246
4006 297
4309 257
3537 456
3453 314
3571 466
3636 416
3632 614
3409 367
3301 320
3264 412
2769 164
2050 364
1741 208
1659 352
636 234
1218 365
847 196
794 437
447 430
660 499
643 279
457 145
564 482
342 1016
272 827
436 854
496 896
1099 539
1427 582
1966 780
1383 785
945 622
898 246
832 385
839 218
700 185
519 169
481 246
564 510
634 1182
600 2536
392 3263
325 2785
464 2464
300 1734
95 1149
127 584
374 394
69 283
320 957
398 2294
178 3905
183 3331
148 3844
330 3703
440 3039
532 2445
561 2533
442 2999
301 2827
1146 2577
1936 2463
1675 3111
1236 2895
2501 2039
2781 1788
4148 1887
4410 2112
4116 1908
3481 1319
2634 1575
2580 1604
2213 1424
1792 1060
1558 2007
955 2167
817 2339
742 2325
1084 2321
1103 2472
999 2310
1378 2058
1489 1757
1338 2215
1203 2237
879 2331
279 2398
368 2287
302 2696
358 2525
481 2059
522 2147
755 1737
694 1800
520 1880
150 2322
293 1745
408 1577
150 1550
377 1413
531 893
703 1528
740 1815
1078 2655
1050 2705
1042 2529
1449 1489
1240 2430
1007 3710
880 2637
793 2074
1485 1251
2032 979
2062 1517
1984 1407
1898 1766
1589 2472
1408 2876
1623 3683
2441 3939
2459 3095
2084 2740
1986 2824
2027 3621
1801 4285
2017 4893
1901 5158
1662 4881
887 4590
1599 4538
2083 5077
1828 4326
2035 4502
1943 3621
1289 3453
876 2971
719 3141
826 2444
1044 2677
1323 2128
1117 2656
1157 2253
1483 2595
2160 1943
1881 2004
1579 1965
1599 2258
1671 2559
1530 2646
1736 3058
1787 3049
1307 3642
842 3766
1173 4270
1734 3390
1222 4193
1542 4167
1724 4304
1567 4422
1233 5161
1193 5067
1129 5023
942 4403
951 3910
310 3320
842 2332
1076 1088
926 2607
1490 3556
1678 4371
1496 5448
1233 5688
1132 2765
890 1890
1187 1823
1311 1462
1362 1316
1407 883
1667 1213
1844 903
1861 971
1877 1648
1823 1621
1665 1424
1329 675
935 417
792 1281
436 420
479 626
602 344
948 443
937 393
808 414
1436 989
1844 349
2508 144
3172 232
3178 116
2859 70
3239 173
3213 269
2646 246
1717 796
897 1334
410 2216
474 2653
1071 2372
1178 2456
1405 2574
1434 1962
918 1090
524 1518
202 1706
91 1263
106 958
60 953
57 902
74 1218
12 1275
21 969
46 1047
138 1297
221 1887
128 2234
63 2245
86 1659
28 1421
13 1843
15 2184
36 1774
102 1483
157 1531
187 2151
276 2561
336 1572
174 1346
150 1120
189 416
166 869
223 543
119 899
190 624
187 512
220 870
190 676
134 1069
96 2021
107 2278
26 1975
196 1199
261 1845
253 2055
307 954
269 178
242 821
152 1072
63 1080
33 650
102 149
182 1214
103 1690
143 737
537 969
738 623
845 517
1104 503
1584 73
2209 150
2672 53
2922 120
2968 58
3653 37
4001 142
3908 83
3764 57
4057 48
3784 39
3426 64
2954 31
2315 13
1510 14
645 2
973 2
1747 5
2437 20
2966 43
3107 45
3370 49
3557 98
4097 110
4730 118
5541 279
6206 252
6090 290
6192 233
5755 182
6357 116
6645 61
6452 34
6670 30
5995 31
4819 31
4388 26
4271 21
2057 4
1390 4
1044 1
920 7
748 6
1101 9
654 11
493 10
392 6
354 4
289 16
143 25
11 0
2 0
11 0
9 0
13 0
7 0
55 32
0 0
24 23
0 14
25 0
0 0
0 0
0 4
0 0
0 0
0 0
0 9
4 0
4 0
7 1
0 2
0 0
0 0
0 0
0 0
0 0
0 146
0 630
0 582
4 948
22 1623
4 1832
5 1489
7 1387
7 955
2 408
7 382
6 500
4 618
2 618
8 252
5 238
3 375
6 352
4 336
10 500
7 844
4 1121
3 1282
3 1013
2 1015
5 856
3 429
0 376
0 553
2 970
2 1226
2 1455
2 1609
1 302
0 1348
0 708
0 447
0 342
0 46
0 170
0 53
2 62
0 138
13 35
129 67
163 164
186 82
79 1
89 31
33 40
39 56
41 0
149 1
234 0
314 12
106 1
119 0
231 0
86 0
11 0
14 0
11 0
31 0
52 0
51 0
5 0
0 0
5 0
0 0
1 0
0 0
0 0
0 0
0 0
0 0
0 0
0 0
0 0
0 0
14 2
0 0
0 0
0 0
0 0
0 0
0 0
0 0
0 0
0 0
0 0
0 0
0 0
0 0
0 0
9 2
1 6
26 0
29 4
0 0
84 0
0 0
0 0
99 2
0 3
10 5
0 0
0 0
0 0
0 0
0 0
0 0
0 0
0 0
0 0
0 0
0 2
0 1
0 0
0 2
1 0
0 0
0 0
0 0
0 6
0 3
0 5
0 0
0 1
0 0
5 8
0 0
0 0
2 0
0 0
0 0
0 0
0 0
0 0
1 0
0 0
0 0
0 0
0 0
0 1
0 25
2 82
1 69
0 44
0 0
0 1
1 56
2 125
4 95
0 56
5 5
0 1
2 108
3 181
2 106
0 31
0 0
0 0
0 0
0 0
0 0
0 0
0 0
0 0
0 0
0 0
0 0
0 0
0 0
0 0
0 0
0 0
0 0
0 0
0 0
3 8
0 0
0 0
0 0
0 0
0 0
0 0
0 0
0 0
0 0
0 0
0 0
0 0
0 0
0 0
0 2
0 6
0 10
0 23
0 20
0 27
0 23
0 26
0 35
1 59
4 46
0 0
0 8
0 0
0 1
0 0
0 1
0 2
0 5
0 0
0 0
0 0
0 0
0 0
0 0
0 0
0 0
0 0
0 0
0 0
0 0
0 0
0 1
0 1
0 22
4 70
0 8
0 43
0 29
0 52
0 22
0 18
0 19
0 28
0 7
0 0
0 0
0 0
0 1
0 2
1 0
0 0
0 0
0 0
0 0
0 0
0 0
0 0
0 0
0 0
16 19
0 0
0 0
0 0
0 0
0 0
0 0
0 0
0 0
0 0
0 0
0 0
0 0
0 0
0 0
0 0
0 0
0 0
0 0
0 0
0 0
0 0
0 13
0 407
1 796
9 813
0 1134
0 1457
1 1642
0 2164
7 2065
12 1540
7 1103
17 420
7 202
6 282
5 233
2 163
4 220
2 206
4 158
4 105
1 41
0 29
4 93
4 204
3 124
0 85
14 68
3 221
7 343
3 293
12 464
7 649
9 920
0 1210
0 1102
0 747
1 615
0 517
0 552
0 566
0 452
0 533
0 815
0 913
0 847
0 778
0 229
0 531
0 528
0 556
0 1091
0 946
0 882
4 719
0 883
0 982
25 824
0 1339
0 1384
10 1042
0 679
0 755
0 1015
0 1203
0 1316
0 1152
0 1296
2 934
0 151
0 1702
0 2180
0 1387
0 785
15 66
0 459
4 323
0 72
0 287
11 37
0 84
0 31
0 152
0 31
0 4
7 7
17 1
45 18
30 26
0 0
1 36
6 18
11 6
6 20
4 64
0 92
2 52
0 20
1 17
0 35
0 67
0 253
0 570
0 808
1 849
0 433
0 320
0 1137
0 1367
0 433
0 748
0 517
0 365
0 461
0 55
0 85
0 184
0 16
0 676
0 466
0 258
3 91
0 221
0 20
0 130
0 55
0 61
1 101
6 24
3 31
0 0
0 8
0 15
0 28
0 67
4 50
0 25
0 52
9 39
0 2
0 0
0 0
0 23
0 4
3 4
0 23
0 14
0 3
14 0
7 0
81 1
0 0
21 9
119 0
27 3
0 0
2 0
40 0
53 0
8 0
91 0
32 0
2 5
44 3
0 12
0 88
0 11
0 13
0 72
0 66
1 68
0 10
0 6
0 11
0 0
0 17
0 46
1 80
0 31
20 32
0 0
0 0
0 1
2 126
0 77
0 55
0 0
0 6
3 58
1 70
1 2
0 5
0 0
3 5
0 0
33 0
0 3
23 10
0 1
1 0
0 0
1 0
0 0
6 0
2 10
0 0
0 0
0 0
15 0
1 0
7 0
21 2
84 1
160 0
82 0
0 0
21 0
123 0
26 2
15 15
0 0
6 7
1 5
0 6
0 8
0 14
6 17
4 7
6 39
42 33
7 20
73 20
112 5
16 2
12 5
21 9
16 0
7 2
2 8
3 5
0 3
0 2
0 0
0 0
0 6
0 3
0 3
0 0
1 0
0 0
7 0
3 0
31 0
45 1
30 14
17 0
0 0
21 0
0 0
0 0
25 0
5 0
0 0
0 0
0 0
5 0
17 0
188 0
230 0
239 0
304 0
417 0
280 0
159 0
101 0
22 0
140 0
101 0
77 0
99 2
7 0
53 0
258 0
354 0
217 0
158 0
113 0
108 0
197 0
388 0
560 0
498 0
638 1
639 0
518 0
263 0
321 0
264 0
306 0
617 0
602 0
535 0
398 0
292 0
291 1
86 0
32 0
4 0
6 0
87 0
169 0
183 0
160 0
157 0
170 0
141 1
210 0
247 0
159 0
150 0
63 0
64 0
135 1
161 0
26 0
87 0
66 0
7 0
7 0
75 0
24 0
4 0
30 0
28 0
88 0
90 0
108 0
85 0
10 0
7 0
18 0
26 0
45 0
10 0
16 0
29 0
19 0
269 0
520 0
433 0
440 0
342 0
165 0
259 0
337 4
93 0
41 0
37 0
70 0
42 0
20 0
0 0
22 0
45 0
35 0
34 0
41 0
15 0
11 0
1 0
4 0
3 0
13 0
0 0
0 0
8 0
0 0
0 0
1 0
12 137
0 222
4 371
83 385
91 434
88 261
61 151
5 90
0 7
0 6
0 24
5 36
52 77
34 143
118 289
272 531
109 1211
97 1357
21 1483
5 1709
6 1563
6 1899
20 2225
11 2085
48 2247
166 2480
12 2421
20 2576
4 2233
23 1889
4 1353
0 1134
0 916
3 861
0 667
0 495
0 435
6 431
0 493
3 467
0 558
0 556
0 465
0 514
0 334
2 446
0 162
0 126
0 123
0 271
10 552
0 492
0 613
0 572
0 613
0 545
0 537
0 240
0 442
2 370
1 460
0 342
0 364
0 194
0 355
0 387
0 447
0 419
0 383
0 293
0 343
0 224
0 290
0 382
0 426
8 616
0 316
0 280
2 259
0 173
0 68
0 217
0 383
0 493
0 724
0 835
0 1149
0 1466
0 1986
0 2412
0 2811
0 3566
0 3741
0 3278
0 2845
0 2581
1 1911
0 1794
4 1669
0 1630
1 976
0 531
0 323
0 350
0 127
0 22
0 200
0 4
0 55
0 0
0 11
0 0
0 17
0 10
0 7
0 5
0 6
0 22
0 8
0 2
0 1
0 8
0 3
0 3
0 0
1 54
0 21
0 3
0 5
0 1
0 6
0 1
0 4
0 3
0 6
0 6
0 7
0 17
0 16
0 0
0 0
0 0
0 0
0 0
0 6
0 49
0 19
0 13
0 9
0 39
2 57
0 17
0 26
0 2
0 15
0 4
0 0
0 4
0 16
0 22
0 21
0 41
0 38
0 64
0 12
0 3
0 0
0 0
0 0
0 0
0 0
0 0
0 0
0 0
0 0
12 5
0 0
0 0
0 0
0 0
0 0
0 0
0 1
0 0
0 0
0 0
0 0
0 0
0 0
0 0
0 0
0 0
0 0
0 0
0 0
0 6
0 0
0 0
0 0
0 0
4 0
0 0
0 0
0 0
0 0
0 0
0 0
0 0
0 0
1 0
0 0
0 0
0 0
0 0
0 0
0 0
0 0
0 0
0 0
0 0
0 0
0 0
0 0
0 0
0 0
2 0
0 0
0 0
0 0
0 0
0 0
0 0
0 0
0 0
0 0
0 0
0 0
0 0
0 0
0 0
0 0
0 0
0 0
0 0
0 324
0 1251
0 2244
0 2826
0 3191
0 3787
2 4202
0 4258
0 4031
0 3552
0 2993
0 2250
0 1660
0 1082
0 1009
0 949
0 1886
0 2499
0 2569
0 2400
0 2317
0 1931
0 1121
0 906
0 631
0 714
0 928
0 1167
0 1467
0 2145
1 2887
8 3922
0 3738
0 3233
0 2435
0 2682
0 2755
0 2394
0 2068
0 1601
0 1242
0 1615
0 1775
0 1952
1 1898
0 1619
0 789
0 1260
0 1213
0 902
1 1285
0 1701
0 2278
0 2785
2 3398
0 3365
1 3277
0 2742
0 2614
0 2214
0 2278
0 1823
0 187
0 489
0 517
0 450
0 40
0 83
2 3
0 2
4 0
19 1
0 0
3 0
36 1
0 0
4 1
0 0
0 0
2 0
0 0
41 5
0 0
0 0
3 0
0 8
0 44
1 29
0 39
0 29
0 10
0 108
6 148
3 190
2 137
0 18
0 1
0 0
0 0
0 0
0 4
0 13
0 0
0 0
0 4
0 4
2 20
0 0
0 20
1 8
0 0
0 0
0 0
0 0
0 0
6 4
5 39
0 60
0 0
0 14
0 12
0 158
0 172
0 3
0 100
0 0
0 0
0 0
0 0
0 0
0 0
0 7
0 0
0 0
0 0
0 0
0 0
0 0
0 0
0 28
2 73
0 81
0 59
0 13
0 32
0 174
0 28
0 0
0 24
0 21
0 0
0 1
0 0
0 103
0 217
0 86
2 83
0 4
0 29
0 28
0 59
0 46
0 28
0 0
0 0
0 0
0 0
0 0
0 0
0 0
0 0
0 0
0 0
0 0
6 0
0 0
0 0
0 604
0 1792
0 2911
0 2941
17 2791
0 2060
0 1867
0 1568
0 1258
0 2713
2 3621
2 3453
0 1493
0 1179
0 1598
47 1272
5 1409
0 2047
0 2506
0 2598
0 2475
0 2145
0 1783
18 412
0 410
0 97
0 37
0 80
7 93
6 39
0 0
67 5
173 0
280 0
193 0
71 0
39 0
107 0
136 0
90 2
0 0
3 1
0 0
0 0
0 0
0 0
0 0
0 0
0 0
0 0
0 0
0 0
5 22
0 497
14 1626
0 2012
0 2618
0 3092
0 3215
0 2625
0 1449
1 2071
6 3198
0 3632
17 2814
0 2574
0 3280
0 3235
0 1455
1 2899
0 3720
0 3203
0 886
0 1135
0 941
0 764
0 832
0 1060
0 1501
2 1754
0 1727
0 1334
0 1144
0 2281
0 2697
0 2617
1 2462
0 1641
0 648
0 245
0 305
0 381
0 338
0 225
0 79
0 33
0 26
0 52
0 14
0 24
0 8
0 16
0 3
0 0
2 8
0 0
0 0
0 0
0 0
0 0
0 0
0 1
0 0
0 0
0 0
0 0
0 0
0 0
0 0
0 0
0 0
0 0
0 0
0 0
0 0
0 0
0 0
0 0
0 0
4 7
0 0
0 0
0 0
0 0
0 0
0 0
0 0
0 0
0 0
3 0
0 0
0 0
0 0
0 0
0 0
0 0
0 0
0 0
0 0
0 0
0 0
0 0
0 0
0 0
7 0
0 0
0 0
0 7
0 4
0 0
0 4
0 21
0 18
0 33
0 0
0 4
0 12
0 27
0 32
0 25
0 24
0 4
0 0
0 1
0 10
0 13
0 8
0 17
1 67
14 40
0 0
0 0
0 2
0 57
1 47
1 17
0 0
0 0
0 2
0 2
0 0
0 5
0 23
1 23
0 12
0 2
0 9
0 4
0 2
1 6
0 27
0 28
0 4
0 0
4 3
0 0
0 2
0 0
0 0
0 0
0 0
0 153
0 888
0 2452
0 3739
0 3287
0 3817
0 3073
0 2851
1 1995
0 1581
0 2166
0 2783
1 3054
0 3425
0 3555
0 3551
0 1890
0 685
14 196
0 249
0 78
0 739
0 1145
1 786
0 93
0 58
0 77
4 196
8 268
6 578
6 512
0 500
0 834
0 1073
0 1116
0 696
0 328
0 908
0 1441
0 1863
0 2593
0 2990
0 2844
12 2675
0 2240
0 2037
0 1777
0 1579
0 1544
0 1660
0 1787
6 1689
5 1333
0 1281
0 1294
0 1250
0 849
0 724
0 1009
0 1561
0 1851
0 2625
0 2729
0 2737
0 1853
0 1353
0 2000
0 2235
10 2696
3 2287
1 2011
0 1448
0 1811
0 2949
0 3040
0 2724
0 2510
1 2520
6 2151
5 2492
7 2765
5 2456
5 1117
0 531
0 428
0 913
0 1098
3 1476
0 1098
9 832
5 2016
5 1637
1 552
6 746
0 361
0 489
4 574
3 489
2 540
0 321
0 153
0 362
0 457
0 230
0 140
0 8
0 5
0 439
0 1026
0 1044
0 483
0 82
0 21
0 214
0 399
0 395
0 191
0 144
7 333
0 144
0 369
0 287
0 116
0 251
0 271
0 178
0 130
0 20
0 0
0 89
0 45
0 0
0 164
0 84
0 7
1 52
1 2
0 3
0 0
0 190
0 563
0 697
0 652
12 580
0 198
0 34
0 18
0 376
0 409
0 411
0 545
0 387
0 43
0 5
0 23
0 370
0 244
0 40
0 40
0 29
0 38
0 115
0 153
0 233
0 199
0 49
0 2
0 15
5 213
0 73
0 157
0 51
0 1
0 95
0 202
0 41
0 0
0 0
0 0
0 76
1 59
0 15
0 20
0 519
0 988
0 900
0 54
0 489
0 1217
1 1767
0 970
0 1023
0 627
7 418
0 85
0 69
0 72
0 187
0 42
0 134
0 9
0 29
0 0
0 0
0 13
0 6
0 5
0 15
7 234
6 537
6 222
3 96
0 185
0 291
1 642
1 1038
1 1353
0 1123
3 558
0 54
0 705
2 1130
0 1448
0 1634
1 1198
0 321
0 877
0 457
0 508
0 17
0 5
0 16
1 7
0 0
0 0
0 1
0 15
0 0
0 0
0 0
0 0
0 0
0 0
5 5
0 0
0 14
0 11
0 54
0 181
0 225
0 13
0 0
0 0
2 2
13 54
47 164
1 125
10 3
10 12
0 0
7 9
46 48
5 184
0 361
0 455
0 352
0 57
1 36
36 661
0 955
0 786
0 309
1 411
5 167
0 433
0 135
0 5
0 5
0 2
0 14
0 40
10 122
0 21
0 9
0 1
0 98
0 93
0 148
0 143
0 75
0 50
0 63
7 98
51 272
0 108
2 272
1 116
1 96
2 54
0 9
0 18
0 21
0 33
0 0
0 0
0 0
0 0
0 0
0 0
0 0
0 0
0 0
0 0
0 0
0 7
0 0
0 3
0 0
9 69
0 7
0 30
0 27
0 2
0 5
0 3
0 0
0 4
0 2
0 10
0 22
0 0
0 0
0 0
0 5
0 0
27 2
56 4
206 6
361 6
414 10
226 4
258 5
103 2
176 24
20 1
25 0
25 0
49 1
101 1
139 2
161 3
95 3
154 5
40 1
47 3
11 2
16 2
11 0
0 0
5 1
0 0
0 0
0 2
0 1
11 11
0 40
0 55
0 19
21 25
5 0
0 3
0 0
0 1
0 0
0 0
0 0
0 0
7 0
0 0
0 1
6 0
0 8
0 8
2 2
6 5
1 16
0 138
0 1058
0 1523
2 1367
10 1331
9 1542
0 2192
10 2671
0 2546
0 2994
3 2134
0 984
0 838
1 1304
0 1146
0 1193
0 785
0 193
0 199
1 345
2 218
0 546
0 763
0 1081
0 1467
0 1594
0 1510
0 1795
1 1438
0 1854
0 1851
0 1187
3 1352
1 1034
0 1416
1 1264
1 1436
2 653
2 1202
3 1159
5 1221
2 1004
3 1582
3 1526
3 2102
4 2104
5 2025
5 1950
6 1447
7 905
19 1355
2 1264
5 1242
1 1056
2 1329
4 1334
2 732
23 1030
0 915
0 1293
8 699
0 712
0 550
0 793
1 1268
2 1190
5 1468
1 2796
0 3262
3 2895
4 1558
5 2963
7 3835
4 3678
3 3419
10 3090
8 2759
3 2962
6 2293
4 2014
3 1024
4 1210
13 1093
9 1250
8 1933
7 1486
2 2210
0 2315
0 3318
0 3453
0 3268
0 2414
0 2440
1 2070
0 1341
0 1210
0 1550
0 2166
0 1132
0 1791
0 1328
0 529
1 1588
0 1428
0 1416
1 242
1 1034
7 1973
0 1274
0 863
0 1960
0 2782
0 3903
0 3973
0 3640
0 3565
0 2912
0 1546
0 1501
0 2713
0 2330
0 1615
0 998
0 534
0 417
0 612
0 920
0 1386
0 2029
12 2908
0 3377
7 3201
7 2237
0 1825
0 2489
0 1998
0 997
4 784
1 2018
1 2650
5 2528
0 1723
0 1096
11 655
0 649
0 874
0 272
0 355
0 428
0 112
0 425
0 440
0 137
0 219
0 230
0 133
0 466
5 327
0 340
0 986
0 1137
0 1100
0 159
0 177
0 205
0 44
0 148
0 39
0 110
0 154
0 93
0 48
0 35
0 4
0 12
0 0
0 13
0 9
0 23
0 5
0 0
0 0
11 12
0 0
18 1
0 0
20 2
0 0
27 0
0 0
0 11
0 2
0 27
0 13
0 11
0 23
0 12
0 17
0 21
0 10
0 6
0 0
0 0
0 0
0 0
0 0
0 0
6 5
0 0
0 0
0 0
0 0
0 0
1 0
0 0
0 0
0 0
0 0
0 0
0 0
0 0
0 0
2 0
0 30
4 91
0 421
2 1060
0 1197
0 2173
0 3015
0 3420
0 3615
14 3960
0 3888
0 2988
0 1557
0 2125
0 1755
0 1928
0 2539
0 2743
0 2733
2 2514
15 1865
0 1516
0 1457
0 1392
0 1293
0 925
0 593
0 417
0 277
0 65
0 87
0 55
0 39
0 229
1 351
0 364
0 498
0 592
0 725
0 1074
0 1230
0 1369
0 1436
0 1325
0 1157
0 850
0 964
0 1514
0 2060
0 2718
2 3151
0 2910
0 2603
0 2431
0 2482
0 2690
0 2694
0 3128
0 3426
9 3486
0 3156
0 2844
0 1369
0 1534
1 1556
0 764
0 1568
0 1239
0 1120
0 818
0 891
0 1018
0 1014
0 708
0 111
0 132
0 162
0 30
0 13
0 31
0 6
0 0
0 18
0 5
25 17
1 2
0 48
0 183
0 879
0 1747
0 2113
0 2501
0 2489
0 2881
0 3194
0 3375
0 3267
0 2742
0 1992
0 1179
0 1439
0 2232
0 2655
0 2593
0 2136
0 1262
0 281
0 787
0 381
8 234
0 52
0 13
1 118
0 141
0 347
0 586
0 852
0 1033
0 1163
0 1424
0 1457
0 1964
0 1713
0 2023
0 1832
0 1867
0 1476
0 1484
0 1011
0 1036
0 242
0 487
0 1366
0 2236
4 3123
0 3232
0 3193
0 2430
0 478
0 1572
0 1542
0 1088
0 319
0 1080
0 1237
0 805
0 974
0 241
0 473
0 233
11 316
0 498
0 821
0 1525
3 2113
0 2106
0 2145
13 2167
0 2078
5 1558
7 747
42 1120
169 1121
89 1123
6 517
0 436
2 851
9 839
52 677
63 252
38 2
3 276
0 546
0 1420
0 1927
0 2547
0 2666
0 3208
0 3134
0 3402
0 3006
0 2858
0 2561
0 2170
7 1287
0 1865
0 2944
0 3383
0 3240
0 2383
0 991
0 907
0 898
0 852
0 2172
0 2431
0 3242
6 3260
8 2759
0 2124
0 1747
0 1215
0 1029
0 1062
0 896
0 1013
0 966
0 864
0 361
7 530
0 342
0 96
0 116
0 117
0 10
0 35
0 114
0 13
0 104
0 400
0 485
0 478
0 342
0 128
0 346
0 446
0 430
2 31
0 184
0 140
0 22
0 219
0 26
0 81
5 112
0 93
0 57
0 15
0 80
9 0
0 70
0 592
0 1456
0 2006
0 2752
0 3385
0 3873
0 4059
0 4046
0 3830
0 3425
0 3166
0 2809
0 2293
0 0
0 1624
0 2073
0 2656
0 0
9 2810
0 0
0 2592
0 1968
0 1639
0 894
1 1294
1 2201
0 1940
0 1135
0 1849
0 1887
0 2028
0 859
0 1968
0 2376
0 2054
0 1885
0 1839
0 0
0 5210
0 0
0 1668
0 2365
0 3471
7 3520
0 3100
0 2854
0 2955
0 2079
0 2953
0 2730
0 2012
0 2601
0 1918
2 1563
0 1193
0 1591
0 1495
0 2218
0 2196
0 0
2 2899
2 1729
2 2129
6 2105
6 1940
13 1407
3 1215
0 957
9 1966
3 2591
0 2331
0 1694
0 1822
0 2205
0 2567
3 1773
4 1566
1 943
2 2021
0 2284
0 1909
0 1458
0 579
0 754
0 751
0 562
0 1606
0 1712
1 1369
0 1642
1 1468
0 510
0 1083
5 1148
0 256
3 647
0 1174
0 1027
2 401
0 553
0 688
0 1599
0 1582
4 926
0 952
0 1166
0 887
0 808
0 853
0 894
4 616
0 384
14 468
0 480
0 1137
0 1477
0 1478
0 447
5 711
0 932
0 741
0 290
0 142
0 80
0 140
0 274
0 130
0 89
11 12
11 57
4 194
16 274
0 264
0 149
11 80
2 57
9 149
2 277
0 608
0 822
0 897
0 847
0 584
9 484
20 324
13 195
0 531
0 925
0 1308
0 1722
0 1494
0 1921
0 1745
0 521
1 577
0 1251
0 1891
0 1323
0 640
0 1652
2 1716
1 1069
0 53
0 1159
0 1084
6 536
4 18
0 162
15 95
0 455
0 1035
0 1176
0 1184
0 790
0 386
0 139
0 56
0 84
0 144
0 305
0 699
0 1033
0 1220
0 1356
4 1353
0 726
0 1088
0 1079
0 144
0 535
0 474
0 1158
0 1519
6 977
0 1009
0 1306
40 1085
0 687
0 711
0 1158
0 1844
0 1177
0 1066
0 1048
0 626
0 1807
0 1073
0 274
0 919
0 577
0 1201
0 1157
0 1183
0 1315
0 1381
0 751
0 575
0 584
7 982
0 1049
0 1706
0 1250
0 1143
0 134
0 1015
0 2062
0 1784
0 1357
1 389
0 556
0 585
0 592
0 1035
0 1749
0 1408
0 1871
0 1904
0 2676
0 2693
0 2586
0 446
0 1211
0 155
5 735
0 7
0 318
0 284
0 760
0 706
0 997
0 1093
0 1052
0 907
0 1032
0 851
0 587
0 538
0 1337
0 1328
0 1050
0 582
2 940
7 926
6 474
36 90
0 342
0 331
0 325
9 633
0 157
5 303
0 84
0 101
0 446
0 210
0 292
0 179
5 53
0 67
0 196
0 152
0 30
0 25
0 61
1 229
0 61
0 18
0 130
0 121
0 17
0 9
0 26
0 170
7 62
0 69
0 143
0 54
0 54
0 362
0 187
0 276
0 272
0 561
0 1038
0 1314
0 1509
0 1199
0 1130
0 1371
0 1230
0 936
0 980
0 1028
0 1009
1 826
0 722
0 688
0 734
7 806
4 758
11 655
5 629
1 554
3 538
2 430
1 266
0 370
4 458
3 567
4 639
1 553
0 586
0 468
0 250
0 491
0 525
3 608
6 694
2 676
9 671
4 751
4 760
2 746
15 914
0 901
0 1023
0 1010
0 1784
0 1558
0 752
0 1034
0 1011
0 256
0 278
0 262
0 563
0 936
0 755
0 1232
0 1274
0 858
0 814
0 872
0 588
0 1182
0 1313
0 900
0 755
12 264
0 420
0 585
0 455
0 125
0 77
1 80
0 376
0 249
0 370
0 766
0 630
0 1049
0 759
0 312
0 416
0 189
0 5
0 99
0 201
6 682
0 510
0 723
0 947
3 359
23 715
0 409
0 822
0 1077
0 583
0 443
0 242
0 328
0 662
0 395
0 443
0 572
0 873
0 780
0 525
0 500
0 506
0 440
0 277
0 167
0 178
0 319
0 389
0 306
0 137
15 187
0 57
0 22
0 0
0 0
0 0
0 9
0 4
0 0
0 0
0 0
0 0
0 0
0 12
0 4
0 0
0 13
0 0
0 38
0 11
0 0
0 0
0 12
0 30
0 386
3 640
0 584
0 699
0 970
0 1447
0 1293
1 1401
0 1592
3 1223
11 1156
10 686
14 487
8 748
10 828
6 961
9 600
11 515
2 667
0 868
1 966
0 938
0 907
0 1069
0 741
1 573
15 420
0 269
0 116
0 48
0 15
0 50
0 6
0 60
0 6
0 136
0 52
0 24
0 279
0 970
0 1860
0 2346
0 2711
1 2452
6 1913
6 2383
4 2408
4 2479
1 1941
1 1971
1 2062
8 1756
2 934
2 829
2 882
2 917
1 1279
0 730
0 1112
0 1307
4 1094
0 654
0 847
0 314
13 794
3 807
4 882
0 6
11 1816
8 1547
10 1545
0 0
7 2956
6 1863
3 1781
0 0
19 3183
0 1511
19 1514
40 1013
11 773
14 683
16 251
19 145
68 401
4 417
14 252
0 0
186 655
0 346
0 454
0 491
0 523
8 269
0 335
7 179
0 421
0 608
0 655
0 741
0 845
1 927
0 1030
0 919
0 1140
0 1311
0 1381
3 2120
3 2585
8 2858
4 1483
0 1125
0 982
0 973
0 1031
0 868
0 1077
0 777
0 610
0 395
0 190
0 438
0 489
0 375
0 537
0 281
1 393
0 50
0 58
0 371
0 132
0 527
0 150
0 463
0 98
0 325
0 113
0 267
0 113
0 11
0 201
0 97
0 316
0 28
0 13
0 0
0 0
0 5
0 3
0 0
0 1
2 0
0 0
2 0
0 0
0 0
0 0
0 0
0 50
0 45
1 29
0 39
0 196
0 311
0 568
0 709
0 707
0 552
0 351
0 374
0 941
0 1161
0 1277
0 1822
0 2108
0 2811
4 3101
0 3088
0 2781
0 1650
0 1610
0 2553
0 2575
0 2434
0 2338
0 2026
0 1941
0 1686
0 1381
0 917
0 251
0 172
0 87
0 91
0 7
0 4
0 23
0 0
0 2
0 46
0 177
5 631
0 977
0 1462
0 1482
0 1297
0 2183
0 2716
0 2591
0 2255
0 915
0 2145
0 1891
0 2130
0 2369
0 2402
0 2170
0 1863
0 1362
0 1065
0 1390
0 1266
0 926
0 463
0 205
0 357
2 670
0 454
0 440
0 215
0 20
0 272
0 388
0 464
0 367
0 109
0 20
0 202
0 437
0 437
0 293
0 37
0 5
0 175
0 288
0 306
0 158
0 11
0 21
0 310
0 652
3 907
0 568
0 637
1 724
1 670
4 1569
5 2110
3 2195
0 1987
0 1140
0 672
0 1352
1 1533
0 1573
0 1262
0 1052
0 1261
0 1350
0 1269
0 1359
0 1382
0 1247
0 998
0 1068
0 1641
9 2097
0 2520
0 3017
0 3113
0 3329
0 3733
0 3314
0 2397
0 2003
0 2799
0 3053
0 3275
0 3024
0 2473
0 1979
0 1774
0 1382
0 1039
0 364
0 91
0 93
0 14
0 12
0 0
0 0
4 12
0 0
0 0
0 0
0 15
0 6
0 204
0 396
0 681
0 784
7 770
0 857
0 1166
0 1108
19 1056
18 1305
11 1416
15 1717
4 1630
8 1217
1 997
4 1481
5 1530
23 1687
4 1625
21 1217
0 953
0 1181
0 1725
6 1882
0 2099
25 1786
5 1569
12 1491
22 1670
59 1855
39 1858
15 1196
2 997
17 1684
28 1208
2 746
10 780
5 1154
10 1219
19 1385
27 1343
17 1101
16 763
0 332
9 748
0 734
0 449
0 779
0 1368
2 2101
0 2829
3 3146
12 3347
14 3382
18 3344
8 2654
4 2534
1 2759
3 3292
7 4178
20 4206
28 3762
27 3150
24 2115
16 855
20 1167
18 1970
19 2715
14 3391
31 3342
2 2603
53 1604
183 783
149 1593
33 1856
38 2038
17 2046
17 2083
28 2102
148 2113
4 2421
11 2541
114 2545
129 2126
247 1625
610 1685
801 2089
983 2466
1495 2795
1673 2616
1702 1652
1679 2396
1409 2029
1459 1362
1429 807
1371 1748
1517 2887
1334 3736
940 4894
1292 4728
1308 3991
970 3527
582 1804
699 1432
1071 844
1328 1364
1187 2074
1331 1913
1192 1846
1086 880
914 610
583 172
331 371
222 601
251 396
61 509
71 490
150 848
278 1319
355 1187
106 1301
210 1352
359 1421
285 1427
58 754
61 497
78 1330
28 1582
1 1456
11 825
2 715
80 761
40 669
34 851
6 906
2 749
0 618
0 356
0 303
0 325
0 308
0 346
0 376
0 337
7 271
0 25
6 121
0 256
0 458
5 494
0 457
0 508
3 533
0 277
0 228
0 616
93 628
136 644
122 599
73 884
9 1154
3 915
127 1482
12 1493
17 1578
0 2674
0 2573
0 1632
0 1573
19 1491
2 1529
0 2051
0 1667
0 1545
6 1285
0 670
0 454
0 704
2 1002
0 1230
0 1174
0 954
0 602
0 441
0 834
0 906
0 975
0 1051
0 551
0 1004
0 1620
8 2148
16 1776
7 1678
59 1522
9 733
9 951
0 728
0 352
0 495
0 298
0 583
0 834
0 869
0 676
0 229
0 131
0 306
0 354
0 135
0 18
0 5
0 1
0 1
0 106
0 123
0 189
0 186
0 235
2 444
0 419
0 394
0 271
0 155
0 54
0 171
0 80
0 183
0 221
0 203
0 203
0 352
0 373
0 347
0 460
0 521
0 577
0 711
6 539
0 414
0 488
0 428
0 411
0 248
4 304
1 173
0 222
0 151
0 327
0 453
0 471
0 593
0 552
0 543
0 1042
0 1365
0 1332
0 1278
0 1080
0 949
0 907
0 937
0 881
0 691
0 729
0 801
0 969
0 831
0 538
5 420
0 290
0 165
0 151
0 99
0 61
0 36
0 59
0 61
0 71
0 38
0 0
0 2
0 114
0 66
0 226
1 103
0 82
0 0
0 8
0 0
0 6
0 2
0 0
0 0
3 4
0 14
0 180
0 175
0 50
0 0
0 43
0 4
0 0
0 0
0 0
0 0
0 3
0 152
0 509
0 751
0 1253
0 1851
0 2280
0 2694
0 2928
0 3322
6 3341
12 3049
7 2687
6 2112
5 1615
4 2032
9 2456
3 2592
3 2545
0 2283
0 2279
0 2023
0 2085
0 2036
0 2394
0 2877
2 3117
12 3005
2 2841
4 2652
2 2608
3 2685
9 2791
7 3330
8 3779
7 3768
6 3254
6 2665
8 1423
4 939
5 1320
3 1335
3 428
1 1060
2 1513
3 1495
0 2192
4 2692
2 2434
2 1457
0 905
3 1786
2 1675
5 1545
3 1121
0 446
0 36
1 180
1 151
0 13
0 80
0 317
0 316
1 849
5 1066
6 1200
6 1016
2 809
3 573
3 325
3 369
0 371
1 141
0 124
0 455
0 501
0 496
2 1430
8 2256
3 2734
6 2616
2 2978
7 2855
2 2421
0 1511
0 1326
1 1637
2 1675
3 1584
0 1170
1 893
2 643
1 367
2 212
0 110
2 295
2 241
0 287
0 401
0 268
0 139
0 143
0 111
0 36
0 26
0 42
2 152
2 294
6 534
6 724
2 958
0 1103
0 983
3 1068
0 732
0 503
0 451
0 518
2 662
6 874
8 809
4 887
2 624
5 491
2 802
0 894
0 640
3 251
1 444
3 826
3 1058
2 859
1 1265
0 394
0 114
0 263
0 366
0 1191
1 1939
0 2829
0 2871
0 3186
0 2605
0 1947
0 1212
0 495
0 316
0 135
0 218
0 73
0 56
0 42
0 60
0 84
0 129
0 367
3 687
0 1676
0 1910
0 2255
0 2220
0 1859
0 2390
1 3414
0 3916
1 2882
0 2135
0 2955
0 3569
0 3362
0 1568
0 2722
0 3207
0 3381
0 2949
1 1738
0 2884
0 3175
0 2956
0 2410
0 1829
0 1687
0 2824
0 2966
0 2743
0 2372
0 1244
0 1923
6 2466
0 2248
0 2246
0 2050
0 1910
0 1531
0 1092
0 708
0 1085
0 1619
0 1897
0 2242
0 2696
0 3231
0 3572
0 3159
2 2333
2 1456
0 422
0 1280
0 1504
0 1322
0 1214
0 1335
0 1646
5 1954
0 2017
0 2307
0 2490
0 2512
0 2342
0 2113
0 1919
4 1527
4 1511
0 1686
0 1297
0 1371
0 1444
0 542
0 827
0 1232
0 1382
0 1278
0 1184
0 842
0 1173
0 769
0 845
0 123
6 681
0 853
4 1236
8 1411
3 1686
0 1210
0 1112
0 774
0 768
0 673
0 706
0 394
0 326
0 53
0 43
0 277
0 29
0 32
0 172
0 94
0 806
0 710
0 922
0 760
0 1091
1 2086
0 2177
0 2374
0 1923
0 2874
6 3218
6 1897
0 2887
0 2683
0 2215
0 1576
2 1840
3 997
4 1438
0 1073
6 1856
5 2277
2 2294
9 1916
11 1806
9 1359
6 1037
14 1535
12 1618
13 1965
9 1801
7 976
0 261
2 409
1 153
2 604
3 1206
3 1476
3 1573
2 1468
2 1134
0 927
0 781
0 733
0 448
0 117
0 116
0 211
0 359
0 373
0 299
0 386
0 297
0 360
0 194
0 172
0 3
0 99
0 73
0 88
0 82
0 6
0 127
0 167
0 412
0 767
0 932
0 889
1 853
2 1128
7 1291
13 2500
8 2707
9 2535
3 341
2 1743
5 1463
3 439
1 630
6 1275
5 2356
5 1754
3 759
2 1078
7 2191
5 2043
1 824
0 1126
4 1947
5 1812
5 933
2 369
5 1692
3 1665
0 394
2 1275
3 1598
4 938
2 107
3 1184
2 1164
1 675
3 169
0 64
0 120
3 104
0 0
0 7
0 31
0 57
0 49
1 5
0 143
0 195
0 288
0 466
0 317
0 364
0 460
0 588
0 528
7 782
9 675
5 477
2 335
1 480
1 387
1 539
0 351
0 35
4 351
0 320
0 193
0 29
0 69
2 428
3 701
4 589
1 487
5 614
10 760
13 773
10 660
4 673
1 605
0 405
1 616
2 643
5 556
2 527
8 570
5 505
9 379
10 960
10 926
9 2015
5 2357
4 2260
0 987
0 1495
2 2336
4 2284
8 1860
1 348
6 703
9 1827
3 1477
3 454
0 1287
2 1028
3 1198
0 1479
2 1029
3 813
2 1126
3 1049
1 943
0 676
0 582
0 627
3 536
0 206
0 157
0 256
0 104
0 113
0 160
0 139
0 64
0 50
0 33
0 119
0 305
0 340
0 356
0 342
0 223
4 124
0 221
0 85
0 67
0 51
0 37
0 35
0 10
5 25
0 0
0 151
0 105
0 198
0 183
0 275
0 312
0 201
0 170
0 167
0 165
0 83
0 34
0 162
0 285
0 213
0 134
0 124
0 181
0 210
0 203
0 219
0 120
0 124
0 222
1 34
0 66
0 87
0 130
0 77
0 8
0 61
0 95
0 143
0 101
0 54
0 33
0 87
0 62
0 20
0 43
0 122
0 68
0 22
0 1
0 4
0 120
0 101
0 119
6 111
0 105
0 219
0 229
0 264
0 229
0 203
0 329
0 331
0 241
0 0
0 112
0 86
0 178
0 132
0 190
0 153
0 0
0 38
0 49
0 72
0 258
0 459
0 703
0 837
1 839
0 698
0 753
0 1337
0 1838
0 1880
0 1697
0 1330
0 1235
2 1292
2 1412
0 1454
0 1838
0 2228
0 2264
0 1981
0 1802
0 1146
0 470
0 916
0 797
0 457
0 62
0 49
0 60
6 60
0 41
0 290
0 105
0 257
0 126
0 76
0 145
0 106
0 144
0 17
0 23
4 74
0 70
0 266
0 376
0 596
6 678
0 770
0 829
0 872
0 663
0 543
0 537
0 459
7 701
2 540
1 342
0 526
0 628
0 717
0 650
0 306
0 519
0 762
0 705
0 601
0 588
0 309
0 137
0 256
0 387
0 442
0 297
0 199
0 5
0 16
0 35
0 63
0 5
2 30
0 64
0 18
0 99
0 94
0 78
0 275
0 77
0 144
0 63
0 58
0 8
0 0
0 0
0 3
0 1
0 1
2 0
1 0
0 9
0 2
0 3
0 45
0 161
0 429
1 796
0 736
0 758
0 885
1 1086
9 1152
0 806
0 545
0 578
2 377
2 237
0 90
0 60
0 151
0 339
1 354
0 300
0 294
0 426
0 648
0 787
0 850
0 902
0 910
0 956
1 913
0 837
0 805
0 655
2 423
2 33
2 590
0 1081
2 1553
0 1978
0 1924
0 1583
0 871
0 454
0 808
0 869
0 713
0 315
0 210
0 237
0 255
0 93
0 106
0 210
0 346
2 358
0 253
0 330
0 428
0 682
0 1046
0 1177
0 1593
0 1721
0 1655
0 1657
0 1676
0 1406
0 1022
0 728
0 462
0 281
0 169
0 199
0 270
0 291
0 387
0 466
0 607
0 766
9 788
0 797
0 958
0 1138
0 1522
0 2069
2 2486
3 2528
0 2153
0 1017
0 847
0 716
0 721
0 671
0 525
0 601
0 854
0 1067
0 1422
0 1221
0 1159
1 1302
0 969
0 593
0 430
0 219
0 41
0 88
0 333
0 168
0 91
0 194
0 225
0 226
0 296
0 165
0 102
0 43
0 56
5 74
0 37
0 35
0 56
0 9
0 0
0 0
0 49
2 83
0 221
0 181
5 271
0 47
0 62
0 2
0 8
0 13
0 154
0 484
0 861
0 1165
0 1716
0 2682
0 3111
0 2947
0 2666
0 2665
0 3307
0 3714
0 4267
0 4470
28 4325
41 3645
41 2432
30 1761
20 1181
33 762
22 631
26 1107
23 1601
32 1728
35 1703
26 1345
37 1007
32 1064
23 975
13 1596
20 1750
12 1431
0 1124
0 772
0 726
0 480
0 661
0 985
0 953
2 710
0 736
0 766
0 600
0 683
4 861
0 681
0 331
0 141
0 434
3 511
9 321
29 414
0 652
13 661
4 489
0 614
0 496
2 359
0 93
0 2
0 4
0 3
0 31
0 8
0 15
0 30
0 32
0 75
0 365
8 991
15 1249
15 1221
22 1002
11 597
5 625
15 687
6 794
2 1112
16 1151
32 937
29 482
11 444
29 692
31 960
31 756
20 757
15 423
18 473
10 614
8 464
3 520
23 427
18 274
0 118
0 60
0 61
3 135
0 557
2 806
4 723
15 790
13 892
0 519
0 558
0 663
1 702
0 848
2 831
5 900
0 743
0 349
1 136
0 174
0 613
0 867
0 1076
0 1711
16 2137
14 2019
24 2409
17 1669
7 1273
0 964
0 728
0 1268
0 1716
0 1463
0 1291
0 1225
0 1030
0 883
0 1156
0 1211
0 724
0 656
0 1047
0 1200
0 1228
0 960
0 728
0 572
0 481
0 768
0 876
5 993
0 937
0 913
1 826
0 770
0 724
0 584
0 659
0 1120
0 1610
0 1973
0 2160
2 2104
2 2150
0 2078
0 1452
0 1252
0 1710
0 1682
0 1937
0 2096
0 2282
0 2229
0 2370
3 2739
2 3700
0 4072
0 3571
0 2709
0 1982
0 953
0 216
0 419
0 548
0 592
0 543
0 459
0 262
0 153
0 38
0 31
0 104
0 138
0 388
0 832
0 2113
0 2945
0 3271
0 2694
0 3087
0 3953
0 4254
2 3532
11 3303
17 2088
12 1495
3 1452
5 1821
10 2521
11 3098
10 3918
13 4225
5 4339
4 3765
0 2936
1 2152
0 2377
0 2405
0 2238
1 2488
7 3022
8 3738
9 4511
10 4011
2 1735
13 2321
3 2626
1 2092
0 1405
10 1559
12 2086
4 2846
4 2804
3 2927
0 2104
0 1863
0 2014
0 2257
0 1766
0 1858
0 1055
0 1503
0 1504
0 1609
0 1380
11 709
0 297
8 384
5 305
2 297
6 373
8 163
4 269
0 237
0 349
0 294
0 52
0 220
0 95
0 250
0 147
0 644
0 235
0 407
0 407
0 750
0 169
0 268
0 155
0 116
0 340
0 237
0 466
0 504
0 379
0 601
0 388
0 110
0 467
0 256
0 394
0 178
0 288
0 187
0 301
0 319
0 129
0 206
0 402
0 504
1 394
1 388
0 332
0 122
0 400
0 373
0 676
0 222
0 393
0 104
4 247
2 202
0 19
0 10
0 47
0 12
0 44
0 355
0 243
0 539
0 1488
0 2165
0 2705
0 3144
1 2953
0 3028
5 2711
7 2886
8 2938
5 2748
3 1845
0 1388
2 2549
5 2558
4 2675
9 1950
5 1257
5 1087
3 1429
0 1435
0 738
0 960
0 1197
0 2401
1 2615
0 2553
0 1648
0 1157
0 1794
0 2223
0 3134
0 3394
1 3712
1 3257
4 2998
1 2030
0 1646
0 3133
0 3937
0 4251
5 3598
0 2946
0 2238
0 2397
0 2168
0 2365
0 1761
0 2158
0 1990
0 2349
0 2731
0 2261
0 1736
0 1321
0 1055
0 716
0 1152
0 2348
0 3118
0 3785
0 3699
7 3438
11 2661
10 1594
3 2466
12 3127
4 3180
7 3391
10 3350
3 2894
0 2673
0 2233
4 2217
13 2444
12 1987
19 1810
38 2393
39 2297
56 2231
26 1871
150 966
25 2082
7 1867
2 1115
3 630
2 910
2 1316
4 1622
7 1518
3 1414
11 1474
0 1390
3 1653
0 1536
2 1853
2 1579
1 1066
4 516
0 823
14 948
11 1246
2 1296
0 987
0 859
3 1367
7 1496
9 1868
2 1955
0 1810
0 1688
0 1511
0 1429
0 1090
0 760
0 1000
1 810
0 306
0 570
0 774
0 563
0 634
0 504
0 1275
0 1886
0 2003
0 2006
0 1782
0 1883
3 2148
1 2322
0 1874
0 2211
0 2599
0 2292
0 1432
0 938
0 1012
0 572
0 277
0 425
4 445
0 566
0 214
0 262
0 178
0 213
0 212
0 305
0 297
0 84
0 101
4 322
1 130
0 233
0 228
0 155
0 87
0 67
0 49
0 57
0 19
0 72
0 46
2 6
3 150
9 174
2 431
0 354
0 674
0 373
0 448
0 152
0 282
0 95
0 218
0 149
0 263
0 519
0 866
0 1013
0 1054
0 1358
0 2074
0 2320
0 2515
0 1929
0 1080
0 2438
0 2761
0 2721
1 2495
0 2247
0 1294
0 706
0 2123
0 2292
0 2676
0 2538
0 2362
0 1584
0 340
0 1757
0 2446
0 2461
0 2116
0 1497
0 491
0 1403
0 2005
0 2143
0 1908
0 711
0 1181
0 1574
0 916
2 597
0 464
0 647
0 627
0 211
0 137
0 173
0 185
0 98
0 87
0 75
0 13
0 143
0 224
0 206
0 229
0 9
0 56
0 45
0 63
2 65
0 61
0 117
1 240
0 345
5 536
0 51
0 28
0 60
0 522
0 617
0 781
0 1093
1 1880
4 2064
7 1749
10 1372
1 850
7 440
6 871
6 971
7 886
7 1047
9 1017
7 902
1 562
2 677
7 881
10 726
3 380
5 138
4 299
8 525
7 410
3 129
3 403
11 692
8 746
5 777
4 771
3 540
7 276
8 732
10 859
8 990
0 113
7 814
5 733
2 232
5 499
9 697
6 209
3 583
4 657
1 276
8 560
10 293
6 472
6 908
5 1283
1 1479
0 1235
0 933
0 883
0 934
0 759
0 609
0 274
0 306
0 63
0 57
0 98
0 35
0 6
2 3
2 0
0 0
0 24
0 31
0 15
5 268
0 1277
0 1836
0 2039
0 2376
0 2889
0 2472
0 1379
0 2881
4 4376
3 3850
1 1767
0 2684
0 2717
0 1638
0 1933
0 1900
0 1417
0 1116
0 1067
0 512
0 337
0 586
0 167
0 3
3 150
0 91
0 129
0 102
0 18
0 6
0 15
0 8
0 37
0 718
0 1501
0 2185
0 2640
0 3415
0 3432
0 3436
0 3581
0 3735
0 3895
0 3848
0 3196
0 1515
0 1445
0 2427
0 2578
7 2349
0 1915
0 1898
1 2173
0 2215
0 2159
0 2139
0 1989
0 1652
0 1147
0 901
0 308
0 19
0 64
0 241
0 284
0 379
0 462
0 516
0 423
0 280
0 259
0 819
0 1955
0 2370
2 2269
0 2259
0 2108
0 2267
0 2730
0 2922
0 2437
0 1856
0 705
0 440
0 686
0 980
0 1242
0 1158
0 1348
0 1183
0 874
0 458
0 102
0 253
0 1350
0 1889
0 1658
0 1313
0 819
6 1005
0 439
0 477
0 395
0 454
0 389
0 603
0 1006
0 1114
0 1042
0 762
0 367
0 126
6 215
0 183
2 366
0 281
8 294
21 1030
11 1236
32 929
49 731
69 742
46 961
19 1471
75 1524
2 1589
19 1194
67 554
97 625
85 721
57 509
91 260
7 138
14 103
9 147
4 295
2 415
0 343
0 418
0 572
13 662
51 514
67 500
1 307
24 243
0 239
3 779
0 1323
0 1493
8 1884
0 2276
3 2510
8 2614
1 2671
2 2955
0 2345
0 1765
0 2404
1 3310
5 4177
0 3880
0 2832
1 708
0 1191
0 1482
0 2012
0 2460
0 2400
0 2216
0 1519
0 1460
0 1401
0 877
0 392
2 832
0 637
0 691
0 554
0 194
0 167
0 124
0 72
0 0
0 0
0 5
0 8
0 0
0 1
0 4
0 4
0 4
0 5
0 0
0 10
0 11
0 7
0 415
0 1568
0 2875
6 3275
0 2916
0 2687
0 1918
0 1955
0 2929
0 3660
0 3499
0 2792
0 1174
0 1801
0 605
1 759
4 2529
3 3004
0 3251
0 2299
0 1516
0 2864
0 3029
0 2251
0 1150
0 962
0 1347
0 1698
0 2199
0 2235
0 1949
0 1578
0 1173
0 682
0 251
0 205
0 222
0 81
0 38
0 0
0 12
0 64
0 74
0 17
0 38
0 18
0 3
0 7
0 0
0 0
0 0
0 0
0 0
1 91
0 376
0 1055
0 1862
0 2482
0 3120
0 3319
2 3129
2 2656
2 1740
2 2377
4 3321
6 3833
5 3710
1 3028
0 1799
1 786
1 1755
0 1473
0 1169
0 1526
0 1620
0 784
0 1236
0 1734
2 1914
0 1607
0 1342
0 2034
0 1502
0 1666
0 1549
0 1153
0 1204
0 1149
0 1518
0 1482
0 1648
0 1076
0 773
0 1014
0 1102
0 1000
0 701
0 674
0 522
0 173
0 79
0 28
0 42
6 96
0 6
0 35
0 20
0 13
0 16
0 9
0 0
0 18
0 60
0 181
0 396
0 653
0 530
0 394
0 93
0 99
0 63
0 141
0 33
0 0
0 40
0 49
0 0
0 0
8 5
0 0
0 150
0 793
0 1544
0 1938
0 1748
0 1592
0 1088
0 991
0 1659
0 1872
0 1698
0 1637
0 743
0 708
0 837
0 552
0 254
0 246
0 416
0 293
0 426
0 238
0 301
3 551
0 365
0 259
0 454
0 637
0 644
0 381
0 270
0 258
0 274
0 180
0 164
0 214
0 329
0 304
0 483
0 596
0 702
0 723
0 500
0 680
0 896
0 1161
4 951
0 816
5 798
0 780
0 747
0 306
0 117
0 423
0 693
0 384
1 88
5 88
11 245
0 408
0 803
0 569
0 324
3 561
0 423
0 480
0 690
0 434
0 92
0 39
1 78
0 135
0 52
0 82
0 11
0 106
0 117
0 103
0 177
0 200
0 127
0 236
0 441
12 501
0 537
0 485
5 586
7 425
6 89
0 76
0 370
0 299
0 165
5 31
4 14
0 13
0 26
0 14
9 59
0 0
0 2
0 6
0 44
0 38
0 27
0 3
0 0
0 0
0 0
0 1
0 46
0 30
0 3
0 0
0 62
0 9
0 0
0 0
0 0
0 0
0 10
0 16
0 33
6 49
0 0
0 3
0 5
0 46
0 8
0 84
0 34
0 69
0 54
0 66
0 117
0 273
0 420
0 298
0 510
0 291
0 147
0 125
0 101
0 326
0 299
0 60
0 103
0 63
0 86
0 13
0 0
0 0
0 61
0 46
0 166
0 469
0 1096
0 1842
0 2432
0 3085
0 3935
0 4137
0 3711
0 3071
0 2718
0 2290
0 1897
1 2044
9 2136
6 1919
8 2625
8 2935
4 3306
10 3675
0 3513
0 3312
0 2802
0 2621
0 2547
0 2866
0 3324
0 3834
3 4240
10 4148
10 4086
7 3648
10 3160
3 2986
6 3472
4 3717
0 3467
18 3204
37 3168
21 3085
12 2793
11 2788
23 2691
32 3071
31 3232
14 3020
11 2840
14 2426
19 2417
35 2695
13 2513
46 3225
42 3247
39 3548
30 2888
30 2373
49 2506
30 3057
42 3461
81 3434
35 2833
16 2865
7 2767
2 3408
1 3250
6 3209
3 2787
6 2911
4 2544
12 2789
0 1848
0 1874
4 2131
9 2557
4 3363
4 3758
0 3725
0 3306
0 3357
0 2711
0 2612
0 2193
0 2135
0 1785
0 1259
0 1307
0 1343
0 1177
0 1015
0 1168
0 936
0 645
0 329
0 274
0 87
0 323
0 60
0 144
0 63
0 144
0 115
0 32
0 127
0 47
0 17
1 40
2 62
1 18
4 29
0 44
0 63
0 19
0 677
0 1183
0 1846
0 1826
0 2613
0 3039
0 2853
3 2044
0 2067
0 3538
2 3744
0 2670
0 702
0 1219
0 914
0 824
0 1467
0 1455
0 1293
0 1422
0 1806
0 1682
0 1480
0 1312
2 1078
0 738
0 437
0 343
0 313
0 104
0 27
0 51
0 256
0 111
0 480
0 377
0 818
0 615
0 794
0 239
3 127
0 498
0 258
0 208
0 437
0 247
2 586
0 30
0 55
0 59
0 8
0 0
0 14
0 6
0 13
0 8
0 6
3 164
0 320
0 914
0 1329
0 1792
0 1868
0 1698
0 1505
0 1833
0 1549
0 2425
1 2783
2 2800
0 1414
0 2438
0 2829
0 2685
0 2125
0 1444
0 1382
0 1431
0 1468
0 1349
0 1029
0 468
0 711
0 167
0 37
0 99
0 191
0 51
1 2
0 3
0 20
0 31
0 75
0 808
0 1574
0 2369
0 3400
0 3730
8 3692
7 3576
14 2975
5 2824
9 3221
6 2685
7 2548
6 1917
7 2334
7 2633
4 1059
7 1722
2 1627
0 832
2 1898
0 2464
0 2747
0 2819
0 2696
0 2473
1 2097
0 2041
0 1313
0 1333
0 957
0 365
0 255
0 106
0 7
0 229
0 579
0 1055
0 1835
0 2345
1 3059
0 3625
0 4066
0 4007
0 3989
0 3277
0 2783
0 1670
0 2354
0 2571
0 2730
0 2740
0 2692
0 2720
0 2920
0 2951
0 2747
0 2211
0 2280
0 1863
0 1561
0 1482
0 1769
0 1418
0 1215
1 1238
0 777
0 907
0 477
0 470
0 3
0 308
0 245
0 443
0 152
0 121
0 22
0 79
0 130
0 70
0 658
0 1192
2 2475
0 2995
6 3420
0 3406
0 3653
0 3236
0 3618
0 3260
1 2180
0 1431
0 2833
0 3764
0 2886
0 1934
0 1245
0 1190
0 1004
0 626
0 1159
0 1454
0 1176
0 504
0 1039
0 1385
0 1527
0 1166
0 927
0 1032
0 807
0 520
0 789
0 862
0 653
1 278
0 3
0 89
0 96
0 524
0 1178
0 1618
0 1881
3 1859
0 1507
0 1753
0 1792
1 1669
0 1750
0 1493
0 950
0 547
0 226
0 171
0 235
0 90
0 77
0 753
0 1627
0 2483
2 3170
0 2650
0 1293
0 2674
0 3858
0 2966
0 2052
0 2956
0 2304
0 1259
4 1866
0 2174
0 1487
0 1722
0 2038
0 1927
0 1811
0 1386
0 1101
0 1159
0 1517
0 1697
0 1636
0 1826
0 1381
1 1137
0 933
0 1686
0 1563
0 1079
0 624
0 507
0 201
0 565
0 559
0 547
0 265
0 1078
0 1453
0 1096
0 903
0 458
0 459
0 670
0 204
0 35
0 302
0 357
0 298
0 300
8 290
0 132
0 272
0 390
0 207
0 178
0 190
0 266
0 144
0 223
0 301
0 336
0 548
0 627
0 617
0 252
0 399
0 444
0 456
0 314
0 217
0 342
0 180
0 81
0 158
3 339
0 77
0 92
0 139
0 230
0 221
0 23
0 0
0 105
0 43
0 3
0 0
0 0
0 11
0 1
0 6
0 27
0 0
0 4
0 0
0 0
0 0
0 0
0 0
0 19
5 17
0 0
0 0
0 10
0 8
0 0
0 0
0 0
0 0
0 0
0 0
0 0
0 0
0 0
0 0
0 0
0 1
0 344
0 622
0 972
0 687
0 316
0 148
0 251
0 546
4 657
0 407
0 249
0 103
0 51
0 0
0 2
0 5
0 24
0 26
0 76
0 129
0 115
0 86
0 27
0 0
0 34
0 123
0 150
0 82
0 324
0 261
0 17
0 140
0 287
6 43
0 27
0 94
0 42
0 24
0 19
0 78
0 29
0 20
0 15
1 14
0 0
0 0
0 21
0 49
0 7
0 1
0 0
0 0
0 11
0 12
0 3
0 0
0 3
0 0
4 42
0 0
3 0
1 0
0 10
12 0
1 0
0 0
0 0
5 0
8 0
6 0
18 0
111 2
45 0
14 1
0 0
12 0
0 0
8 0
0 0
1 0
0 0
0 0
0 0
3 5
0 0
0 0
0 7
0 0
0 0
0 0
5 0
4 0
7 0
14 0
0 0
0 0
2 0
0 0
0 0
0 0
0 0
23 0
0 0
3 0
0 0
9 11
4 20
20 23
20 24
0 0
2 12
0 49
0 10
0 45
1 59
0 147
0 206
0 75
0 44
6 26
3 44
2 18
0 54
2 17
7 26
1 71
9 89
10 73
7 24
0 9
1 1
0 1
0 0
6 10
0 0
0 0
0 0
0 0
0 0
0 0
0 0
0 2
0 14
0 51
0 32
0 68
0 69
0 175
0 439
0 789
0 700
0 363
0 90
0 326
0 513
0 106
0 47
0 220
4 60
0 0
0 7
6 50
1 213
3 484
4 452
24 329
23 212
52 50
93 18
105 0
176 0
202 25
189 59
235 55
421 17
550 9
858 13
1093 25
1450 28
1201 16
770 13
403 14
293 9
550 14
518 3
538 0
224 0
109 0
49 0
132 0
568 0
500 15
338 0
41 0
309 1
299 6
109 3
162 0
99 1
73 0
13 3
14 1
6 0
41 3
14 10
20 1
12 13
3 28
44 110
0 1
0 259
0 27
0 4
0 6
0 0
2 0
0 5
11 2
0 0
32 0
48 0
56 0
132 1
117 0
176 6
207 15
241 14
199 17
135 1
222 5
177 1
49 0
26 2
35 288
36 658
7 1250
32 1871
7 2007
0 2127
0 2478
20 2603
103 2666
35 3080
89 2421
21 2011
24 2029
21 1138
84 719
5 510
52 353
6 409
0 390
0 832
0 448
23 771
3 371
8 675
1 298
10 467
2 85
85 269
55 37
150 114
116 10
199 120
261 17
342 90
324 53
387 91
182 17
399 83
348 61
318 188
340 141
116 621
215 776
444 1143
635 1205
880 1296
1060 950
1113 701
1147 297
859 192
538 227
134 160
290 712
557 1711
845 2110
1007 1855
1001 1495
733 710
561 674
360 645
106 544
102 644
195 709
247 976
266 928
275 786
171 609
189 784
122 670
172 270
207 370
255 807
296 699
295 299
302 222
520 339
298 463
30 302
176 289
330 402
374 476
369 408
365 261
403 273
217 191
204 223
363 99
381 136
329 292
229 325
161 233
68 350
12 477
73 446
217 191
202 174
139 168
133 601
174 1033
102 1099
242 1265
272 1122
350 1148
297 1573
318 1919
344 2021
100 2182
143 2449
107 3232
199 2386
57 1329
49 1513
30 1365
0 1710
51 1154
28 1329
20 1481
40 1379
23 1487
244 1663
348 2146
510 2087
667 2097
738 1642
804 1587
799 2296
265 2590
303 2883
481 2485
477 1773
320 1607
88 875
31 1123
9 844
50 760
3 781
6 599
9 529
2 956
60 1311
44 1827
16 1897
70 2321
1 1922
2 1954
8 2527
0 2595
0 3018
0 2903
0 2976
10 2538
0 2105
0 1589
0 1280
40 927
0 769
0 1160
0 1443
0 1662
12 1923
0 2285
0 2407
0 2412
0 2298
0 2028
0 2632
0 2716
0 2738
0 2862
0 2832
0 3012
0 3197
14 3246
6 3573
40 3460
34 3235
14 3440
10 3210
11 2602
8 1927
0 2521
0 2651
23 2890
18 3013
26 2566
38 2974
30 3637
2 4113
4 3527
1 2389
2 1134
2 1802
3 2306
4 2383
2 2281
20 1749
30 1157
19 974
2 957
3 1749
15 1347
29 1263
0 846
6 1816
3 1356
6 1517
9 1261
6 1342
7 538
4 1368
24 1333
0 1630
0 708
1 938
0 540
3 774
0 924
0 1071
0 985
4 1369
3 956
0 1160
0 770
0 625
0 693
12 544
0 499
0 504
2 997
1 1187
0 703
0 693
0 750
0 534
0 262
0 313
0 239
0 196
0 139
0 253
0 390
0 191
1 384
2 265
0 115
0 87
2 176
0 115
1 23
0 77
0 149
0 1
0 19
0 0
0 139
1 416
2 558
0 912
1 1187
3 1254
3 1316
7 1070
26 832
22 433
0 427
2 654
3 560
22 476
4 382
2 274
1 154
0 88
0 45
0 2
0 3
11 114
0 4
0 0
0 0
2 1
0 0
0 0
0 0
0 16
0 9
0 23
0 39
1 28
4 32
0 22
0 156
6 224
0 113
0 60
0 15
8 34
0 34
0 46
1 23
0 45
6 35
0 18
0 0
0 0
0 0
0 9
0 0
0 0
0 0
0 9
0 0
0 16
0 10
0 0
4 0
0 0
0 0
0 0
0 0
0 0
0 0
0 0
0 19
0 103
0 130
5 140
0 0
0 32
0 14
0 1
0 6
0 0
0 7
0 1
5 6
0 0
0 0
25 0
0 0
0 0
2 0
0 0
1 0
2 0
0 15
0 9
0 20
0 68
0 50
0 9
6 12
0 8
0 146
0 132
0 105
0 30
0 15
0 36
0 67
0 163
0 329
5 543
3 501
3 288
2 252
14 308
8 100
0 112
4 162
3 360
7 324
0 301
4 235
0 287
0 526
11 1105
7 1255
3 465
5 456
4 781
3 684
0 309
1 198
8 345
0 252
0 263
0 243
0 43
0 67
0 54
0 84
0 74
0 20
0 0
0 161
1 190
0 282
0 261
0 41
0 62
2 268
0 190
0 14
0 38
1 191
0 336
2 348
3 240
1 14
0 58
0 267
12 236
6 398
15 566
2 589
1 698
0 525
0 335
1 202
2 221
1 211
1 138
0 47
1 81
1 120
4 119
0 103
0 0
1 124
0 180
0 54
0 43
0 422
0 620
14 760
4 342
0 495
2 531
5 553
4 694
11 926
1 918
14 697
0 512
1 842
3 689
9 744
2 892
0 802
0 428
11 701
1 546
13 1023
0 459
3 489
16 901
1 825
0 612
0 209
1 389
0 716
0 671
3 735
5 499
35 408
149 232
593 139
957 572
1430 373
2118 260
2732 290
3480 95
3551 353
3393 344
2963 208
3021 483
2284 31
2046 177
1357 253
845 179
545 221
498 54
469 111
327 146
209 146
69 177
11 58
104 60
321 67
425 148
463 290
291 241
116 486
26 645
38 349
19 233
65 534
82 743
137 850
45 871
139 529
105 62
129 396
37 543
7 638
39 705
152 820
322 523
434 316
664 88
778 54
931 371
1082 359
1349 199
1355 15
1268 155
1334 282
1416 149
1463 57
1759 14
1489 121
964 215
547 324
406 397
358 506
292 548
159 192
181 770
52 1353
21 1336
146 865
67 895
77 599
47 326
15 502
5 619
0 549
2 412
0 272
0 246
0 190
0 197
0 447
5 701
4 511
6 517
14 633
27 1393
12 2398
0 2454
0 2874
0 3170
0 3781
0 3848
0 3601
0 3863
0 3846
0 4094
0 4250
0 4152
2 4013
0 4246
0 4037
12 3427
12 2976
7 2614
3 2386
3 2214
1 1980
2 2021
3 1750
1 1700
0 1450
2 1415
4 1209
18 1477
8 832
9 677
6 701
4 835
2 1040
3 1148
12 1323
8 1256
12 1124
12 1119
4 1553
0 1678
0 1969
0 2121
0 2417
0 2621
14 2652
0 2566
6 2758
13 2393
3 3206
17 2984
16 3195
26 3333
44 3487
4 3282
4 3194
7 3389
2 2864
1 2439
0 1875
0 1327
3 1410
0 1633
0 1333
0 957
0 702
0 1288
0 1304
0 800
6 109
0 302
0 693
6 734
6 400
2 511
16 915
0 900
0 823
13 936
5 1059
3 1088
0 862
0 729
0 986
0 856
0 731
0 482
0 411
0 460
0 666
0 631
0 484
0 431
0 245
0 176
0 207
0 257
0 272
0 433
0 168
0 5
0 0
0 5
2 88
0 4
1 0
8 2
2 0
0 31
0 45
0 232
0 392
0 549
0 689
0 614
37 305
42 42
7 1
3 48
0 9
0 4
3 0
0 0
0 0
0 0
0 0
2 0
14 1
10 11
1 0
0 0
0 0
0 0
0 0
0 0
0 0
0 74
0 289
0 294
0 145
0 181
0 211
0 236
0 233
7 208
21 144
46 95
28 155
41 134
41 168
38 212
0 50
1 24
9 188
5 160
35 297
12 203
112 256
105 176
147 154
254 244
240 227
305 111
420 149
520 89
674 117
820 108
898 149
903 137
934 163
854 173
769 71
759 73
547 0
197 111
61 492
367 629
1063 626
1359 232
1370 35
953 0
736 3
790 19
737 317
553 289
401 124
233 69
123 10
46 0
24 0
3 0
0 1
3 17
0 41
0 78
3 153
0 308
2 115
0 57
0 37
0 21
0 25
0 0
2 61
0 45
0 12
0 7
0 64
0 13
0 0
0 0
0 0
0 0
0 0
0 0
0 0
0 0
0 0
0 0
0 0
0 0
0 0
0 0
0 0
7 0
0 0
0 145
0 13
12 68
0 0
0 0
0 0
0 0
0 0
0 0
0 0
0 0
0 12
0 0
6 0
0 0
5 0
3 19
0 4
1 0
0 1
0 79
0 56
0 77
0 2
0 24
1 84
0 21
3 107
0 109
2 127
0 107
0 63
0 14
0 0
0 0
0 1
0 0
0 0
0 0
0 9
0 2
0 0
0 2
0 21
1 2
0 0
1 3
0 17
5 0
0 26
0 41
0 23
6 26
0 0
0 0
0 4
0 1
0 0
0 0
0 10
0 23
0 19
0 19
0 0
0 0
0 0
0 0
0 0
0 0
0 0
0 0
0 1
0 5
0 21
0 12
0 9
0 36
3 203
0 182
0 8
0 0
0 0
0 0
0 0
0 22
0 0
0 0
0 3
0 0
0 17
0 1
136 0
320 0
399 0
395 0
645 0
629 0
688 0
491 0
330 0
49 2
215 0
599 6
707 0
534 0
372 0
448 36
267 14
244 38
117 2
155 1
131 13
254 6
306 0
244 0
199 0
43 0
13 0
135 0
109 0
60 0
2 0
11 21
43 13
1 10
10 3
3 0
2 7
0 0
0 0
4 0
22 0
3 0
0 2
0 16
0 1
0 2
0 2
28 1
50 1
0 0
61 0
48 0
32 0
36 0
6 0
17 0
5 0
2 0
0 0
1 0
8 0
54 5
87 0
90 0
51 0
1 0
22 0
7 0
64 0
19 0
23 0
5 0
18 39
27 21
19 0
10 0
20 14
50 45
19 21
8 68
35 2
33 0
155 0
38 1
19 7
14 6
52 23
0 0
11 0
0 2
29 1
52 7
9 21
12 179
28 567
3 763
2 599
21 473
15 580
0 632
27 762
0 743
56 349
0 1074
16 1085
10 1911
1 1947
11 1620
0 1178
2 688
75 532
66 547
138 543
1 357
36 401
115 191
135 413
14 436
16 943
0 672
11 733
44 171
36 210
27 359
42 170
6 627
12 423
20 589
0 221
2 247
60 27
251 30
282 0
212 15
41 76
78 364
71 742
0 777
6 1089
8 963
3 1087
22 783
55 976
20 729
32 1122
33 965
8 1126
0 911
7 1100
3 771
0 796
0 375
0 451
4 593
0 564
0 658
0 902
3 1093
9 1017
11 996
0 851
17 538
0 135
0 191
1 64
1 165
0 85
1 147
0 57
20 125
1 15
0 34
0 8
0 49
7 7
3 50
0 7
2 66
0 2
0 32
1 41
0 7
0 24
0 22
0 27
1 8
3 13
0 8
6 10
22 6
2 38
0 21
0 24
2 59
6 21
0 22
4 11
101 19
323 9
479 3
491 8
407 26
148 9
429 4
411 0
264 0
77 0
5 5
26 0
0 0
0 0
0 9
0 0
0 0
2 0
29 0
23 0
20 0
3 0
0 0
0 0
0 0
0 0
0 0
0 0
0 10
0 0
4 0
0 0
0 0
0 1
0 3
4 0
0 12
0 0
0 11
1 22
0 0
0 0
0 0
0 0
0 0
0 15
0 0
0 0
0 0
0 0
0 2
0 13
0 132
0 129
0 43
0 1
0 1
0 12
0 0
0 0
0 16
0 250
0 132
0 14
0 4
0 0
0 12
0 9
0 0
0 0
0 0
0 0
0 0
0 0
0 0
0 0
0 0
0 0
0 0
0 0
0 3
0 0
2 0
0 0
0 0
0 0
0 0
0 0
0 0
7 0
0 0
0 0
0 0
0 0
0 63
0 12
0 2
0 9
3 62
0 18
0 0
0 0
0 0
18 10
15 19
13 0
34 2
18 7
59 19
8 67
18 24
0 69
17 23
0 2
39 33
0 0
19 0
23 0
22 1
30 0
2 0
73 0
2 0
33 27
18 178
19 618
22 699
19 663
23 525
68 637
37 625
92 685
23 594
65 212
0 572
41 525
2 1013
0 1295
17 1020
25 638
0 418
17 666
9 992
5 1432
17 1438
18 1717
42 1759
0 1960
25 2069
2 1603
67 698
75 831
145 890
239 900
310 779
507 631
776 396
1135 1032
1301 1264
1526 1418
1765 1381
1645 1175
1559 1046
1308 668
1185 781
663 1396
192 1209
53 967
154 456
192 503
280 676
433 670
593 753
563 889
606 844
803 957
667 861
356 688
161 608
168 897
230 1227
165 844
223 873
98 822
93 736
43 713
19 1068
61 1137
26 1138
46 881
0 563
39 872
54 1003
170 868
332 760
578 701
585 718
623 362
597 130
347 240
209 312
364 655
650 806
410 779
243 702
815 573
1045 357
1030 109
904 90
892 51
872 147
941 177
830 416
577 265
536 55
337 10
298 93
202 114
115 183
1 98
0 339
43 55
0 276
10 23
8 211
5 4
0 328
0 16
0 490
0 21
0 476
0 35
0 225
0 0
0 32
0 5
0 72
0 15
0 35
5 40
0 14
0 0
0 17
0 67
0 21
0 105
0 5
0 56
0 1
0 88
0 154
0 14
0 148
0 24
0 5
0 82
0 7
0 0
0 11
0 17
0 0
0 0
1 0
0 0
1 5
2 0
3 0
0 0
0 0
2 1
0 0
50 0
1 0
1 0
34 0
24 0
9 0
0 0
0 0
0 0
0 16
5 0
0 0
0 0
0 0
0 0
2 0
80 0
331 0
620 12
603 0
666 0
906 0
1288 0
1307 0
1178 0
1289 1
1400 0
1224 2
954 0
1429 0
1250 0
1012 0
975 0
1245 0
974 2
319 0
580 0
497 0
416 0
376 0
288 0
257 0
203 0
303 7
229 0
204 0
235 0
4 0
9 0
46 0
32 0
8 0
27 0
54 0
34 0
34 0
12 31
4 82
0 54
0 9
4 0
46 0
42 0
32 0
47 0
9 3
1 0
1 0
9 11
0 0
0 0
8 30
0 0
9 4
30 0
5 5
26 0
3 0
0 0
0 0
1 0
9 0
13 0
1 0
0 0
0 6
0 0
16 0
50 1
98 0
93 0
65 0
7 0
118 19
0 0
14 0
11 0
5 0
38 0
8 0
109 0
50 0
107 0
27 1
38 0
13 0
2 1
0 1
2 0
12 0
2 0
55 0
15 0
16 0
0 2
9 0
23 0
28 0
63 5
3 0
0 0
0 0
0 0
1 0
10 0
0 0
2 0
0 0
13 0
14 0
71 0
31 0
34 0
35 0
0 0
0 0
0 4
0 2
0 0
8 2
0 1
0 0
0 3
39 67
5 48
4 521
1 694
3 638
5 587
56 694
32 354
0 830
0 544
0 993
0 587
0 718
8 466
0 421
0 463
0 401
2 333
0 262
11 349
52 700
0 783
1 807
0 340
0 505
12 857
0 427
0 567
6 430
2 600
2 934
0 757
0 580
0 324
0 564
0 1016
0 1199
0 1455
0 1252
0 998
0 353
0 877
34 714
44 1006
0 867
0 733
0 938
0 334
1 623
11 1116
65 889
0 523
0 299
19 430
26 400
21 252
0 209
1 238
0 446
0 691
26 880
91 757
106 915
55 525
1 1105
7 959
1 865
57 610
28 432
20 589
0 480
0 189
23 157
31 463
32 523
28 404
0 147
2 160
12 176
76 203
51 243
32 337
35 450
8 365
15 251
9 169
0 220
0 663
1 762
0 356
47 880
99 753
80 584
121 468
99 582
17 629
8 464
0 471
14 313
1 139
38 427
4 1206
30 1546
12 1555
0 1135
7 1348
0 995
0 960
27 873
91 637
57 798
0 447
0 765
0 863
0 233
7 569
0 136
0 810
0 388
0 613
33 380
21 249
108 296
108 545
0 545
63 339
17 305
26 350
4 162
16 176
70 426
20 666
48 687
49 640
104 479
22 408
1 524
8 465
16 321
0 416
45 310
11 118
69 49
7 83
0 225
0 57
0 38
109 38
76 0
5 13
2 74
0 80
0 13
22 151
0 15
6 180
0 66
7 16
1 34
5 35
44 34
24 30
2 40
0 48
0 24
0 3
4 13
6 7
1 12
0 0
8 20
0 3
1 292
34 2
0 44
21 36
0 10
0 2
0 20
0 27
31 2
14 7
16 2
25 7
27 5
13 6
15 3
4 11
0 7
0 6
0 3
117 0
111 0
22 0
0 0
1 0
0 0
17 2
22 0
54 7
65 34
0 0
15 0
0 0
13 29
0 2
0 0
4 0
31 0
78 14
50 20
8 13
0 0
0 7
0 105
5 8
4 11
0 198
6 63
0 46
0 349
0 560
5 484
0 263
11 7
86 65
26 99
25 446
0 446
0 294
0 77
0 173
19 0
1 41
0 3
3 39
2 57
5 268
0 75
15 282
14 73
1 24
0 100
0 73
0 160
0 17
7 147
0 24
1 14
0 7
5 117
0 16
0 0
0 65
0 16
0 8
0 12
0 106
0 0
0 27
7 63
0 3
0 18
0 18
0 0
0 2
0 4
0 7
1 5
0 39
1 2
0 87
0 38
0 8
0 136
2 42
0 20
0 102
21 124
24 120
2 98
24 1
22 0
17 1
1 0
22 0
4 0
2 3
0 0
3 1
0 8
42 1
50 4
13 28
0 16
34 42
5 46
80 47
48 2
203 4
261 11
119 4
145 14
133 5
50 14
75 1
55 3
45 0
38 4
47 2
22 3
55 0
37 7
101 1
20 0
57 0
15 0
5 0
0 0
0 0
0 0
0 0
17 0
2 1
0 0
35 26
0 0
0 0
8 0
6 0
21 0
0 0
0 0
0 0
0 0
0 0
0 0
1 0
0 0
1 0
0 5
0 0
0 0
0 0
6 0
7 0
0 0
0 0
4 0
0 0
8 11
0 0
0 0
1 0
0 0
2 0
5 0
0 0
0 0
40 0
8 0
24 0
85 0
0 0
0 0
0 0
24 0
12 0
18 0
4 0
0 0
0 0
0 0
0 0
2 0
10 4
10 0
1 0
0 0
0 0
9 0
20 0
48 0
23 0
31 0
0 0
6 0
6 0
0 0
0 0
1 0
1 7
0 14
0 18
0 23
0 23
0 45
0 45
0 2
0 9
12 16
0 0
0 0
0 2
0 8
0 0
0 2
0 0
0 0
0 0
0 5
0 6
2 1
0 0
2 5
37 2
96 1
13 0
11 0
107 0
97 0
40 0
43 0
1 0
0 0
70 10
36 0
13 0
0 0
0 0
0 0
19 0
0 0
9 0
0 0
0 0
11 0
0 0
3 0
0 0
2 0
0 0
0 0
0 0
0 0
0 0
0 0
0 0
0 0
0 0
3 7
0 0
0 1
0 3
0 0
0 0
0 141
0 125
0 51
0 0
0 76
0 444
0 437
0 394
0 455
0 603
0 480
0 723
0 1086
0 1191
0 1319
0 1209
0 863
0 1063
0 1057
10 1139
0 1085
0 915
0 523
0 822
0 1152
0 712
0 443
0 524
0 631
6 697
2 484
1 481
0 552
2 957
0 1089
9 1017
8 1114
36 930
10 1083
6 955
1 886
3 777
0 602
0 330
22 382
0 322
8 224
3 243
0 98
0 132
11 17
69 71
62 88
10 137
4 44
27 178
54 108
46 160
47 163
1 200
5 123
1 108
2 19
15 114
0 133
18 122
10 22
42 0
35 11
15 44
0 0
0 15
25 49
39 95
8 146
14 237
1 197
2 190
10 61
2 63
27 103
36 446
20 469
5 703
0 788
1 689
0 800
0 408
0 355
0 337
0 397
17 379
0 512
0 552
16 740
12 870
9 1138
5 1421
0 1575
0 1794
0 2081
0 1589
0 1958
1 2185
0 1853
0 2590
0 2507
1 2334
1 2066
1 1898
0 1664
0 1707
0 1867
0 1688
25 1296
29 922
32 634
23 617
23 234
24 532
15 350
6 559
9 474
17 542
7 363
11 239
12 157
13 191
17 216
24 336
23 339
15 310
0 129
13 259
22 394
19 543
13 516
12 298
7 89
8 225
12 254
13 364
23 417
16 235
26 143
7 62
0 25
10 100
6 76
6 127
3 213
7 195
3 68
2 113
0 63
0 150
4 343
8 385
8 392
8 244
3 387
0 197
0 248
5 420
11 422
2 515
7 547
3 546
4 477
7 217
0 101
1 30
0 10
0 28
0 98
4 158
0 164
8 267
0 188
9 141
27 427
88 468
51 325
52 460
38 419
30 415
26 472
14 848
17 1459
18 1477
0 1486
29 1350
68 887
120 568
156 620
6 745
0 773
0 687
5 510
11 498
9 304
7 221
3 274
3 390
0 415
7 443
1 441
0 393
54 369
4 277
0 329
0 373
9 357
1 425
1 394
24 415
0 397
0 373
0 294
4 155
13 179
21 257
2 379
6 478
0 566
0 656
7 882
18 1233
5 1714
19 2344
9 2789
0 3294
4 3765
19 3467
25 2918
56 2577
10 2342
2 2438
0 2852
3 2993
2 2903
19 2485
0 1715
4 1269
1 1253
0 1759
0 1690
2 2046
14 2237
0 2487
3 2336
3 2310
0 1987
0 1874
0 1627
0 1600
0 1607
0 1611
1 1260
9 1182
10 934
9 915
15 794
7 848
2 1258
0 1620
0 1493
0 1094
1 999
20 1238
2 789
2 602
5 557
0 542
0 511
1 578
1 941
8 890
0 1187
0 1495
0 1664
0 2068
0 1470
0 1518
0 1545
1 1341
16 1411
7 1248
6 1354
1 1053
5 1472
1 1465
25 1691
6 1328
40 1255
6 1460
19 1350
14 1093
2 559
0 723
0 1410
2 1243
2 1387
0 729
0 228
0 374
1 503
0 719
0 633
0 517
1 194
1 474
2 831
0 579
1 568
0 438
0 164
0 66
0 322
0 250
0 0
0 210
8 245
4 68
1 145
0 45
1 0
4 10
0 8
0 0
0 0
0 0
0 0
0 0
0 0
0 0
0 0
0 0
0 0
0 0
0 0
0 0
0 0
0 0
1 0
0 0
0 7
0 16
0 10
0 16
0 21
0 42
0 110
0 57
0 135
0 122
0 0
0 0
0 77
0 10
0 0
0 0
0 2
0 0
0 0
0 0
0 5
0 0
0 0
0 29
0 0
0 0
0 0
0 0
0 0
0 0
0 0
0 1
0 0
0 0
0 0
0 0
0 0
0 0
0 0
0 0
0 0
0 0
0 0
0 0
0 0
0 0
0 0
0 0
1 9
0 1
0 0
0 0
0 0
0 0
0 0
0 0
0 0
0 0
0 0
0 0
0 0
1 1
9 0
159 0
759 0
1661 0
2257 0
1905 0
1464 0
1135 0
868 0
173 0
281 0
468 0
631 0
739 0
628 0
481 0
461 0
675 0
922 0
1077 0
1144 0
795 0
0 0
5 0
11 2
21 13
16 18
28 14
28 20
0 0
7 30
0 10
1 18
11 0
22 5
12 0
30 19
4 0
2 30
1 31
8 21
22 26
24 25
13 49
38 49
50 4
4 25
13 12
5 58
2 24
0 8
6 13
0 10
0 19
0 20
0 24
2 6
0 4
0 0
0 10
0 8
7 25
0 24
0 8
7 8
0 9
2 3
6 11
2 4
66 10
95 10
175 5
146 0
36 22
200 26
133 32
1 23
3 32
9 0
0 0
6 0
0 0
0 0
0 0
0 0
0 0
4 12
0 0
0 0
4 20
0 9
0 0
104 1
318 111
735 83
1119 4
1309 0
946 16
915 0
1193 0
1407 4
306 9
266 0
109 5
221 1
50 0
14 0
23 0
0 0
16 0
47 0
171 8
199 0
443 0
480 0
194 0
60 0
360 0
313 0
21 0
4 0
98 0
302 0
299 0
216 0
164 0
64 0
109 0
168 0
156 0
166 0
203 0
151 0
35 0
0 0
0 0
21 0
0 0
0 0
0 0
0 0
6 0
0 0
2 0
0 0
5 0
96 0
50 0
10 0
0 0
0 0
31 0
25 0
27 0
39 0
30 0
10 0
0 0
56 0
94 0
114 0
80 0
36 0
26 0
51 0
6 8
10 0
2 13
0 59
26 7
0 12
5 4
9 0
12 0
47 0
37 0
19 0
7 7
7 0
0 0
12 7
3 10
20 24
27 32
29 58
46 35
39 48
0 0
0 0
0 0
4 0
3 0
0 0
0 0
2 0
0 8
0 19
0 46
0 90
0 91
0 20
0 0
0 0
0 1
0 0
0 1
0 1
0 0
0 11
0 62
0 202
3 209
0 52
0 43
0 72
0 9
0 9
0 1
2 5
0 0
2 0
63 0
35 0
60 0
29 0
105 13
110 0
61 0
58 3
0 67
21 74
37 37
5 35
87 55
52 31
70 39
95 137
10 90
28 73
34 108
9 147
29 165
18 105
40 57
86 0
171 4
189 33
196 98
191 86
262 131
180 289
82 318
65 213
47 41
20 25
84 27
20 26
107 10
104 1
128 1
175 22
638 133
969 55
1663 62
1666 47
1595 28
1027 347
651 286
348 50
298 63
347 151
440 74
467 61
655 301
707 186
711 207
664 336
418 253
162 12
55 321
117 329
147 2
298 169
309 75
367 9
307 8
577 17
414 11
343 31
296 16
170 8
143 46
97 15
14 427
23 115
13 338
10 55
18 10
21 689
2 194
1 122
22 364
53 299
49 15
0 318
6 485
1 248
0 31
0 71
0 62
0 424
13 1288
1 881
0 1554
0 1784
0 2268
0 2485
1 3119
3 3323
0 3308
0 2892
1 2356
5 1801
18 1693
17 1644
2 1888
12 1417
13 1706
2 1449
0 1386
0 1178
7 1015
0 811
0 853
1 640
0 305
0 170
0 156
0 582
1 737
0 863
0 961
5 1288
1 1306
14 1564
5 1599
55 1507
10 1535
0 1586
5 1422
19 1294
12 836
25 495
71 379
15 588
26 723
0 737
14 999
0 793
0 749
1 563
11 503
0 367
0 189
0 84
0 117
0 456
0 955
0 1400
0 1697
0 1964
0 2166
0 2424
0 2687
0 2768
0 2867
0 2810
0 2428
1 2126
1 1920
15 1575
183 1286
603 1310
1495 861
2219 531
2337 277
2523 295
2182 138
2198 609
1893 576
1853 1005
2125 394
2147 517
1981 28
1856 79
1444 214
1394 147
1587 27
1448 124
1118 101
698 68
641 131
971 32
513 5
192 15
356 13
364 13
314 4
122 7
59 31
26 203
82 102
4 23
31 14
78 60
42 34
60 65
177 391
270 713
374 1270
489 1062
688 1281
871 631
1206 308
1869 776
2501 803
2759 1424
3507 1114
3605 1478
3393 813
2246 766
481 690
413 723
138 1104
278 1164
83 2433
116 2989
0 2417
2 1998
57 2037
2 2400
7 2391
7 2446
20 2783
27 2724
15 1891
10 1402
6 1125
4 447
1 467
0 595
0 381
0 936
0 934
1 703
3 646
1 201
46 496
294 35
988 250
2003 799
2646 351
2876 71
3387 622
3379 882
3631 970
3001 739
2894 607
2414 83
1873 165
1433 628
1482 616
1749 411
2490 6
2391 196
2038 465
1361 103
1539 3
2127 76
2491 88
1589 20
1880 4
2226 1
2735 22
3054 116
3260 0
3923 13
3396 9
3393 10
2895 4
2226 4
1339 12
628 3
518 3
454 0
427 0
265 0
144 0
107 0
44 0
3 0
8 0
1 53
0 227
11 180
47 11
24 0
3 0
0 0
0 0
0 0
16 11
0 0
1 45
0 123
14 57
399 7
591 0
777 30
698 144
1037 18
844 10
620 78
830 114
689 128
671 43
508 102
848 179
1044 39
1111 22
851 74
746 34
520 42
485 26
296 27
53 1
104 101
132 88
132 266
146 48
220 45
346 93
459 89
566 358
619 216
569 318
562 226
497 261
139 434
253 395
694 546
1083 409
1174 398
1180 304
1007 574
814 1552
780 1725
489 1038
524 477
503 1744
390 2137
428 1962
70 1303
12 703
68 1055
92 1164
23 717
13 839
42 798
3 720
11 709
15 927
4 1119
5 947
3 937
1 1249
61 1247
50 1853
0 1675
1 1874
0 1225
22 1097
23 1040
4 408
0 1141
0 841
19 917
17 131
26 239
19 155
0 475
1 82
0 71
0 17
0 12
0 93
0 95
0 16
0 24
0 9
0 10
2 18
30 35
49 6
11 0
64 0
0 0
0 5
0 7
11 0
26 2
22 90
0 0
0 0
0 2
0 0
11 0
0 0
0 0
0 0
12 0
27 0
28 5
3 0
0 0
9 0
23 0
1 0
0 0
0 0
0 6
1 0
1 0
0 0
0 0
10 0
15 12
0 0
0 0
0 0
0 4
0 2
0 0
0 0
15 5
42 0
20 7
94 6
1 63
86 69
3 97
84 20
13 7
74 2
1 51
43 37
12 1
23 6
10 18
42 0
2 23
14 41
1 0
0 39
6 1
21 0
0 8
0 7
0 0
15 0
0 0
0 0
0 0
0 0
0 0
0 0
0 0
0 0
0 0
0 0
0 0
0 0
0 0
0 0
0 0
2 0
2 8
0 0
0 0
0 0
0 0
0 0
0 0
0 1
0 0
0 0
0 0
0 0
0 0
6 0
2 0
11 0
0 0
0 0
0 0
0 0
0 0
0 0
0 0
0 0
0 0
7 0
0 0
8 0
8 0
8 0
0 0
0 0
0 0
0 0
15 0
28 0
26 0
39 0
0 0
0 0
10 0
3 0
0 0
0 0
0 0
0 0
0 0
0 0
10 0
2 0
1 0
0 0
0 0
1 0
0 0
3 0
2 0
0 0
0 0
0 0
0 0
0 0
0 0
0 0
0 0
0 0
0 0
0 0
0 0
0 0
2 0
8 5
15 1
11 0
3 9
19 24
0 0
0 0
0 0
14 0
25 0
23 0
47 0
46 0
44 0
69 0
43 0
0 0
0 0
0 0
5 0
0 0
0 0
0 0
0 0
0 0
0 0
0 0
0 0
1 0
16 1
1 0
2 0
23 0
3 0
1 0
0 0
0 0
0 0
0 0
0 0
0 0
0 0
0 0
0 0
0 0
0 0
0 0
0 0
2 0
4 0
0 0
0 0
0 0
2 0
10 9
2 0
42 0
58 0
97 0
67 0
70 0
14 0
22 0
31 0
4 0
0 0
0 0
0 0
0 0
0 0
0 0
0 0
0 0
0 0
0 0
0 0
0 0
14 0
0 0
44 1
42 0
20 0
2 0
15 0
0 0
0 0
1 4
16 0
0 0
0 0
0 0
0 0
20 0
39 1
52 0
34 0
2 0
0 0
6 0
0 0
0 0
2 0
0 0
0 0
7 9
0 0
0 0
0 0
0 0
3 0
0 1
2 0
0 3
0 6
2 3
0 0
0 0
0 0
0 7
0 0
0 0
0 0
8 0
0 0
0 0
0 7
0 14
0 0
5 5
2 28
0 19
0 5
0 73
1 41
1 41
2 57
1 46
1 34
1 4
0 16
7 11
0 26
0 23
9 25
1 6
11 33
16 19
1 19
13 14
8 4
1 4
0 34
4 26
0 7
2 26
1 13
0 4
0 33
0 25
0 137
5 400
10 495
13 346
13 364
8 181
4 100
8 58
3 13
1 13
0 62
2 29
0 51
6 128
1 157
0 30
0 9
0 0
0 12
0 0
1 18
1 3
2 15
2 25
6 169
7 306
16 320
17 368
23 374
32 229
38 148
49 62
28 0
34 4
1 0
3 38
0 52
0 43
18 60
48 14
47 0
58 0
2 13
1 158
1 185
13 201
9 118
6 13
61 22
10 68
9 82
25 64
112 6
279 20
696 13
913 19
1565 37
1999 30
2800 24
3724 29
4674 44
5197 54
5673 47
5232 62
5205 67
5299 116
5325 160
4349 98
3851 125
2908 99
2317 111
2075 95
1558 46
1047 31
960 40
1318 52
1790 13
1930 67
1622 54
1499 67
1353 80
1388 73
860 39
566 134
476 55
596 14
978 32
1596 108
1969 80
2422 114
3091 41
3759 41
4347 198
4759 257
4988 304
5517 495
4776 202
4551 83
4140 163
3450 96
2811 53
1651 56
1622 64
1701 17
1234 12
1219 22
853 10
490 12
420 21
589 29
581 26
292 71
382 10
1010 5
1513 0
1641 107
1561 383
1288 186
971 164
503 428
298 225
89 461
104 885
113 176
59 584
99 628
30 104
176 493
517 687
725 85
822 499
429 660
421 44
567 502
502 598
500 22
510 474
782 553
996 64
915 542
588 615
265 197
208 300
144 483
212 217
241 144
117 636
49 628
44 101
96 59
12 81
0 48
22 438
322 268
899 32
1755 11
2541 54
2370 39
2257 19
1111 10
1320 65
1556 230
1657 102
1736 141
1764 302
2019 175
2205 140
2393 165
1694 118
1013 54
1265 36
1011 89
1162 83
797 4
558 40
613 387
724 71
715 114
704 48
781 17
723 105
594 26
563 7
591 88
687 10
650 4
740 105
541 25
274 31
258 54
1135 64
1417 21
1154 106
65 26
106 52
42 79
0 60
0 4
0 136
0 8
3 12
0 13
1 97
2 52
2 62
2 40
1 87
1 59
0 78
3 64
2 43
2 171
0 141
0 101
1 58
0 190
0 60
0 248
0 417
0 87
1 100
0 224
0 33
0 0
0 17
1 3
0 10
0 34
0 19
0 2
0 8
0 0
0 0
0 22
0 0
0 0
0 0
0 5
0 20
0 11
0 28
0 6
0 13
0 20
0 1
9 28
0 0
0 0
0 0
0 6
0 3
0 0
0 0
0 0
0 0
0 0
0 13
0 5
0 10
0 6
0 0
0 0
0 1
0 0
0 6
0 0
0 29
0 60
0 29
0 8
8 11
0 4
0 18
0 0
0 0
0 0
0 0
0 3
0 5
0 0
4 0
394 0
785 0
1597 0
1982 0
2122 1
2209 5
1748 25
1524 1
1449 1
1041 9
1076 0
1133 6
774 1
959 15
1378 58
1749 15
2210 7
1906 5
1955 0
1320 12
972 12
336 4
587 5
117 0
22 5
0 5
1 9
0 9
0 0
0 0
0 2
0 9
0 4
0 1
0 0
0 1
0 0
10 0
108 0
346 3
284 0
353 0
276 33
9 47
409 83
504 151
196 195
56 291
17 338
9 272
9 153
6 91
2 52
2 27
3 123
64 315
80 567
71 202
73 293
7 280
11 391
8 489
12 379
4 144
36 426
5 364
4 233
11 462
5 209
2 200
3 178
0 178
0 78
0 17
0 2
0 8
3 3
1 0
4 0
20 13
0 0
0 0
0 1
10 0
0 5
8 3
35 14
12 15
24 12
59 28
1 13
1 32
3 5
1 32
2 122
2 101
9 195
6 210
9 391
13 412
8 567
7 1034
1 995
1 768
6 1220
24 1166
16 1524
16 925
22 1001
4 745
9 387
9 393
11 177
9 407
18 663
7 571
4 870
1 392
4 473
3 223
4 263
4 247
6 466
6 161
7 848
13 457
11 949
6 510
6 811
8 523
6 717
8 350
7 352
4 177
5 87
31 214
25 672
20 500
8 619
140 1021
224 798
695 414
943 40
1154 377
594 360
914 108
906 236
839 393
820 245
665 269
466 242
416 217
221 198
296 310
89 256
56 272
37 234
31 74
146 56
689 86
1134 127
1088 23
1072 0
1081 0
1067 8
746 0
1043 0
724 0
291 0
75 11
175 19
57 0
23 0
104 0
196 0
266 0
359 0
503 0
907 0
1213 0
1101 3
1048 0
1124 0
1074 0
1048 2
1133 0
1131 2
1204 0
1234 2
1406 15
1144 0
466 0
513 0
78 0
128 17
26 0
38 1
1 1
6 0
0 0
0 0
0 0
0 26
9 9
1 0
1 9
0 17
0 0
0 0
0 0
0 0
0 0
2 8
0 3
84 39
25 0
190 0
293 6
336 0
436 7
538 0
573 0
638 0
491 1
342 5
84 0
316 0
591 0
714 0
653 0
915 0
845 0
993 1
328 0
454 0
546 0
523 0
924 0
1109 0
1258 0
1083 0
682 0
1431 2
1316 0
1216 0
1320 0
1095 0
392 0
359 0
478 0
20 0
1 0
0 0
0 5
0 0
0 0
0 0
0 0
0 0
4 0
170 0
712 0
1550 0
1859 18
1686 178
1453 309
1578 364
1480 216
1461 35
1078 95
399 63
59 1
267 19
5 37
37 59
24 66
28 143
26 155
65 64
223 82
661 74
848 28
916 8
707 2
386 25
115 161
33 93
48 75
38 80
112 150
109 220
71 359
7 253
64 272
109 366
148 183
234 146
200 55
66 81
54 45
58 156
9 36
52 24
21 137
140 138
114 193
34 240
6 264
11 221
19 142
16 127
118 78
190 61
226 31
225 18
19 0
0 11
126 54
336 106
9 289
11 110
88 44
90 344
0 290
0 40
0 2
18 53
31 11
150 36
333 14
578 12
1049 17
1364 11
1719 0
1831 0
2131 1
1431 1
1674 0
2281 1
1919 15
1268 0
1150 120
846 126
990 7
849 2
434 147
215 0
30 24
0 265
67 91
67 2
14 315
26 229
4 0
11 239
43 272
95 0
116 211
10 356
8 4
0 110
34 237
208 0
458 139
989 225
1122 0
1377 9
1717 34
2164 0
2255 26
2519 1
3143 0
2452 3
1763 0
2619 0
2626 2
3088 0
3496 0
2762 0
1345 0
657 0
851 0
226 0
279 0
206 1
43 0
6 0
145 2
213 4
281 134
207 585
47 1825
41 2475
11 2228
41 1506
8 2342
85 1582
132 303
85 1448
17 1599
94 1176
13 824
12 533
28 609
78 1238
22 1666
38 1620
33 749
3 638
7 835
57 557
43 308
58 169
4 164
90 471
45 352
0 53
0 196
3 444
12 324
66 193
51 727
35 977
1 698
16 714
41 683
79 397
51 1135
38 831
18 454
2 673
48 109
112 210
94 678
65 735
94 846
85 918
205 1134
279 776
168 738
72 1206
157 1419
161 1358
70 1238
122 1309
87 642
119 629
174 651
347 1341
788 1182
1373 1242
1750 997
2204 592
2426 317
2714 498
2755 566
2841 649
2827 379
2575 744
2567 1538
1916 1887
1322 1306
634 1095
161 431
170 280
248 216
617 335
1425 269
2180 124
2379 232
2600 385
2267 215
2350 51
2319 137
2394 330
2120 497
1916 608
1606 532
1428 964
1269 338
521 628
403 507
682 220
1100 665
1064 831
1074 1376
856 519
954 365
1080 208
1420 144
1060 392
822 383
811 312
708 123
336 204
142 410
90 85
107 525
175 1063
240 921
156 437
205 281
100 333
13 226
15 245
43 112
7 950
80 447
101 1511
12 1501
3 1260
6 417
18 414
65 768
129 631
0 248
0 336
4 333
0 528
2 470
8 212
1 430
9 510
22 336
25 366
8 912
65 458
4 203
3 409
8 565
5 360
3 166
9 419
11 591
47 816
8 492
0 654
2 885
10 963
36 607
24 118
1 514
0 419
8 86
0 37
1 185
0 13
0 71
0 247
0 116
0 0
0 100
0 233
1 46
3 0
0 0
0 0
2 0
0 0
0 0
0 0
0 0
0 2
0 9
2 6
0 1
0 53
0 0
0 0
0 0
0 0
0 0
0 0
0 0
0 0
0 0
0 0
0 0
0 0
0 2
0 9
0 0
1 5
0 0
0 0
0 0
0 0
0 0
0 0
0 6
0 0
0 0
0 0
0 1
3 0
0 0
0 0
0 4
0 0
0 1
0 0
0 0
3 0
0 0
0 0
0 0
0 0
0 0
0 0
0 0
0 0
0 2
8 3
0 0
24 12
0 0
0 0
0 0
0 0
0 0
0 0
0 0
0 0
0 0
0 8
0 2
0 52
0 15
0 0
0 3
0 23
0 12
0 54
4 315
13 561
18 671
23 574
14 406
23 461
15 707
18 612
6 905
8 689
4 516
8 324
2 222
1 238
2 217
3 314
5 561
5 476
7 132
4 15
0 119
0 10
36 29
0 184
0 9
3 0
1 69
2 5
0 0
0 4
1 3
35 52
43 14
36 0
46 21
97 47
99 0
97 0
56 24
46 2
2 0
1 0
11 1
39 0
90 0
101 0
50 0
32 2
10 30
0 54
3 38
0 21
1 30
2 82
9 55
1 48
14 160
0 3
0 17
1 30
0 44
0 23
0 4
0 6
0 0
0 101
0 58
0 0
0 0
0 38
0 5
0 0
0 1
0 3
0 1
0 0
0 0
0 0
0 31
0 11
3 180
6 262
7 188
3 40
25 38
130 94
302 149
517 118
540 208
831 370
621 381
858 406
984 295
538 230
155 92
209 24
386 4
619 9
391 37
461 17
250 4
454 0
660 0
986 0
954 0
652 0
696 50
682 0
223 0
649 0
704 0
297 0
26 0
5 0
15 0
0 0
3 0
0 0
0 0
3 0
0 0
0 0
0 0
0 0
10 0
0 0
0 0
44 0
190 0
233 2
167 10
234 46
230 0
231 0
31 4
0 3
22 29
1 0
0 30
0 28
0 10
0 0
0 0
0 4
0 0
9 90
2 181
0 188
3 208
6 221
9 109
9 245
6 349
7 286
10 391
7 111
14 253
9 581
9 550
8 141
2 167
11 316
8 377
10 446
9 433
5 370
3 175
8 274
6 279
2 262
1 153
0 58
1 110
4 89
0 121
4 103
6 112
13 156
8 340
11 436
10 480
12 532
7 346
8 222
1 93
4 52
5 36
2 38
6 20
2 11
2 21
4 9
2 2
5 2
4 1
4 2
2 6
0 17
5 69
7 127
3 130
1 125
1 84
0 26
0 2
0 2
3 25
0 0
0 0
0 5
0 35
0 22
0 0
0 30
0 3
0 106
0 111
4 125
1 176
0 81
0 0
0 0
0 11
0 104
0 8
0 22
0 96
0 0
0 0
0 27
0 0
4 5
0 0
0 0
0 0
0 1
0 1
0 1
0 0
0 0
0 0
0 1
0 0
0 0
0 0
0 0
0 0
0 0
0 0
0 0
0 7
0 0
0 0
0 4
0 12
0 4
3 23
0 0
0 8
0 25
0 3
0 3
0 3
0 0
0 0
0 0
0 1
0 8
0 0
0 18
0 3
0 0
0 2
0 0
0 0
0 0
0 0
0 0
0 4
0 2
0 0
8 5
0 0
0 0
0 0
0 0
0 0
0 0
0 0
0 0
0 0
0 0
0 0
0 0
0 0
0 0
13 0
127 1
104 3
0 0
47 96
9 17
16 0
14 33
29 2
54 0
41 3
0 0
0 5
0 0
0 0
4 0
0 0
0 9
3 4
0 8
0 5
0 0
0 0
0 0
0 0
0 0
0 0
0 0
21 0
1 7
12 0
0 0
0 0
2 0
0 0
6 0
0 0
0 0
0 0
0 0
0 0
0 0
0 6
0 5
0 5
0 0
0 0
0 0
0 0
0 11
0 0
0 0
0 0
0 2
0 29
9 0
0 15
0 82
0 42
0 0
10 25
0 0
0 0
0 0
1 16
0 2
0 2
0 1
0 2
0 1
0 0
0 0
0 0
0 0
5 0
3 0
0 0
0 0
0 0
0 0
0 3
0 2
0 7
0 0
0 4
10 7
0 0
0 0
0 1
0 0
0 0
0 2
0 10
0 1
0 5
0 19
0 36
0 51
0 5
0 33
0 3
0 0
0 10
0 6
0 7
0 0
0 1
0 0
0 0
0 0
20 4
414 1
1237 0
2041 1
2390 2
1632 0
1342 0
1607 0
1778 0
1670 2
1795 0
2207 0
1936 0
1689 0
1855 0
1500 0
839 2
1610 0
2378 0
2582 0
2418 2
2065 0
2034 2
1319 0
733 0
260 6
92 0
42 0
12 0
5 1
39 0
4 1
0 1
21 0
67 0
1 4
0 86
6 130
32 55
4 0
0 58
0 201
0 53
0 0
0 109
0 96
0 51
0 0
0 0
0 20
7 74
0 0
0 45
0 75
0 0
0 8
1 99
2 5
0 0
0 91
0 41
0 0
0 57
0 146
0 3
0 29
0 86
0 0
0 4
0 184
0 115
0 42
0 3
0 7
0 68
5 129
0 3
0 1
0 156
0 71
0 0
0 84
0 156
0 24
2 2
8 205
10 194
9 11
0 58
0 351
0 131
6 4
0 315
15 258
6 0
5 306
22 423
0 240
4 1
38 310
11 311
0 6
0 9
0 203
0 175
0 0
0 65
2 304
58 49
0 51
13 289
7 42
0 20
0 243
2 104
5 1
0 188
5 31
0 14
0 195
0 45
0 24
0 193
0 0
0 9
9 134
1 0
0 99
0 46
0 0
0 48
0 22
0 0
0 6
0 0
0 0
0 0
0 0
0 0
0 0
0 0
0 0
0 0
0 0
0 0
0 0
0 0
0 0
0 0
0 0
3 0
0 0
0 0
0 0
0 0
0 0
0 0
0 0
0 0
0 0
0 0
0 0
0 0
0 0
0 0
0 0
0 0
0 0
0 0
0 0
0 0
0 0
0 0
0 0
0 0
1 0
0 0
0 0
0 0
0 0
0 0
425 0
1109 0
2164 3
3509 0
3846 0
3523 2
2982 0
2116 0
2039 0
1908 2
1458 1
1860 2
2351 0
1562 0
1594 0
1262 0
1912 0
2021 0
1840 0
1095 0
563 0
490 0
506 20
588 9
589 0
270 0
237 0
133 0
113 0
143 28
143 11
189 0
249 0
637 0
1304 3
2435 0
2872 0
3102 0
2767 0
2314 0
1732 0
1447 0
1280 0
1610 0
1725 22
1561 6
1602 121
960 42
258 1
33 203
20 52
51 2
82 236
201 101
180 4
299 158
267 176
269 0
136 29
28 188
6 22
2 2
0 130
0 42
18 0
44 147
203 71
245 0
437 130
558 87
519 0
645 90
832 41
1022 0
950 15
758 20
461 0
422 0
489 3
511 1
433 0
599 0
1286 0
1572 0
1937 0
1871 0
2080 0
2033 0
2078 0
2112 0
1789 0
1430 0
1440 0
1614 0
1811 0
1647 0
1509 0
1135 0
782 0
651 0
479 0
532 0
175 0
216 0
130 0
34 0
51 0
140 0
115 0
282 0
477 0
902 0
1324 0
1092 0
685 0
876 0
1046 0
1235 1
1478 0
810 7
444 0
201 0
62 0
15 0
17 0
20 0
4 1
2 2
0 0
0 0
1 0
6 66
2 225
0 541
4 585
84 367
0 135
0 138
50 162
0 154
0 158
13 71
35 67
3 0
10 51
0 105
1 96
0 89
0 59
0 104
0 21
0 31
8 124
34 76
4 11
0 254
0 229
0 19
0 181
0 202
0 160
0 62
0 214
0 318
0 211
0 184
0 147
1 104
0 69
33 141
3 14
10 11
335 84
681 39
732 9
1074 60
1209 29
1097 45
629 112
218 106
174 68
656 116
1188 83
1840 72
2124 135
2547 73
2924 55
2971 52
2896 47
2887 395
2871 585
3614 216
2945 120
2480 111
2410 85
1871 102
1939 10
1481 4
725 97
420 191
274 168
692 194
1064 201
1446 122
1648 89
2131 147
2803 133
3189 140
3629 223
3855 242
3641 179
3086 161
2468 194
2006 141
1575 131
859 124
368 139
359 244
484 287
636 302
547 349
524 361
356 111
258 89
127 230
143 299
45 184
65 46
99 72
170 121
83 52
79 21
3 113
0 153
11 253
3 147
51 175
48 42
89 102
66 190
54 121
41 126
16 76
245 102
102 97
12 163
16 79
2 99
51 80
19 115
58 115
18 18
1 46
45 87
16 63
17 83
143 66
23 129
10 61
111 94
26 122
4 158
8 197
0 59
0 55
0 44
0 93
0 257
0 328
0 195
0 229
0 162
0 348
13 322
62 217
216 261
361 385
326 475
275 389
153 322
381 444
471 676
249 792
143 567
152 250
189 171
243 209
243 44
107 53
104 107
113 293
56 392
80 191
81 32
138 26
80 126
204 141
21 116
174 6
139 230
79 314
299 143
240 60
2 118
10 36
17 37
0 161
0 42
0 94
0 276
2 219
0 30
0 1
1 3
0 0
0 0
0 0
0 0
0 12
5 16
0 0
1 0
0 0
0 0
0 0
0 0
0 0
50 0
24 0
13 0
0 0
155 0
1 0
6 0
71 0
0 0
78 0
103 0
29 0
40 0
9 0
4 0
1 0
0 0
25 3
2 0
3 0
0 0
0 0
0 0
42 0
52 0
18 0
9 0
181 1
0 0
43 0
100 8
0 6
23 204
32 375
21 373
0 197
0 214
0 386
0 622
0 537
0 127
0 184
4 495
2 435
18 335
64 22
78 17
72 38
14 139
19 22
0 0
0 2
0 16
0 14
0 26
0 77
0 10
0 0
0 1
0 7
0 14
0 8
2 23
0 51
0 39
0 17
0 118
6 120
0 45
0 266
0 335
0 322
0 247
0 145
0 127
0 116
7 127
4 58
0 21
1 37
0 98
2 47
0 0
0 2
0 1
0 0
0 87
0 33
0 12
0 36
0 38
0 29
1 40
0 12
0 87
0 64
0 94
0 159
0 89
0 37
0 196
0 120
0 29
0 178
0 157
0 67
0 139
0 546
0 409
0 22
0 411
0 526
0 230
0 264
0 577
0 521
0 367
6 569
0 156
0 316
0 606
0 162
0 375
0 541
0 235
0 71
0 250
11 55
40 49
35 214
50 20
74 4
48 219
39 197
14 23
0 186
14 128
2 10
6 3
11 31
50 1
14 8
51 23
0 0
0 27
5 53
10 30
13 68
2 62
4 24
0 15
0 9
0 83
0 147
0 46
0 28
0 144
1 62
0 127
0 180
0 125
0 158
0 221
0 180
0 203
0 52
0 22
4 120
0 3
0 9
0 193
0 278
0 335
0 205
0 14
6 62
0 92
0 46
0 107
0 22
0 67
0 396
0 400
0 103
0 97
0 312
0 204
0 120
0 47
0 76
0 501
0 521
4 530
0 156
0 17
0 252
0 260
0 4
0 24
0 25
0 23
0 51
0 68
0 48
0 46
0 63
0 64
0 15
0 19
4 46
0 45
0 111
0 43
2 1
1 248
1 435
0 415
7 331
0 203
0 294
9 221
5 11
4 145
0 243
3 307
0 442
0 542
2 165
0 219
0 480
2 167
1 154
3 396
0 167
0 46
0 305
0 243
0 98
0 525
0 474
0 185
0 170
12 670
0 450
0 187
0 565
0 736
0 479
0 212
0 347
0 660
4 488
0 52
0 328
29 50
0 103
0 13
19 67
0 262
0 153
0 20
0 171
0 240
0 55
0 2
11 121
48 61
231 50
206 132
217 201
291 153
46 177
12 99
0 14
14 27
109 19
236 4
261 13
234 6
338 5
362 16
221 20
85 0
26 0
86 10
26 55
1 25
24 20
12 23
0 35
0 48
0 23
14 24
2 0
0 4
0 33
40 15
9 33
0 24
0 18
1 32
0 50
0 7
0 49
0 56
9 58
1 14
0 6
0 8
0 9
5 27
0 8
0 24
0 34
0 146
0 215
0 190
12 309
0 327
0 214
0 127
0 141
0 92
0 72
1 49
53 37
27 34
49 51
24 63
33 122
95 129
78 150
183 314
154 193
108 105
94 123
202 0
326 38
389 27
375 42
531 122
752 149
1082 81
910 50
1215 155
1067 50
1090 4
1160 5
932 13
478 5
146 1
231 17
392 34
165 23
203 1
242 3
393 0
374 0
89 2
359 4
54 0
151 3
169 3
93 2
98 0
74 0
6 0
54 10
2 0
0 0
20 3
46 1
53 0
9 11
92 2
151 0
81 0
39 2
34 0
10 0
34 0
8 0
2 0
2 0
3 0
0 0
0 0
0 0
0 0
0 0
0 0
8 0
2 0
0 0
3 0
0 0
0 0
0 0
0 2
0 0
0 0
0 0
0 2
2 17
0 11
0 8
0 19
0 2
0 5
0 71
0 60
0 32
0 18
0 0
0 16
0 48
0 45
2 128
0 122
0 70
0 108
0 108
0 8
0 9
0 0
0 25
0 0
0 23
0 127
0 174
0 209
0 236
0 332
0 496
0 518
0 374
0 325
0 391
0 321
0 209
0 104
0 37
0 60
0 46
0 84
0 133
0 341
0 130
0 84
0 63
0 49
0 54
0 79
0 94
0 80
0 160
0 253
0 179
0 53
0 24
0 152
0 265
0 141
0 48
0 75
0 202
0 124
5 55
0 31
0 103
0 110
0 21
0 87
0 5
0 5
0 26
0 25
0 3
0 15
0 58
0 3
0 57
0 25
0 12
0 7
0 72
0 105
0 174
0 322
0 411
0 296
0 14
6 50
1 3
0 18
0 56
0 13
0 12
0 58
0 202
0 253
4 292
0 219
0 123
18 7
8 28
1 12
2 41
0 3
16 12
1 0
26 45
1 73
16 52
0 2
2 67
5 155
29 284
11 139
5 82
16 10
7 19
27 44
17 30
25 82
3 103
38 269
27 553
44 534
63 362
18 395
33 738
13 383
0 104
0 88
0 175
0 208
22 86
14 61
7 63
13 62
5 207
18 311
1 181
0 277
0 186
0 40
0 115
0 140
0 41
6 2
0 3
0 22
0 45
5 36
0 14
0 81
2 299
0 262
0 10
0 6
0 40
1 93
0 177
3 171
0 108
0 202
3 279
0 22
0 7
0 69
0 93
0 244
0 475
0 908
0 979
0 504
5 92
0 264
0 268
0 244
1 453
0 337
0 328
0 656
12 800
0 622
0 234
0 169
0 93
0 98
0 236
0 133
0 39
0 155
0 62
0 6
0 17
0 16
1 11
11 102
3 12
0 0
0 11
0 0
0 0
0 2
0 0
0 0
0 3
0 0
0 0
0 12
0 27
1 4
0 0
0 0
6 1
0 0
0 0
0 0
0 0
0 0
0 0
0 0
0 0
0 0
0 0
0 0
0 0
0 0
0 0
0 0
0 0
0 0
0 0
0 0
0 0
0 0
0 0
0 1
0 0
2 12
0 0
0 0
0 2
0 11
0 0
0 0
0 4
0 0
0 0
0 0
0 0
0 0
0 0
0 0
0 0
0 12
0 0
0 0
0 0
0 0
0 0
0 0
0 0
0 0
1 2
0 0
0 1
0 1
0 0
0 0
0 0
0 11
0 9
0 0
0 0
0 0
0 0
0 0
0 0
0 0
0 0
0 0
0 0
0 0
8 0
0 0
0 0
4 0
0 0
27 5
0 0
0 0
0 0
4 0
8 0
0 0
0 0
0 0
0 0
0 0
0 1
0 1
0 0
0 0
0 19
0 0
0 0
3 0
0 0
24 8
0 0
0 1
7 4
15 8
26 4
15 0
0 0
5 0
0 0
0 0
0 38
10 116
0 267
0 346
0 407
0 376
0 409
0 387
0 286
0 209
0 143
0 87
0 77
0 109
0 192
0 360
0 362
0 337
0 282
1 327
0 252
0 176
0 94
0 201
0 316
0 353
0 221
0 306
0 326
0 222
0 229
0 159
0 261
0 284
0 437
0 996
0 450
0 612
0 931
0 1090
0 654
0 387
0 1035
11 1152
3 687
0 493
0 885
9 826
5 460
0 681
0 1048
0 578
4 42
0 519
0 517
0 40
0 239
0 211
0 136
0 101
0 38
0 39
0 54
0 0
0 128
0 132
0 1
13 20
4 127
18 83
0 1
5 123
13 73
23 7
0 0
0 0
1 1
0 0
0 1
0 1
15 0
0 2
0 74
10 45
0 16
0 0
0 3
0 9
0 0
11 0
0 0
0 0
0 2
0 0
3 3
0 0
0 0
0 0
0 0
0 0
0 0
0 0
0 0
0 0
0 0
0 2
0 0
0 0
0 0
1 0
324 0
808 0
1443 0
2573 0
2769 0
2543 0
2412 1
2109 3
1703 0
1524 3
889 0
1304 0
2170 0
2568 0
2592 1
2683 0
2741 0
3108 0
3118 0
2882 0
2371 0
1815 0
709 0
527 2
356 2
322 0
30 0
1 0
52 0
62 0
259 0
453 0
779 0
769 0
1045 4
1130 0
1174 0
1136 0
462 0
251 0
185 0
118 0
24 0
12 0
2 0
18 0
0 0
11 0
11 0
0 0
4 0
0 0
13 0
16 0
7 0
12 0
0 0
10 0
0 0
14 0
0 0
0 0
1 0
0 0
3 0
75 1
229 2
386 0
269 0
105 0
71 0
901 0
1124 0
874 0
6 0
698 0
729 0
415 0
412 0
507 0
226 0
74 0
38 0
30 0
54 0
41 0
71 0
60 0
84 0
121 0
245 0
243 0
185 0
111 0
112 0
201 0
696 1
959 0
1064 0
1125 0
1059 0
627 0
1114 0
1408 0
1572 0
1236 0
974 8
710 0
372 0
476 3
617 0
992 0
979 0
913 0
830 0
783 0
392 0
530 0
626 0
625 0
576 0
523 0
389 0
476 0
455 0
531 6
680 5
672 0
765 2
884 0
1039 0
727 0
403 0
107 0
174 11
85 0
1 0
45 0
2 0
8 0
5 0
207 0
77 0
145 0
170 1
204 0
163 0
189 0
58 0
30 0
14 0
33 0
129 0
126 0
145 0
249 0
237 0
344 0
350 0
403 5
249 0
301 0
193 0
6 0
17 0
105 0
255 0
254 0
102 0
18 0
8 0
0 0
0 0
7 0
2 0
10 0
0 0
0 0
0 0
0 0
0 0
0 0
0 2
0 0
8 5
0 0
0 0
0 0
0 0
0 0
6 0
1 0
0 0
0 0
0 0
0 0
0 0
0 0
0 0
0 0
0 0
0 0
0 0
0 0
0 0
0 0
0 0
1 0
0 0
28 0
0 0
0 0
0 0
0 1
0 0
0 0
0 0
0 0
0 0
0 0
0 0
0 0
35 0
215 0
623 0
1088 0
1501 0
2100 0
2205 0
1933 3
1717 3
1547 0
1095 0
249 0
262 1
501 0
1070 0
1585 0
2391 0
2758 0
2660 0
780 1
828 0
328 0
577 0
100 2
31 0
1 0
0 0
12 0
0 0
0 0
0 0
10 0
0 0
0 0
0 0
0 0
0 0
6 3
0 0
0 1
9 3
10 0
0 0
0 0
0 0
1 0
1 0
190 0
828 2
1037 9
644 0
1199 0
1081 0
990 0
676 1
940 0
626 0
552 0
576 0
353 0
178 0
911 0
1363 0
1131 0
1107 0
763 0
82 0
206 0
98 0
0 0
29 0
0 0
0 0
0 0
0 0
0 0
0 0
0 15
0 0
0 0
0 0
0 0
0 0
17 0
347 0
799 0
1064 0
1389 4
1217 0
1038 0
1007 0
985 2
1035 3
1076 3
1164 2
983 0
403 0
767 0
839 0
988 1
1190 0
987 0
1016 0
553 0
637 0
894 8
1212 19
1362 23
1420 16
1401 14
1140 5
904 0
1623 0
2051 0
2243 0
2290 0
620 0
1068 0
373 0
232 2
271 0
29 0
20 0
0 0
1 0
26 1
0 0
0 0
0 0
0 0
0 0
2 0
0 0
0 0
4 0
2 0
37 1
5 0
3 0
0 0
23 1
0 0
6 0
2 2
0 7
1 0
2 0
23 0
12 0
3 0
0 0
0 0
0 2
0 0
0 0
0 1
0 4
2 150
0 462
0 289
0 32
0 209
6 259
0 16
0 2
0 32
0 193
0 204
0 238
0 160
0 1
2 85
0 47
0 0
0 0
0 0
0 69
0 11
0 0
0 9
0 0
0 0
0 6
0 0
5 7
0 1
0 0
5 9
0 0
0 4
0 0
0 10
0 8
0 0
0 0
0 0
0 0
0 0
0 0
0 0
0 0
0 0
0 0
0 1
0 0
0 0
0 0
0 0
0 0
0 0
0 0
0 5
4 5
0 1
0 1
0 0
0 0
0 0
0 0
0 0
0 0
0 0
0 0
0 0
0 0
0 0
5 0
1 0
0 0
0 0
12 0
52 2
22 5
50 3
20 0
2 0
10 0
31 12
0 0
0 10
0 0
5 0
0 0
11 0
3 0
0 0
1 0
0 0
0 1
0 0
1 0
0 0
0 0
0 0
0 0
0 0
0 13
0 4
0 0
0 0
0 1
39 8
265 2
406 2
494 13
433 5
325 0
300 0
448 9
336 0
292 1
1107 9
1657 2
1856 2
2254 0
1534 0
855 0
1316 0
2011 0
2102 0
1523 6
1003 0
152 0
154 0
91 0
99 0
22 0
2 1
7 0
0 0
1 0
0 4
0 0
0 0
0 0
0 0
0 0
0 0
0 0
0 0
0 0
0 0
0 0
0 0
32 6
0 1
14 0
5 2
0 14
0 0
0 0
0 4
9 9
0 0
7 0
1 0
0 0
0 0
0 0
0 0
1 1
6 70
0 150
0 30
0 4
0 69
0 4
0 0
0 0
0 0
0 0
0 4
0 0
0 0
0 2
0 2
0 0
3 0
0 0
0 0
0 0
0 0
0 0
0 0
0 0
0 0
0 0
0 0
0 0
0 0
0 0
0 0
0 0
0 0
0 0
0 0
0 0
0 0
0 0
0 0
0 0
0 0
5 6
0 0
0 0
0 0
0 0
0 0
0 0
0 0
0 0
0 0
0 0
0 0
5 0
735 0
2864 3
4185 0
3802 1
2561 0
1528 1
1464 2
1097 0
1278 2
1955 0
603 0
1623 0
2810 3
2726 0
2896 0
3342 0
2581 0
558 0
1084 0
369 0
433 0
103 0
26 0
56 0
47 0
41 0
0 0
3 2
18 0
26 35
0 0
0 57
0 126
0 207
0 94
0 96
0 278
4 153
0 56
0 142
0 6
0 1
0 89
0 0
2 102
101 55
220 1
527 16
466 16
413 2
585 0
666 0
412 0
632 2
746 0
869 10
832 1
804 0
840 0
703 0
568 0
163 0
237 7
403 0
713 1
409 17
496 7
452 0
352 0
275 0
209 0
170 1
258 0
196 0
249 0
198 0
225 0
115 0
40 0
92 0
32 0
62 0
54 0
67 0
115 0
201 0
188 0
191 3
123 1
45 63
117 15
211 0
209 45
165 1
179 0
168 0
77 0
84 0
40 0
97 0
47 6
41 0
43 6
32 0
52 0
20 0
38 0
27 9
12 0
4 0
6 0
5 0
25 0
32 0
38 0
80 3
57 0
38 0
164 0
258 0
310 0
315 0
252 0
254 0
98 0
110 0
41 0
23 0
41 0
45 0
43 0
8 0
76 0
87 0
74 0
7 0
1 0
39 0
0 0
5 0
9 0
17 0
0 0
0 5
19 0
82 0
108 0
194 0
219 0
349 0
532 0
360 0
349 0
500 0
491 0
332 0
266 0
31 0
60 0
94 0
105 0
219 0
139 1
9 0
19 0
25 0
28 0
98 0
112 0
43 0
81 0
25 0
89 1
156 0
370 0
422 0
310 0
77 0
24 0
94 0
5 0
61 1
134 0
82 0
33 0
28 0
14 0
30 0
0 0
0 0
0 0
0 0
0 0
19 0
2 0
12 0
156 0
300 0
466 0
361 0
285 2
76 0
12 0
108 0
205 1
154 0
44 0
216 0
166 0
20 0
27 0
15 0
79 12
62 0
84 0
44 0
33 0
37 0
6 0
1 1
5 0
0 0
25 0
3 0
24 0
4 0
9 0
0 0
4 0
0 1
0 0
0 0
0 0
0 0
0 0
0 0
0 0
25 1
0 0
0 0
2 0
0 0
1 0
0 0
0 0
5 0
0 0
6 0
0 0
11 0
14 0
12 0
0 0
3 0
0 0
2 0
19 0
4 0
1 0
0 0
0 0
0 0
52 1
0 0
93 0
291 0
146 0
56 0
23 0
2 0
15 0
0 0
0 10
0 0
9 0
2 0
28 0
10 0
1 0
2 0
0 0
0 0
0 0
0 0
0 0
7 0
0 0
26 2
0 0
0 0
0 0
0 0
0 0
0 0
0 0
0 0
0 0
20 0
11 0
0 0
15 23
0 1
8 14
5 0
24 0
0 0
0 0
0 0
0 2
0 0
0 0
0 0
14 1
0 0
0 0
0 0
0 1
0 20
0 100
0 46
6 65
40 156
27 195
0 28
0 300
0 75
0 55
0 209
0 309
0 0
0 133
0 176
0 5
0 82
0 227
0 19
0 11
3 240
0 65
0 8
0 5
0 93
0 51
0 0
0 4
0 131
0 25
0 1
0 9
0 74
0 71
0 0
2 48
0 0
0 40
0 49
0 1
0 0
0 0
0 0
0 0
0 0
5 6
0 0
0 59
0 70
0 15
0 0
0 58
0 48
0 0
0 0
3 0
0 0
0 10
0 0
0 14
9 6
0 0
0 0
0 0
0 0
0 0
0 0
0 3
0 0
0 0
6 5
0 0
0 0
2 0
0 0
19 0
0 0
0 0
0 0
0 0
0 0
0 0
0 0
0 0
0 0
0 0
0 0
0 0
0 0
0 0
0 0
0 0
0 0
10 0
1 0
14 3
0 0
0 0
0 0
21 0
33 0
0 0
0 0
1 0
0 0
0 0
0 0
0 0
0 0
0 0
0 0
0 0
0 0
0 0
0 0
0 0
0 0
0 0
0 0
0 0
19 6
2 0
0 0
0 0
0 0
0 0
0 0
0 0
0 0
0 0
0 0
0 0
0 0
0 0
0 0
0 0
0 0
0 0
0 0
0 0
0 0
0 0
0 0
0 0
0 0
6 0
0 0
0 0
0 0
11 0
114 0
313 0
505 0
598 0
593 0
599 0
474 1
530 0
459 0
377 1
402 0
339 0
201 0
81 0
377 0
529 0
624 0
495 0
470 0
417 0
388 2
323 0
283 0
351 0
375 0
404 0
296 0
163 0
49 0
0 0
0 0
6 0
0 0
0 0
0 0
0 0
0 0
0 0
0 0
0 3
0 4
0 14
0 5
0 0
0 0
4 12
0 0
0 2
0 0
7 0
140 0
817 0
1732 5
2576 14
2782 0
2633 0
1220 0
1367 19
2099 0
1809 0
1505 6
512 0
72 0
16 0
2 0
26 0
12 0
69 0
89 0
98 0
215 0
402 0
824 2
1035 0
1221 0
1115 6
978 13
873 0
712 0
933 0
775 0
679 0
1030 0
1386 0
1776 0
2557 0
2547 6
1994 1
1406 0
1383 0
2036 0
2861 0
3333 0
3382 13
2300 0
974 5
930 0
206 0
484 0
111 0
86 1
15 0
27 0
7 0
0 0
4 0
49 0
18 0
81 0
55 0
47 5
60 0
119 0
68 0
13 0
2 0
0 0
0 0
6 6
0 2
28 9
1 0
5 0
0 0
0 0
1 0
5 0
4 0
16 4
15 0
66 0
40 0
149 0
129 0
11 0
2 0
2 0
0 0
36 0
29 0
6 0
0 0
0 0
0 0
24 0
8 4
0 0
0 0
0 0
0 0
2 0
0 0
0 0
0 0
0 0
0 0
0 0
0 0
0 0
0 0
0 0
0 0
0 0
0 0
0 0
0 0
0 0
0 0
0 0
0 0
1 0
0 0
0 0
0 0
0 0
0 0
0 0
0 0
0 0
0 0
0 0
0 0
0 0
0 0
0 0
0 0
0 0
0 0
0 0
0 2
0 0
0 0
0 1
0 3
0 0
6 13
0 0
0 6
0 0
0 0
1 0
42 0
284 0
337 0
1048 0
1389 0
1205 5
1602 3
1417 0
1084 0
1236 3
660 3
846 0
454 3
183 0
12 0
19 0
79 0
24 0
13 0
107 1
55 0
49 0
3 0
71 0
67 2
136 0
1 0
0 0
16 0
0 0
0 0
1 0
4 0
52 0
0 0
0 0
0 0
0 0
0 0
0 0
0 3
0 0
0 5
0 0
2 2
0 0
0 0
0 0
0 46
0 59
0 13
2 0
0 0
0 6
0 0
0 0
0 0
0 0
0 0
0 0
0 0
0 0
0 2
0 5
0 36
0 42
0 128
0 224
0 558
9 778
0 801
0 932
0 947
0 987
6 1081
9 1172
5 1041
13 715
9 509
9 416
2 213
0 24
0 23
1 97
2 196
0 67
0 89
0 13
0 100
1 50
0 184
0 131
1 44
0 243
14 301
0 0
0 131
0 191
0 4
0 24
0 109
0 0
0 75
0 119
0 17
0 71
0 79
0 14
4 43
0 21
0 11
0 44
3 12
0 21
7 5
0 12
0 10
0 22
26 36
27 21
0 17
0 24
40 1
13 13
5 34
10 10
0 11
0 4
4 106
1 124
0 36
1 40
1 63
1 55
105 24
368 38
711 61
1356 19
2587 42
3310 75
3228 24
2271 103
1743 49
1984 152
1692 401
2454 234
3296 225
2892 329
2557 331
1188 461
929 529
233 321
441 94
168 23
79 0
191 36
7 4
31 30
31 115
3 85
0 67
0 56
0 14
1 13
0 25
0 0
0 0
0 4
0 0
11 2
0 0
0 5
2 3
0 35
1 56
0 5
2 0
0 59
0 14
0 0
0 0
0 0
0 1
0 0
0 1
0 0
0 3
1 1
0 0
0 0
0 20
0 0
0 0
0 0
4 83
0 0
0 0
0 0
0 0
0 0
0 0
0 2
0 5
0 0
0 0
0 4
0 8
0 43
0 54
0 16
0 0
0 1
0 0
0 0
0 0
0 0
0 0
0 0
0 0
11 1
83 0
681 0
1211 0
1316 0
897 0
647 0
915 0
969 0
1082 0
1151 0
647 0
135 0
123 0
68 0
41 0
18 0
3 0
0 0
0 0
5 0
0 0
0 0
0 0
0 0
3 1
0 0
0 0
0 0
0 0
0 0
0 0
0 0
0 0
0 0
0 0
0 0
0 0
107 0
708 0
1137 0
1256 0
966 0
536 0
1052 0
852 6
944 0
870 0
1032 0
208 0
115 12
70 19
6 2
5 16
0 20
0 0
0 0
0 0
0 5
0 0
0 0
0 4
0 0
0 7
0 12
0 0
2 11
0 4
0 0
0 0
0 0
0 0
0 0
0 0
0 0
4 4
0 0
0 0
0 0
0 0
0 0
0 0
0 0
0 0
0 0
53 0
3 0
0 0
0 0
0 0
0 0
0 0
0 0
21 0
49 0
24 0
1 207
21 607
27 597
71 735
65 721
18 139
17 34
14 90
9 314
9 261
2 83
2 92
0 123
0 52
1 18
0 101
2 96
2 42
7 61
11 203
5 203
2 252
8 123
3 65
2 103
0 113
12 101
0 92
17 10
15 35
0 85
0 67
0 0
0 5
0 0
1 8
0 0
0 0
0 0
0 1
0 0
0 0
1 157
0 74
0 116
0 0
0 3
0 22
0 56
0 239
0 221
2 151
2 294
3 553
5 177
0 147
0 188
0 12
0 172
0 13
2 3
0 57
2 62
2 231
2 226
0 377
4 383
6 347
5 391
0 160
2 59
7 330
2 301
0 103
0 49
0 341
0 174
0 192
1 490
10 486
0 44
0 263
0 464
0 236
0 34
0 40
5 58
0 120
0 107
0 142
0 190
0 86
0 218
0 1035
0 626
0 546
0 542
0 752
0 1173
1 425
3 509
0 1167
0 561
0 116
6 761
0 602
0 263
14 671
0 444
0 97
0 265
0 180
0 175
0 74
0 109
0 173
0 14
0 253
0 335
0 294
0 1
0 266
0 468
0 273
1 14
0 445
0 444
0 73
0 496
4 734
0 79
0 691
1 947
0 741
0 121
1 503
1 667
0 333
0 55
2 620
4 800
0 309
0 18
0 473
0 535
0 262
0 81
0 93
0 554
0 466
0 270
1 867
0 979
0 380
8 156
0 679
2 742
0 494
0 253
0 154
0 23
0 35
0 8
0 95
0 3
2 190
0 44
0 159
0 225
0 102
0 0
0 1
0 19
0 23
0 15
0 16
1 25
0 0
0 0
3 67
2 83
3 224
4 191
4 313
5 140
5 21
2 174
2 120
2 34
0 5
1 34
1 24
0 6
1 0
0 0
0 1
0 40
0 3
0 23
0 0
0 13
0 8
0 9
0 27
2 12
2 0
0 2
0 10
0 0
0 0
0 2
1 8
0 16
0 10
0 10
0 0
0 4
0 0
1 4
1 43
1 221
0 24
0 0
0 34
0 16
0 0
0 0
0 4
0 2
3 8
0 0
0 0
0 0
0 0
0 42
0 6
0 0
0 0
0 0
0 0
0 0
0 2
0 0
0 0
0 0
0 1
0 0
0 6
0 12
0 18
0 0
0 0
2 15
1 26
0 22
0 0
0 8
0 60
0 10
3 48
1 108
2 90
4 128
3 176
0 43
0 18
0 70
0 189
0 44
1 271
3 418
0 84
0 220
0 364
0 72
0 14
1 175
5 246
6 108
11 413
8 109
5 154
9 653
8 728
6 583
6 376
4 748
2 601
0 121
0 537
0 442
0 71
0 689
0 612
2 229
0 96
0 464
0 254
0 9
0 29
0 199
0 86
2 105
8 412
9 450
5 94
1 99
1 28
