"pat" "th"
2 5386
8 5392
4 5099
14 4522
3 4212
64 4852
147 4468
174 3596
159 2698
56 2130
5 2242
0 1853
0 1440
0 1420
0 1497
9 1421
9 1538
16 1784
20 1588
4 1099
1 687
0 424
0 270
0 214
0 99
0 93
0 12
0 1
2 1
62 4
76 0
56 0
42 0
100 0
49 0
4 0
0 0
0 0
0 0
0 0
0 0
0 0
0 0
0 0
0 0
0 0
0 0
0 0
0 0
0 0
0 0
0 0
0 0
0 0
0 0
0 0
0 7
0 0
0 0
3 0
171 0
291 0
534 0
893 0
1251 0
1584 3
1357 0
1110 0
824 0
641 0
579 13
589 11
507 0
509 4
944 0
1089 5
1543 3
1872 2
2140 0
2268 0
2378 0
1725 4
735 0
336 0
140 0
113 0
38 0
103 0
126 0
0 0
0 0
0 0
0 0
0 0
0 0
1 0
0 0
0 0
0 0
0 0
0 0
0 3
0 21
0 16
0 7
0 0
0 0
0 0
0 6
0 3
0 0
0 0
0 0
0 0
0 0
0 0
0 0
0 0
0 0
0 0
0 0
0 0
0 0
0 0
0 0
0 0
0 0
0 0
0 0
0 0
0 0
0 0
0 0
0 0
0 0
0 0
0 0
0 0
0 0
0 0
0 0
0 0
0 0
0 0
0 1
0 0
0 0
0 0
0 12
0 0
0 0
0 0
0 0
0 0
0 7
0 1
0 10
0 0
0 0
0 0
0 0
0 0
0 0
0 0
0 0
0 0
0 0
0 0
0 0
0 0
0 0
0 0
0 0
0 0
0 0
0 0
1 0
0 0
0 0
0 0
0 0
0 0
0 45
0 165
0 71
0 48
0 100
0 250
0 295
0 323
0 252
0 80
0 146
0 210
0 300
0 117
0 35
0 0
0 1
0 0
0 10
0 1
0 0
0 0
0 0
0 0
1 2
0 0
0 0
0 0
0 0
0 0
0 0
0 0
0 0
0 0
0 0
0 0
0 0
0 0
0 0
0 0
0 0
0 0
0 0
0 0
7 0
18 0
4 0
0 0
0 0
0 2
0 0
0 0
0 0
0 0
0 0
0 0
0 0
0 0
0 0
0 0
0 0
0 0
0 0
0 0
66 0
62 0
172 0
74 0
88 0
97 0
143 0
329 0
422 0
249 0
328 0
362 0
402 0
148 0
120 0
56 0
63 0
130 0
146 0
84 0
46 0
0 0
49 0
137 1
219 28
167 67
50 38
58 7
52 19
85 3
87 44
8 81
7 123
15 204
60 77
124 34
1 0
21 39
1 178
0 368
0 560
5 643
6 379
34 103
2 5
4 41
7 1
0 15
0 2
0 28
0 39
5 19
9 0
0 0
0 8
0 0
1 0
0 0
0 0
4 0
12 4
0 0
49 0
80 0
7 0
0 0
5 0
46 0
27 6
80 0
258 0
225 0
230 0
121 0
2 23
73 30
97 0
148 13
109 0
28 0
0 0
0 0
0 0
0 0
16 0
30 1
22 0
22 0
0 0
4 0
2 0
6 0
4 0
23 0
10 0
0 0
0 0
10 0
32 0
17 0
3 0
2 0
0 0
0 7
2 9
0 0
3 0
102 2
122 4
156 12
196 42
64 0
60 0
115 22
103 10
91 0
23 11
2 3
1 10
8 2
1 10
0 8
0 0
0 0
0 2
0 1
0 9
0 13
0 0
0 0
0 0
0 0
0 12
0 0
0 0
21 0
0 0
0 0
0 0
0 0
0 0
0 5
0 0
0 0
0 1
0 0
0 0
0 0
0 0
0 0
0 0
0 0
0 0
0 0
0 0
0 0
0 0
0 0
0 0
0 0
2 0
0 0
1 0
10 0
6 0
1 0
9 0
0 70
0 102
0 116
0 61
0 9
0 38
0 23
0 24
0 23
0 0
0 0
0 0
0 0
0 25
0 43
0 8
0 0
0 0
0 1
0 0
0 0
0 0
0 0
0 0
0 0
0 5
0 0
0 5
0 0
0 0
0 0
0 0
0 0
0 0
0 0
0 0
0 0
0 0
0 0
0 0
0 0
0 0
0 0
0 0
0 0
0 0
0 0
0 0
0 1
0 7
0 0
0 0
0 0
0 0
0 0
0 0
0 0
0 14
0 3
0 1
0 0
0 0
0 3
0 11
0 1
6 8
0 0
0 0
0 0
0 0
0 0
0 16
0 0
0 0
0 1
0 0
0 0
3 0
0 0
0 0
2 0
9 0
0 0
0 0
0 0
0 0
1 0
0 0
0 0
0 0
0 0
0 0
0 0
2 0
0 0
0 0
5 0
4 0
0 0
1 0
0 0
0 0
0 0
5 0
0 0
0 0
0 0
0 0
0 0
0 0
0 0
0 0
0 4
0 20
0 0
0 0
0 5
0 0
1 2
0 0
0 5
0 35
0 47
0 38
0 18
0 0
0 3
0 9
0 9
0 25
0 0
0 0
0 0
0 27
0 16
0 22
0 6
0 0
0 2
0 10
0 19
0 0
1 0
4 0
0 0
0 0
0 0
0 0
0 0
0 0
0 1
0 7
0 0
0 0
0 2
0 0
0 0
0 0
0 0
0 0
0 0
0 0
0 0
0 0
0 0
0 0
0 0
0 0
0 0
0 0
0 0
0 0
0 0
0 0
0 0
0 0
0 0
0 0
0 0
0 0
0 0
0 0
0 0
0 0
0 0
0 0
0 0
0 0
0 0
0 0
0 0
15 0
35 0
62 5
122 0
246 0
263 0
125 0
44 1
0 0
3 0
4 0
6 0
1 0
0 0
0 0
0 0
0 2
6 0
17 0
0 0
5 0
4 0
21 0
8 0
5 0
27 0
5 0
16 0
0 0
0 0
0 0
0 0
0 0
0 0
0 0
0 0
0 0
0 0
0 0
0 0
0 0
0 0
0 0
0 0
0 0
0 0
0 0
0 0
0 0
0 0
0 0
0 0
0 0
0 0
0 0
0 0
0 0
0 0
0 0
0 0
0 0
0 0
0 0
0 0
0 0
0 5
0 0
0 0
0 0
0 0
0 0
0 0
0 0
0 0
0 0
0 0
0 0
0 24
0 81
0 547
0 968
0 1575
0 1905
0 2000
0 2326
0 1946
0 1973
0 2443
0 2548
0 2156
0 1840
0 1194
0 1847
0 2010
0 1966
0 1930
0 2329
0 2400
0 2100
0 1247
0 582
0 779
0 603
0 445
0 419
0 355
0 59
0 28
0 46
0 33
0 26
0 41
0 16
0 5
0 0
0 0
0 0
0 0
0 0
0 0
0 2
0 0
0 0
0 0
0 0
0 0
0 0
0 0
0 0
0 0
0 0
0 0
0 0
0 0
0 0
0 0
0 0
0 0
0 0
0 0
0 0
0 0
0 0
0 0
0 0
0 2
0 6
0 20
0 9
0 21
0 12
0 3
0 4
0 0
0 0
0 0
0 1
0 7
0 0
0 1
0 4
0 15
0 0
0 0
0 4
0 0
0 13
0 1
0 0
0 0
0 0
0 8
0 0
0 0
0 0
0 0
0 0
1 0
0 0
0 0
0 0
0 0
0 0
0 0
0 0
0 0
0 0
0 0
0 0
0 0
0 0
0 0
0 0
0 0
0 0
0 0
0 0
0 0
0 0
0 0
0 0
0 0
0 0
0 0
0 0
0 12
0 4
0 5
0 4
0 7
0 14
0 263
0 468
0 795
0 1018
0 1190
0 1471
0 2050
0 2082
0 2210
0 2051
0 2312
0 2321
0 2346
0 2509
0 2441
0 2246
0 1957
0 1296
0 1740
0 1859
0 1584
0 1834
0 1918
0 2198
0 2051
0 1657
0 1390
0 2139
0 2377
0 2036
0 1919
0 1261
0 1487
0 2247
0 2393
0 1925
0 1704
0 1784
0 1941
0 1857
0 1988
0 1793
0 877
0 338
0 79
0 129
0 93
0 89
0 44
0 10
0 1
0 0
0 16
0 33
0 26
0 7
0 9
0 0
0 0
0 0
0 0
0 0
0 18
0 11
0 10
0 1
0 0
0 2
0 3
0 2
0 0
0 0
0 6
0 0
0 3
0 0
0 10
0 0
0 2
0 3
0 0
0 0
0 6
0 5
0 0
0 10
0 0
0 0
0 0
0 0
6 0
1 0
0 0
0 0
0 0
2 0
0 0
0 0
0 0
0 0
2 1
0 0
0 2
0 0
0 0
0 2
0 0
0 0
0 0
0 0
0 0
0 0
0 0
0 0
0 1
0 7
0 3
0 4
0 0
0 0
0 0
0 0
0 0
0 0
0 0
14 0
1 0
0 0
7 0
24 0
0 0
8 0
0 0
0 7
0 0
0 0
0 0
0 0
0 0
0 0
0 0
2 4
0 0
0 0
0 0
0 0
0 0
0 0
0 0
0 0
0 0
0 0
0 1
0 0
0 0
0 0
0 0
0 0
0 0
0 0
5 0
0 0
0 0
0 0
0 0
0 0
0 1
0 0
0 0
0 0
0 0
1 0
0 0
0 0
0 0
0 0
0 0
0 0
0 0
0 0
0 0
0 0
0 0
0 0
0 0
0 0
0 0
0 0
0 0
0 0
0 0
0 0
0 0
0 0
5 0
0 0
0 0
0 0
0 0
0 0
0 0
0 0
0 0
0 0
0 0
0 0
0 0
0 0
0 1
0 0
0 0
0 5
0 0
0 0
0 13
0 21
1 18
0 0
0 0
0 12
0 26
1 0
13 0
1 16
0 11
0 0
1 0
0 11
0 22
0 0
0 0
0 0
0 0
0 0
0 0
0 0
0 0
0 0
0 0
0 0
0 0
12 1
13 0
6 0
0 0
0 0
0 0
6 0
22 0
9 0
0 0
0 0
0 0
0 0
0 0
0 0
0 0
0 0
0 0
0 0
0 0
0 0
8 0
16 0
11 0
6 0
6 3
5 0
0 0
0 0
35 0
48 0
0 0
10 0
0 0
0 0
0 0
0 0
0 0
0 12
0 3
0 3
0 0
0 0
0 0
0 0
0 0
0 0
0 0
0 0
0 0
0 0
0 0
0 12
0 2
0 2
0 0
0 0
0 0
0 1
0 0
0 0
0 0
0 0
0 0
0 0
0 0
0 0
0 0
0 0
0 0
0 0
0 9
0 35
0 165
0 141
0 438
0 469
0 273
6 80
0 44
0 25
0 85
0 147
0 148
0 52
0 83
0 31
0 86
0 66
0 0
0 13
0 67
0 91
0 125
0 58
0 25
0 251
5 436
29 419
4 344
8 256
5 159
0 171
0 345
0 240
0 217
16 326
5 449
0 258
0 231
0 251
0 536
1 712
0 482
0 273
45 285
79 397
66 447
46 324
32 247
42 314
48 546
80 705
43 307
29 36
80 328
71 417
56 692
11 617
0 811
0 1176
1 1513
4 1641
41 1481
126 1241
46 969
74 667
92 524
123 340
107 311
78 1093
28 2022
46 2251
87 1324
43 1309
22 1926
66 1058
25 981
0 820
20 1119
45 514
0 853
27 993
5 600
5 1064
0 903
3 1209
0 1260
0 942
0 566
0 370
0 590
0 1202
4 1461
0 1554
0 1722
2 1683
1 1212
14 1142
11 897
24 747
0 713
0 833
0 751
4 686
26 805
0 274
1 178
0 312
3 452
6 552
12 1266
32 1161
0 439
55 645
0 519
23 457
2 547
0 398
0 324
0 460
7 723
40 851
14 956
0 1064
0 1264
0 1651
0 1766
0 1846
11 1736
17 1356
0 1052
0 786
1 618
1 209
2 206
32 56
0 278
2 1133
5 2030
0 2418
0 2494
0 1273
0 753
0 1328
0 1360
0 1256
0 769
0 285
0 19
1 21
0 174
0 280
0 718
0 954
0 1498
0 1361
0 955
0 313
0 461
0 36
0 511
0 427
0 408
0 227
0 278
0 371
0 507
0 386
0 164
0 118
0 68
0 135
0 81
0 89
0 47
0 9
0 0
0 8
0 6
0 96
0 82
0 97
0 101
0 47
0 28
0 0
0 0
0 0
0 0
0 0
0 1
0 0
0 0
0 0
0 3
0 4
0 0
0 6
0 0
0 0
0 0
0 0
0 0
0 0
0 0
0 0
0 0
0 0
0 0
0 0
0 0
1 0
0 0
0 0
0 0
0 0
0 0
0 0
0 0
5 0
0 0
0 0
0 0
0 0
0 0
0 0
0 0
0 0
0 0
0 0
0 0
0 0
0 0
0 0
0 0
0 0
0 0
0 0
0 0
0 0
0 0
0 0
0 0
1 0
0 0
0 0
0 0
0 0
0 0
0 0
0 0
0 0
0 0
0 0
2 2
0 0
0 0
0 0
0 0
0 0
0 0
0 0
0 0
0 1
0 30
0 5
0 0
0 87
0 305
0 244
0 70
0 1
0 3
0 46
0 18
0 0
0 0
0 0
0 0
3 0
0 0
0 0
0 0
0 0
0 2
3 0
0 2
0 4
0 8
0 0
0 0
8 0
27 0
0 0
6 0
0 0
22 0
0 0
0 0
0 0
0 1
0 0
2 0
19 0
10 0
0 0
0 0
1 0
16 0
0 0
0 0
0 0
0 0
0 0
0 0
0 0
0 0
0 0
0 0
0 0
0 4
0 0
0 25
0 0
0 43
0 77
10 100
33 16
0 0
0 1
0 0
0 8
0 3
0 2
0 2
0 1
0 0
0 0
0 0
2 0
2 0
2 0
0 0
0 0
0 0
0 0
0 0
0 0
0 0
0 0
0 0
0 0
0 0
0 0
0 0
0 0
0 0
0 0
0 0
0 0
0 0
0 0
0 0
0 0
0 0
0 0
0 0
0 0
0 0
0 0
0 0
0 0
0 0
0 0
0 0
0 0
0 0
0 0
0 0
0 0
0 0
0 0
0 0
0 0
0 0
0 0
0 0
0 0
0 0
0 0
0 0
0 0
0 0
0 0
0 0
0 0
0 0
0 0
0 0
0 0
0 0
0 0
0 0
0 0
0 0
0 0
0 0
0 0
0 2
0 0
0 0
0 0
0 0
0 0
0 0
0 0
0 0
0 0
0 0
0 8
0 0
0 0
6 0
5 0
2 3
2 0
0 4
0 0
0 0
11 6
10 5
9 8
0 1
0 0
0 0
0 0
7 0
16 5
0 0
0 0
0 0
0 0
2 0
0 0
3 0
0 5
0 12
0 10
0 26
0 0
0 0
0 0
0 0
0 0
0 0
0 0
0 0
0 0
0 0
0 0
0 36
0 480
0 977
0 1428
0 2194
0 2504
0 2318
0 1877
0 1546
0 1178
0 626
0 450
0 541
0 409
0 427
0 546
0 510
0 582
0 1494
0 1954
0 2045
0 2412
0 1958
0 1743
0 1257
0 1009
0 371
0 190
0 187
8 214
226 24
601 0
752 1
1038 0
803 0
929 0
1561 0
1892 0
2225 0
2093 0
1919 1
1620 1
1520 8
1486 11
1056 15
853 45
1226 28
1369 7
1588 23
1506 7
1406 20
1367 28
1300 19
1355 21
1517 32
1732 47
1891 35
2080 18
2013 0
1979 0
1915 0
1781 0
1740 0
1594 0
1374 0
1369 0
955 0
940 0
260 0
94 4
402 0
693 0
1126 0
1400 0
1742 0
1950 0
2661 0
2782 0
2860 0
2392 0
2406 0
2359 0
2427 21
1934 29
1873 24
1811 20
2233 17
2614 19
3116 16
3472 11
3871 4
3611 5
3336 1
2397 1
987 3
463 0
1016 2
1094 1
1372 7
1457 3
2366 3
2708 0
3182 1
2601 0
3526 0
3294 0
2503 1
2299 2
2294 3
2352 5
1808 3
1618 0
1168 0
685 0
391 0
206 2
62 2
150 2
321 0
716 2
410 0
802 0
1244 0
1530 0
1910 1
1336 0
1033 0
566 0
1178 0
1929 0
2301 0
2253 3
1908 0
2261 0
2732 1
1965 0
1756 1
1561 0
1431 0
785 0
1015 9
1344 19
1371 10
1057 8
887 8
1892 7
2611 7
3321 10
2562 7
1846 10
1261 17
1338 22
1368 18
1553 28
1354 30
997 12
1014 0
786 0
730 0
833 0
1106 0
1257 0
889 0
897 0
991 0
1250 0
1713 0
2247 26
1797 36
1574 16
1770 24
2427 19
3189 17
3655 12
3960 11
4032 22
4916 34
4813 27
4688 11
4617 14
4377 16
4249 3
3987 4
3703 2
3361 1
2819 2
2398 1
2175 1
2026 0
1505 2
1337 0
1258 0
1181 0
1181 0
1280 0
1433 0
1358 0
1396 0
1267 0
903 0
562 0
550 0
422 0
145 0
202 0
294 0
625 0
488 0
771 0
537 0
481 0
353 0
241 0
381 0
227 0
634 0
475 0
512 0
109 0
152 0
420 0
520 0
814 0
1052 0
1117 0
1041 0
781 0
762 0
822 0
1216 0
1255 0
1630 0
1636 0
1761 0
1344 0
1659 0
1396 0
1392 0
1268 0
1312 0
1196 0
1214 0
726 0
587 0
437 0
207 0
87 0
367 0
443 0
469 0
433 3
646 1
843 0
1121 1
1318 0
1524 0
1593 0
1443 0
1556 0
1107 0
998 0
793 0
438 0
528 0
350 0
350 0
653 0
594 0
730 0
1574 8
2626 0
3368 7
1407 7
1185 0
965 0
1139 0
1014 0
500 0
657 0
717 0
441 0
645 0
938 0
933 0
1114 0
1222 0
1430 0
1711 0
1819 0
1857 0
1950 0
1806 0
1614 0
1559 0
1316 0
1077 0
958 0
935 0
673 0
881 0
604 0
788 0
890 0
1158 0
1010 0
1057 0
651 0
728 0
712 0
962 0
709 1
601 0
283 0
367 0
298 0
430 0
295 0
165 0
176 0
276 1
142 0
125 0
107 0
149 0
15 0
159 0
3 0
25 0
45 0
326 0
296 0
371 0
200 0
269 0
311 0
113 0
54 0
251 0
96 0
256 0
210 0
239 0
381 0
689 0
707 0
766 0
587 0
991 0
1115 0
1562 0
1658 0
1421 0
1226 0
1296 0
1453 0
1479 8
1710 2
1366 0
1619 0
1579 0
1458 0
1259 0
1618 0
1843 2
2286 5
2387 20
2161 27
2561 7
2308 13
2459 19
2200 13
2797 8
2833 1
3509 0
3381 0
3347 0
2770 0
2140 0
1433 0
1416 0
1469 0
1518 0
1010 1
1387 0
935 0
732 3
654 0
226 0
337 0
582 0
934 0
981 0
1358 0
1355 0
1386 0
916 0
1078 0
848 0
785 1
831 0
602 0
729 0
489 0
732 0
506 0
752 0
423 0
335 0
285 0
435 0
200 0
437 0
744 0
584 0
373 0
317 0
181 0
187 0
150 0
208 0
199 0
232 0
203 0
398 0
615 0
776 0
1095 0
1013 0
1041 0
892 0
683 0
407 0
438 0
463 0
480 0
509 0
656 0
758 0
1013 0
1320 0
1222 0
922 0
974 0
895 0
746 0
367 0
289 0
428 0
521 2
482 0
356 1
436 0
551 2
378 0
403 0
404 0
429 0
293 0
388 0
383 0
214 0
361 0
417 0
162 0
27 0
2 0
99 0
29 0
16 0
3 0
152 0
359 0
779 0
1283 0
1373 0
937 0
804 0
726 0
708 0
1078 0
1492 0
1615 0
1250 0
975 0
977 0
1568 0
1442 0
1159 0
1022 0
900 1
551 0
463 0
438 0
328 0
224 1
252 0
219 0
686 0
707 0
968 0
1305 0
1866 0
2153 0
2105 0
1688 0
1637 0
1129 0
979 0
1438 0
1949 0
1888 0
2000 0
1439 0
1603 0
1266 0
1616 0
1744 0
1773 0
1475 0
1624 0
1188 0
934 0
1078 0
856 0
624 0
621 0
530 0
590 0
773 0
978 0
1056 0
954 0
1356 1
1301 19
946 60
1206 16
1104 21
1443 16
1312 88
1813 94
2281 84
2687 57
2878 64
2695 122
2345 250
1677 178
1699 248
1918 335
2088 435
2021 490
2103 735
1979 963
1866 1531
1851 2268
1784 3092
1488 3900
1497 4972
1085 5643
868 6936
720 7730
752 8557
1218 9150
1108 9603
1534 10097
1489 10672
1949 10066
1711 9256
2209 7830
2174 7183
2314 6316
1968 5396
2271 5021
1620 4778
1776 4575
1229 4533
1066 4124
512 3793
819 3420
681 2895
657 2475
636 2136
344 2361
1413 2416
1607 3040
2704 3393
3459 4135
3564 4461
3458 4573
4281 4222
4256 4786
3623 4654
2992 4877
2556 5085
1723 6145
1851 6463
1382 6705
1727 6748
1801 6172
1950 5425
2351 5202
2550 4417
2870 4066
2657 2898
2335 2050
2575 1360
3114 1209
2427 1491
1899 1478
1691 2076
2006 2145
2193 2066
1967 2402
1883 2699
2081 3548
2332 3711
2223 4176
2125 4258
1792 4369
1395 4548
1254 5081
963 5693
1129 6583
531 7616
891 6978
728 6951
650 6048
833 6191
1074 6177
916 6218
1072 6162
853 6618
1107 6509
993 6554
1261 6058
1285 5750
1457 4834
1339 4175
1297 2903
1179 2352
1152 1507
1174 1210
1072 480
1822 352
1640 524
2151 714
1206 1080
1507 1346
1686 2088
1910 2277
1984 2770
2395 2564
1744 3151
2015 2880
1826 3181
1842 3063
1744 3530
1762 3419
1502 3600
1563 3179
1324 2992
1269 2587
1468 2002
1353 1587
1244 1489
981 1682
949 1214
899 1520
1032 1292
1004 1432
1086 1589
1108 1261
1346 1325
1406 1442
958 1465
939 1276
1004 1178
667 1150
596 1238
690 1401
703 1546
704 1615
532 1592
297 1202
186 820
82 532
74 334
62 267
230 423
125 478
389 567
641 580
948 473
992 531
1450 399
1250 778
705 790
973 1019
1128 1128
1102 1490
985 1667
1312 1628
1449 1085
1202 849
1139 953
941 883
566 746
1122 453
1487 329
1362 83
872 389
1128 610
1161 1307
1911 1428
2126 1967
2675 1779
2809 2022
2804 2045
2582 2209
2424 1922
2101 1875
1940 1146
1892 1224
2001 670
1794 541
1550 659
1496 685
917 623
1273 632
1350 888
1228 1298
1633 1881
1605 2422
1852 2313
1805 2125
1818 2218
1139 1920
1487 1785
1513 1305
988 980
1049 694
1274 662
1604 402
1141 465
1483 707
1403 553
1575 455
1853 551
2303 532
3284 503
3911 482
3192 669
3147 660
2733 671
1815 699
1506 652
1422 661
1159 667
910 772
663 839
379 951
556 1285
838 1396
1104 1299
770 1213
803 1024
675 670
706 630
248 568
532 422
697 527
757 355
770 272
853 11
626 140
763 76
639 109
702 137
731 16
1277 0
964 144
973 99
579 138
504 81
622 225
978 188
1371 270
1160 200
846 46
535 97
543 65
395 194
476 117
225 39
264 49
314 133
487 148
980 200
896 228
933 197
749 49
541 26
502 160
452 230
504 151
100 198
362 264
448 277
457 374
315 425
346 486
591 762
647 821
678 770
927 418
1023 395
1358 369
1309 765
1114 851
754 1108
692 1475
730 1693
546 1743
513 1649
726 1430
921 1366
890 1240
1087 1394
866 1532
1267 1556
973 1891
923 1500
902 1160
956 1306
832 1308
932 1242
674 1251
908 910
710 638
809 686
664 612
473 930
445 897
513 929
434 1071
720 926
550 1121
938 1188
972 1218
784 1618
979 1372
1252 1325
1203 1360
1499 1420
1461 1503
1516 1634
1208 1680
1179 1452
999 1662
813 1831
921 1792
881 1603
640 1426
280 1359
1048 1106
1597 1137
837 1211
1875 1202
1303 1459
971 1043
1117 1836
1144 1619
1224 1580
1168 1379
1046 1806
719 1735
544 2330
851 2330
1215 2195
1170 2048
808 2086
858 2525
720 2996
530 3347
384 3252
642 3104
1007 2186
1698 1692
1594 1103
1293 977
1264 476
1228 683
1437 422
1740 593
741 355
1011 442
831 338
1351 454
2050 894
2425 1275
2590 1782
2983 2284
3200 3087
2868 3458
2321 3653
1900 3676
1862 3647
2047 3419
1991 3252
2023 2772
2219 2114
2474 1452
2466 1253
2428 1718
2382 1968
2649 2223
3021 2413
3017 2597
3269 2805
3158 3261
3083 3592
2426 2949
2585 2642
1970 2141
2073 1790
1555 1437
1668 1309
1227 1180
1364 1325
814 1275
834 1276
165 1210
140 1360
270 1742
460 2146
1186 1952
1255 2129
1814 2368
1691 2382
1868 2104
1349 1219
1581 1665
1555 1972
1821 2581
1681 2805
1890 2862
1368 2649
1600 2392
1451 2177
1431 2594
1482 3127
1699 2965
1767 2492
2287 2181
2684 2100
3101 2144
3333 2516
3589 2611
3881 2542
3768 2481
3904 2743
3915 2916
3921 3533
3939 3825
3536 3426
2736 3344
2462 2506
2997 1727
3168 869
2797 813
2409 584
1568 348
1235 77
565 176
303 164
606 77
556 221
808 196
775 464
557 309
406 566
508 359
627 733
844 621
815 1260
1038 1020
1142 1611
1093 1409
1359 1420
954 1063
900 1023
827 1000
823 907
798 791
990 919
917 1268
883 1357
847 1813
1181 2358
1028 2683
1247 3504
713 3864
759 3663
268 3786
286 3254
20 2696
115 2575
336 2250
544 2117
474 1702
478 1419
301 928
273 897
215 913
534 819
998 807
1338 715
1170 520
736 412
248 407
432 482
275 306
626 563
351 891
551 1161
427 1495
261 1853
160 1926
58 2157
6 2310
15 3059
8 3313
24 2577
19 2285
85 2314
108 2139
224 1950
318 1953
397 1786
402 1424
463 1295
382 1245
301 898
165 670
27 933
17 1003
7 795
14 808
29 1030
27 942
45 982
231 1322
746 1018
1358 1131
1651 1161
1861 1459
1232 1684
736 1802
722 1638
515 1834
247 1484
202 1759
276 1892
148 1827
110 1841
113 1678
86 1573
106 1658
191 1274
311 1373
928 1266
1401 1143
1680 1205
1712 2004
1835 2085
1740 2581
1350 2053
948 2582
1211 2251
1362 2449
1825 2089
2488 1923
3052 1590
3356 1157
3449 1105
3410 901
3279 727
2890 736
2272 876
1844 971
1213 1190
1077 1319
1396 1410
1756 1437
2569 1576
3477 1643
3960 1527
4177 1447
4027 1295
4082 1124
4077 915
3989 522
3867 479
3660 412
3453 477
3191 503
2961 700
2623 789
2372 899
2126 700
2554 706
2859 643
2981 1002
3117 1091
3130 1518
3205 1921
3106 2658
3065 2992
2617 3521
2979 3661
3520 4433
3878 4619
4041 5652
3816 6183
3149 6437
2325 6075
2173 6119
2206 5784
1491 5401
1274 5201
1831 6073
2111 6807
1894 7615
1970 7312
2002 5648
1970 4804
1795 4648
1855 3920
1799 3628
1775 2737
664 3000
542 2422
1557 2410
2134 2077
2420 1896
2548 1396
2774 1305
2911 1104
2889 1207
2826 943
2246 1156
1842 975
1376 1312
878 895
447 1266
126 1073
98 1025
56 1674
140 3245
710 4230
1553 4537
1988 4063
2000 3848
1882 3166
1563 2562
1543 1707
1155 1437
920 1554
692 1606
593 1816
313 2197
71 2861
187 3806
174 4101
231 4192
64 3250
68 2723
10 3517
27 4480
4 5221
1 5649
0 5831
19 5722
69 5561
203 4100
205 3792
358 3396
283 3644
33 3838
29 4154
376 4636
516 3830
425 3236
352 3380
155 3686
193 4040
166 4440
313 4707
338 5335
441 6123
544 5936
1065 5600
1831 5815
2356 5759
2757 5287
2939 4561
2576 4336
2087 3435
1968 3063
1364 2654
854 2348
1689 2037
1820 2086
1081 1880
803 1630
587 1603
771 1635
891 1635
1118 1472
1328 1091
2071 842
1891 1180
2784 1900
2497 1330
2089 972
1865 802
1687 774
946 722
676 264
294 73
312 394
233 369
667 203
733 134
812 43
1027 124
936 143
492 258
405 300
403 183
650 55
815 23
924 9
632 102
783 18
584 48
229 0
233 2
440 7
315 4
526 0
285 0
156 0
239 0
479 7
378 0
188 0
190 10
182 0
33 6
139 0
151 0
85 0
48 0
6 1
17 13
71 13
22 3
75 5
69 0
40 3
27 0
34 0
25 0
3 0
0 0
0 0
6 0
0 0
4 0
0 0
0 0
0 0
0 0
0 0
0 0
0 0
0 0
35 0
210 0
601 0
691 0
1007 0
1618 0
1880 0
2106 1
2006 0
1928 0
1884 0
1873 0
1739 2
1631 8
1177 15
862 20
478 18
1007 31
1318 8
957 9
746 14
627 14
792 0
1023 4
1868 0
2877 2
3150 0
3258 5
3158 0
2370 3
1579 0
902 2
289 1
149 0
232 0
42 0
14 0
1 0
0 0
0 0
0 0
0 0
1 0
0 0
4 0
44 0
130 0
70 0
48 0
41 0
54 0
14 0
0 0
0 0
0 0
0 0
0 0
2 1
0 0
0 0
0 0
0 0
0 0
0 13
0 5
0 23
0 74
0 75
0 74
0 74
0 20
0 34
2 35
35 50
96 31
54 23
24 1
12 0
4 0
0 41
0 123
0 190
0 269
0 104
0 48
0 31
0 2
0 0
0 3
0 7
0 0
16 0
26 0
62 0
77 0
98 0
85 0
22 0
24 0
61 0
5 0
11 0
52 0
83 1
31 1
9 0
7 0
12 10
23 0
1 10
0 1
0 0
0 0
0 2
0 4
0 0
0 0
0 0
1 0
1 0
0 0
0 0
0 0
0 0
0 0
0 0
0 0
0 0
0 0
0 0
0 0
0 0
0 1
0 0
0 23
0 2
0 1
0 0
0 6
0 1
0 10
0 1
0 48
0 104
0 150
0 11
0 3
0 28
0 1
0 0
0 7
0 23
0 75
0 39
0 1
0 0
0 0
0 2
0 0
0 19
0 0
18 0
37 0
84 0
80 0
76 0
106 0
109 0
31 0
55 2
15 0
3 10
0 11
0 4
0 0
2 0
0 0
0 0
5 0
0 0
0 0
0 0
2 0
0 0
0 0
4 0
5 0
0 0
6 0
0 0
0 0
0 0
1 0
0 0
0 0
0 0
0 0
0 0
0 0
0 0
0 0
0 0
0 0
0 0
0 0
0 0
0 0
0 8
0 0
0 0
6 0
14 0
18 0
3 0
0 0
0 0
0 0
2 0
0 0
0 0
0 0
0 0
0 0
0 0
0 0
0 0
0 0
0 0
14 0
0 0
0 0
0 0
5 2
0 0
5 0
27 0
5 0
0 0
0 0
0 0
0 0
0 2
0 0
0 0
0 0
0 0
0 0
0 0
0 0
0 0
0 0
0 0
0 10
0 0
0 1
0 0
0 0
0 4
0 0
0 0
0 0
0 2
13 0
0 0
0 0
0 0
0 0
0 0
0 0
0 0
0 0
0 0
0 0
0 0
0 0
0 0
2 8
0 3
0 0
0 2
0 53
0 21
20 51
0 8
9 36
0 20
0 40
0 22
0 0
0 0
0 0
2 11
0 0
0 0
1 3
0 8
0 0
0 0
0 0
0 1
0 2
0 0
0 0
0 0
0 0
0 0
0 0
4 0
0 0
0 0
0 0
1 0
0 0
0 0
0 0
0 0
0 0
0 0
0 0
0 0
0 0
0 0
0 0
0 0
0 0
0 0
0 0
0 0
0 0
0 0
0 0
0 0
0 0
0 0
0 0
0 0
15 0
13 0
0 0
0 0
0 0
0 0
0 0
0 0
0 0
0 0
0 0
0 0
0 0
6 0
0 0
0 0
0 0
1 0
0 0
0 0
0 0
0 0
0 0
0 0
0 0
1 0
0 0
2 0
0 0
2 0
0 0
0 0
0 0
0 0
0 0
0 0
0 0
0 0
0 0
0 0
0 0
0 0
0 0
0 0
0 0
0 0
0 3
0 0
0 0
0 0
0 0
0 0
0 0
0 0
0 0
0 4
0 1
0 1
0 0
0 0
0 0
0 0
0 0
0 0
0 0
0 0
0 0
0 0
0 0
0 0
0 0
2 0
0 0
0 0
0 0
0 0
0 0
1 0
0 0
0 0
0 0
0 0
0 0
0 0
0 0
0 0
0 0
0 0
0 0
0 0
0 20
0 0
0 0
0 0
0 2
0 0
0 13
0 0
0 0
0 0
0 0
0 0
0 0
0 0
0 0
0 0
0 0
0 0
0 45
0 233
0 446
0 817
0 1080
0 1230
0 1256
0 1202
0 1036
0 899
0 722
0 570
0 573
1 775
6 671
5 499
3 534
0 447
0 409
0 568
0 437
0 541
0 595
0 352
0 145
0 301
0 212
0 107
0 261
0 183
0 302
0 485
0 456
0 599
0 625
0 555
0 253
0 13
1 150
0 131
0 39
0 5
0 4
0 33
0 33
0 22
0 58
0 113
0 142
0 126
0 231
0 192
0 88
0 35
0 212
0 487
0 534
0 588
0 588
0 454
1 785
0 984
0 1047
2 1085
1 995
5 942
6 697
4 339
5 609
3 723
0 803
0 840
0 845
0 785
0 795
0 767
0 735
0 662
0 565
0 475
0 632
0 785
0 853
0 893
0 982
0 1134
0 1209
0 1248
1 1181
0 1035
0 855
0 412
0 356
0 273
0 508
0 21
0 100
0 95
0 106
0 5
3 15
0 2
0 0
0 8
0 0
0 0
0 3
0 0
1 0
0 0
0 0
0 0
0 0
1 15
0 0
0 0
0 0
0 0
0 0
0 0
0 0
0 2
0 34
0 83
0 97
0 102
0 23
1 0
0 4
0 0
0 9
0 0
0 0
0 36
0 122
0 103
0 64
0 0
0 28
0 22
0 74
0 26
0 13
0 0
0 0
0 0
0 2
1 0
0 46
0 0
0 0
0 0
0 0
0 0
0 0
0 0
0 9
0 4
0 6
0 7
0 42
0 98
0 266
0 700
0 815
0 952
0 1050
0 1055
0 1152
0 1030
0 921
0 777
0 895
0 971
0 1006
0 1066
0 1033
0 806
0 323
0 654
0 1031
0 971
0 1020
0 992
0 942
0 967
0 1251
0 1386
0 1482
0 1259
0 921
0 748
0 384
0 234
0 527
0 313
0 98
0 67
0 47
0 1
0 16
0 4
0 6
0 1
0 9
0 0
0 0
0 9
0 1
0 10
0 1
0 0
0 0
0 7
0 0
0 0
0 0
0 0
0 0
0 0
0 0
0 0
0 0
0 0
0 0
0 3
0 0
0 0
0 0
0 0
0 0
0 0
13 0
0 0
0 3
0 10
0 0
0 0
1 4
0 0
0 0
0 0
0 0
0 0
3 0
0 0
0 0
1 0
0 0
0 0
0 0
0 0
0 0
0 0
0 0
0 0
0 0
0 0
4 0
0 0
0 0
0 0
0 0
7 1
0 0
0 0
0 0
0 0
0 0
0 0
0 0
0 0
0 0
0 0
7 0
0 0
7 0
0 0
0 0
0 0
0 0
0 0
0 0
0 0
0 0
0 0
0 0
0 0
0 0
0 0
0 0
0 0
0 0
0 0
0 0
0 0
0 0
0 0
1 0
0 0
0 0
0 0
0 0
0 0
0 0
0 0
0 0
0 0
0 0
0 0
0 0
0 0
23 0
16 0
0 0
0 0
0 0
0 0
0 0
0 0
0 0
0 0
0 0
0 0
0 0
0 0
0 0
0 0
0 0
0 0
0 0
2 0
0 0
0 0
0 0
2 0
0 0
0 0
0 0
0 0
0 0
0 0
0 0
0 0
0 0
0 0
0 0
0 0
0 0
0 0
0 0
0 0
0 0
0 0
0 0
0 0
0 0
0 0
0 0
0 0
0 0
0 0
0 0
0 0
0 0
0 0
0 0
0 0
0 0
0 0
0 0
0 0
0 0
0 0
0 0
0 0
0 0
0 0
0 0
0 0
0 0
0 0
0 0
0 0
0 0
0 0
0 0
0 0
0 0
0 0
0 0
0 0
0 0
0 0
0 0
0 0
0 0
0 0
0 0
0 0
0 0
0 0
0 0
0 0
0 0
0 0
0 0
0 0
0 0
0 0
0 0
0 0
0 0
0 0
0 0
0 0
0 0
0 0
0 0
0 0
0 0
0 0
0 0
3 0
0 0
0 0
0 0
0 0
0 0
0 0
0 0
0 0
0 0
0 0
0 0
0 0
0 0
0 2
0 0
0 0
0 13
0 0
0 0
0 54
0 239
0 543
0 745
0 951
0 952
0 1018
0 874
0 880
0 866
0 865
0 854
0 861
0 841
0 812
0 917
0 977
0 1055
0 1057
0 856
0 544
0 32
0 504
0 900
0 1041
0 1002
0 817
0 817
0 731
0 802
0 818
0 669
0 570
0 357
0 654
0 747
0 533
0 553
0 627
0 529
0 487
0 532
0 501
0 559
0 599
0 846
0 1295
0 1455
0 1295
0 923
0 991
0 709
0 439
0 190
0 323
0 49
0 258
0 328
0 183
0 9
0 13
0 27
0 61
0 54
0 19
0 36
0 13
0 0
0 0
0 0
0 1
0 0
0 12
0 0
0 0
0 5
0 0
0 0
0 0
0 20
0 42
0 21
0 23
0 18
0 27
0 5
0 3
0 0
0 0
0 2
0 8
2 0
0 0
0 0
5 0
29 0
0 0
3 0
0 8
0 5
0 1
0 0
0 5
0 31
0 224
0 882
0 1538
0 1729
0 1753
0 1645
0 1579
0 1991
0 2087
0 1690
0 1635
0 1953
0 2215
0 2508
0 2887
0 2721
4 1922
0 1777
0 2638
0 2971
0 2499
0 1530
0 704
0 1746
0 2364
0 2127
0 1380
0 1267
0 1982
0 2436
0 2095
12 1851
0 1818
0 1674
0 1815
0 1773
13 1846
13 2093
0 2166
0 1681
0 476
0 805
0 104
0 518
0 209
0 446
0 23
0 14
0 13
0 78
0 39
0 17
0 0
0 0
0 2
0 0
0 15
0 0
0 39
0 10
0 0
0 0
0 0
8 0
0 8
3 11
9 17
0 11
0 1
0 26
0 97
0 6
0 9
0 6
0 1
0 62
0 0
0 1
0 11
0 29
0 58
0 3
1 7
0 16
0 9
0 3
6 0
6 0
7 0
4 17
0 0
0 2
0 0
0 0
0 0
10 0
13 0
7 0
2 0
0 0
0 0
0 0
0 0
0 0
0 0
0 0
0 0
0 0
0 0
0 0
0 0
0 0
0 0
0 0
6 0
14 1
1 30
0 0
0 0
0 1
0 29
1 84
0 67
2 6
0 0
0 4
0 25
0 33
0 9
0 1
0 0
0 0
0 0
0 3
0 0
0 0
0 2
0 10
0 12
0 0
0 0
1 0
0 0
0 0
0 9
0 0
0 0
0 0
1 0
5 0
6 0
0 0
0 0
0 0
5 0
3 5
6 0
0 0
0 0
2 0
0 0
0 0
0 0
0 0
0 0
0 0
0 1
0 0
0 0
0 0
0 0
3 0
0 0
0 0
6 0
1 0
21 0
15 0
4 0
0 0
42 0
14 3
0 0
0 2
0 4
0 0
0 0
0 0
0 0
12 0
0 0
7 0
0 0
0 0
0 0
0 0
0 0
0 0
0 0
0 0
0 0
0 0
0 0
0 0
0 0
0 0
0 0
0 0
0 0
0 0
0 0
0 0
0 0
0 0
0 0
0 14
0 13
0 0
0 0
0 0
0 0
0 0
0 0
0 0
0 0
0 0
0 0
0 0
0 0
0 0
0 0
0 0
0 0
0 0
0 0
0 0
0 0
0 0
0 0
0 0
0 0
0 0
0 0
0 0
0 0
0 0
0 0
0 0
0 0
0 0
0 0
0 0
0 0
0 0
0 0
0 0
0 0
0 0
0 0
0 0
0 0
0 0
0 0
0 0
0 0
0 0
0 0
0 0
0 0
1 0
0 0
2 0
9 0
17 0
17 0
21 0
14 0
0 0
0 0
0 0
1 0
11 0
17 0
0 0
0 0
0 0
0 0
0 0
0 0
0 0
7 0
1 0
0 0
0 0
0 0
0 0
0 0
0 0
0 0
0 0
0 0
0 0
0 0
0 0
0 0
0 0
0 0
3 0
0 0
0 0
0 0
0 0
0 0
0 0
0 0
0 0
0 0
0 0
0 0
0 0
0 0
0 0
0 0
0 0
0 0
0 0
0 0
0 0
0 0
0 0
0 0
0 0
0 0
0 0
0 0
0 0
0 0
0 0
0 0
0 0
0 0
1 0
0 0
0 0
0 0
0 0
0 0
0 0
0 0
0 0
0 0
0 0
0 0
0 0
0 0
0 0
0 0
0 0
0 0
0 0
0 0
0 0
0 0
0 0
0 0
0 0
0 0
0 0
0 0
0 0
0 0
0 0
0 0
0 0
0 0
0 0
0 0
0 0
0 0
0 0
0 0
0 0
0 0
0 0
0 0
0 0
0 0
0 0
0 0
0 0
0 0
0 0
0 0
0 0
0 0
0 0
0 0
0 0
0 0
0 0
0 0
0 0
0 0
0 0
0 0
0 0
0 0
0 0
0 0
0 0
0 0
0 0
0 0
0 0
0 0
0 0
0 2
0 0
0 0
0 0
0 0
0 16
0 0
0 0
0 0
0 0
0 0
0 0
0 0
0 0
0 0
0 0
0 0
0 33
0 338
0 794
0 867
0 1214
0 1585
0 1545
0 1244
0 1222
0 1323
0 1314
0 1215
0 1213
0 1286
0 1374
0 1410
0 1190
0 1118
0 956
0 977
0 968
0 984
0 970
0 762
0 128
0 536
0 807
0 852
0 931
0 832
0 786
0 628
0 615
0 724
0 580
0 645
0 606
0 491
0 375
0 640
0 719
0 765
0 966
0 1122
0 962
0 836
0 931
0 806
0 196
0 421
0 242
0 131
0 92
0 107
0 72
0 37
0 26
0 13
0 8
0 0
0 17
0 27
0 2
0 1
0 1
0 12
0 0
0 10
0 1
0 1
0 13
0 3
0 14
0 8
3 0
0 0
0 0
0 0
0 0
0 0
0 0
0 0
0 0
0 2
0 0
0 0
0 0
0 0
0 0
0 0
1 0
0 0
13 0
18 0
0 0
0 0
0 0
0 0
0 0
0 0
0 11
0 1
0 0
0 0
0 0
0 0
0 0
0 0
0 8
0 7
0 1
0 0
0 0
0 0
0 0
0 0
0 0
0 0
0 0
0 0
0 0
0 0
0 0
0 0
0 0
0 0
0 0
0 0
0 0
0 0
0 0
0 0
0 0
0 3
0 0
0 0
0 0
0 0
0 0
0 0
0 0
0 0
0 0
0 0
0 0
0 0
0 0
0 0
0 0
0 0
0 0
0 0
0 0
0 0
0 0
0 0
0 0
0 0
0 0
0 0
0 0
0 0
0 0
0 0
0 0
0 0
0 0
0 0
0 0
0 10
0 3
0 0
0 0
0 0
0 0
0 0
0 0
0 0
0 0
0 0
0 0
0 0
0 0
0 0
0 0
0 0
0 0
0 0
0 0
0 0
0 0
0 0
0 0
0 0
0 0
0 0
0 0
0 0
0 3
0 55
0 161
0 287
0 406
0 568
0 771
0 943
0 1156
0 1065
0 951
0 1121
0 1089
0 803
0 932
0 751
0 763
0 741
0 820
0 731
0 292
0 622
0 687
0 615
0 682
0 686
0 754
0 720
0 490
0 470
0 612
0 729
0 846
0 863
0 849
0 910
0 922
11 945
0 895
0 780
0 473
0 850
0 939
0 983
0 1025
2 1022
0 901
0 854
0 846
0 845
0 912
0 897
0 820
0 710
0 241
0 715
10 766
5 765
7 822
4 760
9 796
0 826
0 849
0 878
0 861
0 819
0 744
0 547
0 536
0 609
0 403
0 66
0 32
0 81
0 12
0 44
0 4
0 0
0 0
0 10
1 0
0 0
0 0
0 0
0 0
2 2
0 0
0 0
0 0
0 0
0 0
0 0
0 0
0 0
0 0
0 0
0 0
0 0
0 0
0 0
0 0
0 0
0 0
0 0
1 0
26 0
1 0
23 0
0 0
9 0
1 0
0 0
1 0
2 0
0 0
0 0
0 0
0 0
0 0
0 0
0 0
0 0
0 0
0 0
0 0
0 0
0 0
0 0
0 0
0 0
0 0
0 0
0 0
0 0
0 0
0 0
0 0
0 0
0 0
0 0
0 0
0 0
0 0
0 2
0 0
0 1
0 0
0 7
0 6
0 121
0 54
0 121
0 102
0 241
0 232
0 192
0 113
0 115
0 108
0 54
0 73
0 33
0 122
0 108
0 60
0 13
0 0
0 29
0 67
0 139
0 365
0 386
0 187
0 16
0 17
0 52
0 59
0 26
0 0
0 2
0 9
0 1
0 1
0 0
0 0
0 12
0 0
0 0
0 2
0 0
0 0
0 0
0 18
0 20
0 4
0 0
0 0
0 0
0 0
0 0
8 2
0 0
0 0
0 0
0 4
0 0
0 0
0 0
0 0
0 0
0 5
0 16
0 3
0 0
0 0
0 0
0 0
2 18
0 2
0 0
0 0
0 0
0 1
0 0
0 3
1 0
0 0
0 0
0 0
0 0
0 0
0 0
0 0
1 0
0 0
0 0
0 0
0 0
0 0
0 0
0 0
0 0
0 0
0 0
0 0
0 0
0 0
0 0
0 0
0 0
0 0
0 0
0 0
0 0
0 0
0 0
0 0
0 0
1 0
0 0
2 67
0 468
0 955
0 1465
0 1576
0 1591
0 374
0 1207
0 1852
0 1735
0 478
0 1127
0 1059
4 668
0 752
0 1023
0 1296
0 977
0 75
0 38
0 75
2 40
0 32
4 0
6 0
0 2
0 4
0 0
0 2
0 0
0 0
0 0
0 6
0 0
0 0
0 0
0 0
0 0
5 14
9 4
2 0
4 0
0 0
0 0
0 0
0 0
0 0
0 0
0 0
0 0
0 0
0 0
0 0
0 0
7 0
14 0
6 0
0 0
0 0
0 0
0 0
0 0
0 0
0 0
3 0
0 0
0 0
1 0
0 0
0 0
0 1
0 0
0 0
0 2
0 0
0 0
0 0
0 0
0 0
0 0
0 0
0 0
0 0
18 0
0 0
0 0
0 0
0 0
0 0
0 3
0 4
0 0
0 0
0 12
0 7
0 0
5 16
7 16
11 4
0 0
0 25
0 7
0 17
0 0
0 0
0 7
0 0
0 0
0 0
0 7
0 2
0 0
0 0
0 0
2 19
2 25
0 6
0 0
0 0
0 0
0 0
0 0
0 0
0 0
0 0
2 7
0 0
0 16
0 0
0 2
0 3
0 0
0 0
0 0
2 0
0 0
0 0
12 0
15 0
2 0
0 0
0 0
0 0
0 0
0 0
0 0
0 0
0 0
0 0
0 0
0 2
0 0
0 0
0 0
0 21
0 112
0 400
0 323
0 195
0 86
0 0
0 12
0 10
0 23
0 0
2 43
0 27
0 0
0 10
0 7
0 32
0 7
0 34
0 0
0 0
2 0
0 0
0 0
0 0
0 0
0 0
0 0
0 0
0 13
0 8
0 0
0 0
0 0
0 0
0 0
0 0
0 0
0 0
0 5
0 0
0 1
0 0
0 0
0 0
0 0
0 8
0 0
0 0
0 16
0 6
0 0
0 0
0 20
0 23
0 12
0 27
0 1
0 1
0 0
0 0
0 0
0 0
0 9
0 3
1 2
0 0
0 18
2 18
0 9
0 0
0 2
0 0
0 0
0 15
0 43
0 0
0 0
0 6
0 2
0 5
0 1
0 0
0 0
0 1
19 0
0 20
10 0
0 0
0 32
0 0
0 0
0 0
0 0
0 0
0 7
3 8
0 0
0 0
0 0
0 5
0 0
0 0
0 0
0 0
0 0
0 4
0 29
0 2
0 0
0 0
0 6
0 0
0 0
0 3
0 3
0 1
0 0
0 0
0 0
0 0
0 0
0 0
0 0
0 0
5 5
0 0
0 0
0 0
0 0
7 0
0 0
0 0
0 0
0 0
0 0
0 0
0 0
0 0
0 0
0 0
0 0
0 0
0 0
0 0
0 0
0 9
0 0
4 0
10 0
4 0
0 0
0 0
0 0
0 0
0 0
0 0
0 0
0 0
0 0
0 0
0 0
0 0
2 0
0 0
0 0
0 0
0 0
0 0
0 0
0 0
0 0
0 0
0 0
0 221
0 488
0 742
0 1267
0 1471
0 1549
0 1591
0 1136
0 1112
0 1200
0 1187
0 1009
0 802
1 792
0 1144
0 1468
0 1263
0 560
0 554
0 643
0 1152
0 1469
11 1515
0 1612
0 1829
0 1700
0 267
0 303
0 312
0 535
0 10
0 43
0 29
0 50
0 11
0 6
3 30
7 25
0 10
0 13
0 0
0 0
0 0
1 0
0 0
0 0
0 0
10 1
0 0
0 0
0 0
0 0
0 0
0 0
0 0
0 0
0 0
0 0
0 0
0 0
0 0
0 0
3 0
0 0
0 0
0 0
0 0
0 0
0 0
0 0
0 0
0 0
25 0
26 0
0 0
1 0
6 0
0 0
1 66
0 381
0 660
0 918
0 1211
0 1551
0 1863
0 2095
3 1962
0 1353
0 769
0 652
0 1328
4 1489
0 1086
0 640
0 803
0 614
0 0
0 806
0 1132
7 1520
0 1652
0 1752
0 1546
0 1330
0 1193
0 1181
7 447
11 334
3 511
0 482
0 5
0 22
0 1
2 0
0 3
10 0
6 0
0 0
0 0
0 0
0 0
0 0
0 0
0 0
0 0
0 0
0 0
0 30
0 102
10 174
10 184
0 73
5 2
4 72
0 95
0 35
0 43
0 8
0 13
0 0
0 57
1 323
8 523
9 487
0 546
0 505
0 133
0 93
0 17
0 104
2 341
0 384
0 323
0 192
0 33
5 30
8 21
7 0
7 0
0 0
4 13
0 0
0 0
0 0
0 0
0 0
0 0
0 0
0 0
0 0
0 0
0 0
0 2
0 0
0 0
0 0
0 0
0 0
0 0
0 0
0 0
0 0
0 0
0 0
0 0
0 0
1 0
0 0
0 2
0 253
0 668
0 1009
0 1135
0 1304
0 1269
0 943
0 960
15 912
0 987
0 820
0 547
0 340
0 847
0 1024
0 953
0 752
0 1007
0 1141
0 1070
0 1109
0 1260
0 1227
0 365
0 98
0 308
0 600
0 0
0 62
0 20
0 13
0 0
0 0
0 17
0 0
0 0
0 0
0 0
1 0
0 0
0 0
0 0
0 2
0 0
0 0
0 0
0 0
0 0
0 0
0 0
0 0
0 0
0 0
0 0
0 0
0 0
0 0
0 0
0 1
0 0
0 0
0 0
0 0
0 0
0 0
0 0
0 0
0 0
0 0
0 0
0 0
0 0
0 0
0 0
0 0
0 0
0 1
0 0
0 0
0 0
0 7
0 0
0 0
2 0
0 0
0 0
0 0
0 0
0 0
0 0
0 0
0 0
0 0
0 0
0 0
0 0
0 0
0 0
0 0
0 0
0 0
0 0
0 0
9 0
1 0
0 0
0 0
0 0
0 1
0 0
0 0
0 0
0 0
0 0
0 0
0 0
0 0
0 0
0 0
13 0
15 0
0 0
0 0
11 0
1 0
3 0
12 0
0 0
0 0
0 0
0 0
0 0
0 0
13 10
0 2
0 0
0 0
0 0
0 0
0 0
0 0
0 0
0 27
0 1
0 0
0 0
0 27
0 20
0 10
0 6
0 9
0 0
0 11
0 0
0 0
0 0
0 2
0 0
0 0
0 0
0 0
0 0
0 0
0 0
0 0
0 0
0 0
0 0
0 0
0 0
0 0
0 0
0 0
0 0
0 16
0 74
0 456
0 1182
0 1491
0 1146
0 465
0 123
0 17
1 6
0 0
0 7
0 0
0 0
0 0
0 0
0 0
0 0
0 0
0 0
0 0
0 0
0 0
0 0
0 0
0 0
0 5
0 0
0 44
0 49
0 166
0 156
0 328
0 666
0 879
0 432
0 157
0 86
0 93
0 24
0 26
0 35
0 0
0 0
0 0
0 0
0 0
0 0
0 0
0 0
0 0
0 0
0 0
0 0
0 0
0 0
0 0
0 0
0 0
0 1
0 0
0 0
0 0
0 0
0 0
0 0
0 0
0 0
0 0
0 0
0 0
0 0
0 0
0 0
0 0
0 0
0 0
0 0
0 0
0 41
0 236
0 729
0 1158
0 1521
0 1748
0 1547
0 2010
0 2032
0 2133
0 2283
0 2223
0 2111
0 1623
0 1026
0 1352
0 1689
0 1692
0 1772
0 1979
0 1477
0 1772
0 1736
0 2051
0 2108
0 1520
0 1057
0 1764
0 2327
0 2289
1 1573
0 1152
0 1010
0 1332
0 1355
0 1423
0 961
0 557
0 1111
0 1424
0 1242
0 1243
0 1007
0 1089
0 1442
0 1197
0 1005
0 1031
0 1052
0 1168
0 1025
0 957
0 968
0 1146
0 1211
0 1196
14 1003
19 807
11 351
20 359
20 862
0 1056
0 908
0 996
0 993
0 1036
0 1046
0 1042
0 857
0 913
0 1608
0 1106
0 1088
0 295
0 112
0 140
0 166
0 46
0 56
0 9
0 10
0 0
0 16
0 0
0 0
0 11
0 0
0 0
0 0
0 0
0 0
0 0
0 0
0 0
0 6
0 0
0 0
0 0
0 0
0 0
0 0
0 0
0 0
0 0
0 0
0 0
0 0
0 0
0 0
0 0
0 0
3 0
0 0
0 0
0 0
0 0
0 0
0 0
0 0
0 0
0 0
0 0
0 0
0 0
0 0
0 0
0 0
0 0
0 0
0 0
0 0
0 0
0 0
0 0
0 0
0 0
0 0
0 0
0 0
0 0
0 0
0 0
0 0
0 0
0 0
0 0
0 0
0 0
0 0
0 0
0 0
0 0
0 0
0 0
0 0
0 1
0 0
0 0
0 0
0 0
0 0
0 0
0 0
0 0
0 0
0 0
0 0
0 0
0 0
0 0
0 0
0 0
0 0
0 0
0 0
0 0
0 0
0 0
0 0
0 0
0 1
0 0
0 0
0 0
0 0
0 0
0 0
0 0
0 0
0 0
0 0
0 0
0 0
0 0
0 0
0 0
0 0
0 0
0 0
0 0
0 0
0 0
0 0
0 0
0 0
0 1
0 0
0 0
0 12
0 3
0 4
0 0
0 0
0 0
0 0
0 0
0 0
0 0
0 0
0 0
0 0
0 0
0 0
0 0
0 1
0 0
0 0
0 0
0 0
0 0
0 0
0 0
0 1
0 1
0 9
0 0
0 0
0 0
0 0
0 0
0 0
3 0
2 31
2 12
0 6
0 43
1 111
4 153
0 173
0 149
0 58
0 26
0 65
0 43
1 148
1 129
6 51
44 370
34 257
35 158
132 385
530 797
1089 1077
1890 1620
2342 2230
2811 3029
2947 3608
2714 3688
2025 3546
1419 3532
1083 3421
712 3115
507 2764
234 2244
96 1782
26 1393
16 1007
0 758
0 1075
0 1384
0 1951
0 2577
4 3417
0 4119
0 4083
2 3652
4 2718
11 1841
0 2657
4 3025
0 3433
10 3419
0 3177
0 2745
2 2242
3 2230
0 1621
23 1354
0 864
0 988
0 1220
44 754
52 537
56 704
25 793
15 708
0 239
0 100
7 45
0 4
0 0
5 33
4 57
12 17
15 0
50 2
92 11
216 12
145 60
122 31
27 44
38 6
43 59
64 938
85 1852
63 2377
55 2876
74 3240
72 3505
21 3461
38 3172
0 2795
7 2506
4 1979
3 1591
5 867
6 800
14 1317
18 1433
29 1270
78 1461
57 1878
59 2173
93 2763
76 2931
34 3176
48 3121
47 2427
43 1831
45 1159
37 1395
66 1726
60 1844
163 1595
212 1249
288 1274
223 793
257 585
196 549
147 485
205 426
214 193
232 108
211 157
153 111
74 604
44 1540
12 1627
76 1543
230 919
417 245
573 1052
798 1858
862 1817
911 938
855 1779
1147 1551
1325 1806
1547 2387
1761 2476
1929 2839
2053 2133
2115 1794
2095 1455
1707 1486
1475 1368
1408 1570
919 1565
444 1652
784 1350
851 1216
886 921
842 1241
808 1152
775 1152
1800 1456
2859 1370
3206 1065
2616 1446
1897 1438
1479 1748
1405 2392
1191 2588
1110 2725
696 3242
211 3858
315 4331
686 4767
697 4834
339 4715
134 4823
804 5258
1647 5398
2310 5437
2879 4999
2849 4339
2283 3858
819 3410
1038 2529
923 2080
1027 1365
1625 595
2025 732
1407 1033
417 1656
466 2250
166 3212
341 3861
200 4575
259 4854
274 5386
115 5496
70 5537
78 5364
130 5432
217 5364
154 5050
135 4403
93 3864
130 2438
184 1303
233 1300
293 1858
256 2130
267 2480
327 2689
430 3252
515 3809
414 3846
186 4105
68 3846
88 2856
167 2343
262 2255
427 2049
543 2503
587 3027
451 3482
269 3745
186 3470
115 3169
29 2954
21 2616
47 2610
107 2468
137 2237
238 1916
110 1899
30 2174
69 2455
24 2294
27 1827
65 1594
52 789
27 1093
31 2310
81 3203
106 3304
69 3315
4 3023
54 2264
1 1305
13 1497
78 1893
47 1786
54 1220
85 1211
37 2245
0 2598
0 2953
0 2931
0 1719
0 834
7 582
12 816
0 422
0 52
0 262
0 673
0 1466
0 2033
0 2421
0 2860
0 3113
0 3604
0 3483
0 2842
0 2081
0 1374
0 1633
0 2221
0 2683
0 2786
0 2524
0 2720
0 2708
1 2354
12 2418
26 2125
28 440
47 759
74 305
100 363
72 131
9 479
4 403
9 587
25 1733
11 1868
0 2037
58 1931
53 1491
91 389
45 1321
1 1731
0 2100
0 2415
5 1725
9 480
0 571
22 159
47 322
41 345
20 246
11 154
0 260
9 242
12 182
32 85
4 60
0 26
0 0
0 0
0 12
0 1
0 17
0 0
0 0
0 2
0 0
0 0
0 0
0 0
0 5
0 0
1 9
0 26
0 10
0 0
0 4
0 12
0 4
0 23
0 51
0 86
0 8
12 4
0 0
1 0
0 3
8 0
21 0
93 12
1 13
3 3
0 0
0 2
24 5
64 0
12 0
3 0
0 0
0 6
0 0
0 0
0 0
0 0
0 0
0 0
0 0
0 0
0 8
0 0
0 0
0 0
0 6
0 0
0 0
0 0
0 0
0 9
0 29
0 21
0 18
0 1
0 0
0 0
0 0
0 8
1 7
0 40
0 22
0 6
0 0
0 0
0 0
0 0
0 6
0 0
0 0
0 3
1 0
0 0
0 0
0 0
0 0
0 0
0 0
1 0
0 0
0 0
0 0
0 0
0 0
0 0
0 0
0 0
0 0
0 0
0 0
0 0
0 0
0 0
2 0
0 0
1 0
0 0
1 0
6 0
3 0
0 0
7 0
0 0
0 0
1 0
0 0
0 0
0 0
0 0
0 0
0 0
0 0
0 0
0 0
0 0
0 0
0 0
0 1
0 0
0 0
0 0
0 0
0 1
0 0
0 0
0 0
0 0
0 0
0 0
0 0
0 0
0 0
0 0
0 0
0 8
0 0
0 0
0 0
0 0
0 0
0 0
0 0
0 0
0 0
1 0
12 1
0 0
0 0
0 0
0 0
0 0
0 0
0 0
0 0
0 0
0 0
0 0
0 0
0 0
0 0
11 0
4 0
0 0
0 0
0 0
0 0
0 0
0 0
0 0
0 0
0 0
0 0
0 0
0 0
0 0
0 0
0 0
0 0
0 0
0 0
0 0
0 0
0 0
0 0
0 0
0 0
0 0
0 0
0 0
0 0
0 0
0 0
0 0
0 0
0 0
0 0
0 0
0 0
0 0
0 0
0 0
0 0
0 0
0 0
0 0
0 0
0 0
0 0
0 0
0 0
0 0
0 0
0 0
0 0
0 0
0 0
0 0
0 0
0 0
0 0
0 0
0 0
0 0
0 0
0 0
0 0
0 0
0 0
0 0
0 0
0 0
0 0
0 0
0 0
0 0
0 0
0 0
0 0
0 0
0 0
0 0
0 0
0 0
0 0
0 0
1 0
0 0
0 0
0 0
0 0
0 0
0 0
0 0
0 0
0 0
0 0
0 0
0 0
0 0
0 0
0 0
0 0
35 0
14 0
5 0
0 0
0 0
0 0
0 0
0 0
0 78
0 414
0 1091
0 1363
0 1209
0 1307
0 1398
0 1574
0 1664
0 1340
0 1296
0 1232
0 1167
0 1055
0 818
0 518
0 392
0 295
0 411
0 1401
0 2273
0 2697
0 2666
0 1356
0 1404
0 1471
0 627
0 225
0 288
0 497
0 656
0 519
0 283
0 0
0 18
0 49
0 85
0 0
0 202
0 581
0 952
0 1187
0 1267
0 1265
0 1239
0 1108
0 936
0 663
0 438
0 710
1 994
0 1026
0 1282
0 1429
0 1361
2 1188
1 1123
0 1070
0 1080
0 533
0 382
0 871
0 1099
0 1118
0 1162
0 1273
0 1152
0 1253
0 1167
0 1060
0 1010
0 1367
0 1638
0 1264
0 859
0 840
0 801
0 440
0 69
0 45
0 58
0 121
0 78
0 87
0 108
0 173
0 68
0 57
0 114
0 212
0 226
0 130
0 14
0 0
0 2
0 47
0 65
0 36
0 2
0 0
0 2
0 0
0 0
0 0
4 0
5 14
0 17
0 0
0 0
1 0
0 0
0 0
0 0
0 0
0 0
0 0
0 5
0 11
0 0
0 0
0 0
0 0
0 0
0 0
0 0
5 0
0 0
0 0
0 0
0 0
0 0
0 0
0 0
0 0
0 0
0 0
0 0
0 0
0 0
0 0
0 0
0 0
0 0
0 0
0 0
0 0
0 0
0 0
0 0
0 0
0 0
0 0
0 0
0 0
0 0
0 0
0 0
0 0
0 0
6 0
12 0
0 0
0 0
23 0
0 0
0 0
0 0
0 0
0 0
0 0
0 0
0 0
0 0
0 0
0 0
3 0
0 0
1 0
0 0
0 0
0 0
0 0
0 0
0 0
0 0
0 0
0 0
0 0
0 0
0 0
0 0
0 0
0 0
0 13
0 328
0 747
0 1130
0 1503
0 1671
0 1785
1 1771
0 1718
1 1535
0 1428
0 1411
0 1404
0 1305
0 1123
0 861
1 799
0 939
0 1206
0 1374
0 1155
0 744
0 474
0 378
0 643
0 911
0 1040
0 957
0 789
0 936
0 961
0 607
0 488
0 36
0 69
0 124
0 21
0 81
0 356
0 280
0 245
0 83
0 114
0 628
0 852
0 847
0 471
0 130
1 7
0 55
0 89
0 149
0 108
0 7
0 45
0 180
0 247
0 477
0 474
0 360
0 246
0 172
0 558
0 1040
0 1429
0 1617
0 1637
0 1546
0 1322
0 1029
0 666
0 776
0 1415
0 1595
3 1424
0 1115
0 578
0 460
0 956
0 1314
0 1449
0 947
1 1138
0 1363
0 1752
0 1796
0 1680
0 1686
0 1753
0 1009
0 375
0 86
0 20
0 19
0 14
0 8
0 0
0 7
0 2
0 0
0 2
0 0
0 0
0 0
0 0
0 0
0 2
0 5
0 0
0 0
0 1
0 0
0 0
0 0
0 0
0 0
0 0
0 0
0 0
0 0
0 0
0 0
0 0
0 0
0 0
0 0
0 0
6 0
0 0
0 0
1 1
0 0
6 0
0 0
3 0
0 0
3 0
0 0
0 0
0 0
0 0
0 0
0 0
0 0
0 0
8 0
3 0
1 0
0 1
0 2
0 5
0 0
0 6
0 0
0 1
0 4
0 0
0 1
0 0
0 0
0 0
0 0
0 0
0 3
6 0
1 0
64 11
14 0
2 2
0 3
0 0
0 0
0 0
0 3
0 3
0 0
0 0
0 0
0 0
0 0
0 0
0 0
0 0
0 0
0 0
0 0
0 6
0 0
0 0
0 0
0 0
0 0
1 0
0 0
0 0
0 0
0 0
0 0
0 0
0 0
0 0
0 0
0 0
0 0
0 0
0 0
0 0
0 0
0 0
0 0
0 0
0 0
0 0
0 0
0 0
0 0
0 0
0 0
0 0
0 0
0 0
0 0
0 0
0 0
0 0
0 0
0 0
0 0
0 0
0 0
0 0
0 0
0 0
0 0
0 0
0 0
0 0
0 0
0 0
0 0
0 13
0 197
0 698
0 884
0 992
0 1109
0 1076
0 912
0 770
0 684
0 639
0 446
0 244
0 783
0 916
0 883
0 732
0 961
0 1132
0 1065
0 1170
0 822
0 1399
0 1370
0 1222
0 740
0 515
0 923
0 578
0 388
0 675
0 898
0 965
0 1014
0 1003
0 1121
0 456
0 233
0 81
0 113
0 101
0 42
1 9
2 0
0 12
0 0
0 0
0 0
0 0
0 0
0 0
0 0
0 0
0 0
0 0
0 0
0 2
0 0
0 0
0 0
0 0
0 0
0 0
0 0
0 3
0 1
0 0
0 0
0 0
0 1
0 0
0 0
0 0
0 0
0 0
0 0
0 0
0 0
0 0
0 0
0 0
0 0
0 0
0 0
0 0
0 0
0 3
0 31
0 0
0 71
0 165
0 78
1 43
0 11
0 32
0 12
0 5
0 10
0 0
0 1
0 37
0 12
0 5
0 3
0 6
0 0
0 0
0 0
0 0
0 0
0 0
0 0
0 0
0 0
0 0
0 0
0 0
0 0
0 0
0 0
0 0
0 0
0 0
0 0
0 0
0 0
0 0
0 0
0 0
0 0
0 0
0 0
0 0
0 0
0 0
0 0
0 0
0 0
0 0
0 0
0 0
0 0
0 0
0 0
0 0
0 0
0 0
0 0
0 0
0 0
0 0
0 0
0 0
0 7
0 540
0 1552
0 2291
0 2636
0 2891
0 2221
2 2575
0 2845
0 2801
0 2410
0 2095
0 1732
0 1772
0 1850
0 2048
0 1918
0 1592
0 1233
0 1679
0 1821
0 2045
0 1721
0 960
0 1132
0 1671
0 1873
0 1660
0 1783
0 2055
0 2103
0 1934
0 1622
0 1924
0 2313
1 1877
0 1675
0 1394
0 1233
0 1394
0 1558
0 1522
0 1078
0 666
0 1314
0 1638
0 1556
0 1605
0 1715
0 2119
0 2282
0 2219
0 1992
0 1728
0 1741
0 1717
0 1517
0 1705
0 1750
0 1774
0 1891
0 1793
0 1293
0 944
0 540
0 257
0 306
0 111
0 39
0 61
0 44
0 80
0 142
16 136
0 319
0 294
0 315
0 336
0 395
1 394
0 305
0 261
0 221
0 181
0 310
0 281
0 159
2 38
0 112
0 102
0 62
0 84
1 36
1 37
6 5
9 17
0 80
0 47
0 51
0 41
1 68
0 24
0 56
0 18
0 12
0 0
0 0
0 0
0 0
0 0
0 0
0 0
0 0
0 0
0 0
0 0
0 0
0 0
2 6
0 0
0 0
0 0
0 0
0 0
0 0
0 0
2 1
1 0
18 0
9 0
16 0
2 0
5 0
8 0
0 0
0 0
0 0
0 0
0 0
1 4
0 0
0 0
0 0
0 7
0 0
0 21
0 16
0 73
7 19
0 33
21 0
25 0
14 11
0 0
0 1
0 0
0 4
0 5
0 23
0 23
0 98
0 166
0 418
0 525
1 422
0 193
0 107
0 81
0 40
0 55
0 103
0 104
0 145
0 22
0 18
0 48
0 88
0 88
0 55
0 77
0 46
0 20
0 52
0 205
0 289
0 188
2 43
0 0
13 3
23 82
42 36
33 36
0 0
1 0
0 30
0 4
1 0
0 0
0 0
0 0
20 0
1 0
0 0
0 0
1 0
10 0
18 0
0 0
0 0
0 0
0 0
0 0
0 0
3 0
2 3
0 0
0 0
0 0
0 0
0 0
0 0
0 0
0 0
0 0
0 0
0 0
0 0
0 0
0 0
0 0
0 0
0 0
0 0
0 0
0 0
0 0
0 0
0 0
0 0
0 0
1 3
0 69
0 87
0 78
0 13
0 0
1 0
0 17
0 28
0 18
0 1
0 0
0 0
0 7
0 6
0 2
0 2
0 0
0 4
0 0
0 0
0 0
0 0
0 0
0 1
0 0
0 0
0 0
0 0
0 0
0 0
0 0
0 0
0 0
0 0
0 0
0 0
0 0
0 0
0 0
0 0
0 0
0 0
0 0
0 0
0 0
0 0
0 0
0 0
0 0
0 0
0 0
0 0
0 0
0 0
0 0
0 0
0 0
0 0
0 0
0 0
0 0
2 0
0 0
0 0
0 0
0 0
0 0
0 0
0 0
0 0
0 0
0 0
0 0
0 3
0 0
0 0
0 5
0 3
0 17
0 0
0 0
0 0
0 0
0 0
0 0
0 0
0 0
0 0
0 0
0 0
0 4
0 0
0 0
0 0
0 0
0 0
0 3
0 0
0 1
0 0
0 0
0 0
0 0
0 0
0 0
0 0
0 0
0 0
0 0
0 0
0 0
0 0
0 0
0 0
0 0
0 0
0 0
0 0
0 0
0 0
0 0
0 0
0 0
3 0
0 0
0 0
0 0
0 0
0 0
0 0
0 0
0 0
0 17
0 0
0 23
0 30
0 18
0 0
0 0
0 0
0 0
0 0
0 0
0 3
0 0
0 0
0 0
0 0
0 3
0 0
0 0
0 0
0 5
0 0
0 0
0 0
0 0
0 0
0 0
0 0
0 0
0 0
0 0
0 0
0 0
0 0
0 0
0 0
0 0
0 1
0 7
0 0
0 8
0 2
0 0
0 19
0 11
0 9
0 9
0 4
0 4
0 0
0 1
0 0
0 11
0 1
0 0
0 2
0 8
0 7
0 12
0 25
0 0
0 0
0 0
0 0
0 0
0 0
0 0
0 0
0 0
0 3
0 0
0 0
0 0
0 7
0 0
0 2
0 0
0 7
0 245
0 543
0 763
0 894
0 1146
0 1171
0 1257
0 1186
0 828
0 807
0 1068
0 1084
48 1340
41 1343
17 953
5 1049
0 994
2 1235
0 1213
0 908
0 1004
0 774
7 694
13 568
1 265
0 65
2 138
8 177
0 49
0 12
0 2
0 10
0 0
0 3
0 0
0 0
0 0
0 12
0 56
0 7
0 20
0 10
0 0
0 0
0 0
0 3
0 2
0 1
0 0
0 4
0 50
0 6
0 1
0 0
0 1
0 3
0 47
0 51
0 52
0 95
0 67
0 54
6 31
5 2
0 0
3 0
10 38
28 45
10 24
2 0
18 0
22 0
34 0
25 0
25 5
25 12
8 5
7 0
1 0
0 0
0 0
6 0
2 0
1 10
0 0
31 0
21 0
30 0
28 0
34 0
14 0
31 0
0 0
10 0
48 0
30 0
1 0
19 0
0 0
0 0
0 0
0 0
13 0
6 0
10 0
9 0
0 0
0 0
0 0
16 0
40 0
35 0
37 0
21 0
2 0
0 0
0 0
0 0
0 0
0 0
0 0
0 0
1 8
0 0
0 0
1 0
0 4
0 0
0 0
0 0
2 0
0 18
2 9
2 37
0 43
0 19
0 0
0 32
17 115
8 21
12 8
0 2
0 0
6 0
12 0
1 31
1 6
0 7
0 0
0 0
0 0
0 0
4 0
0 0
1 0
0 0
0 0
0 0
0 0
0 0
0 0
0 0
0 0
0 0
0 0
0 0
0 0
0 0
0 0
0 0
0 0
0 0
0 0
0 0
0 0
0 10
0 0
0 0
0 5
0 18
0 0
0 0
0 0
0 0
0 0
0 0
0 1
0 0
0 3
0 0
0 0
0 0
0 0
0 0
0 0
0 0
0 0
0 1
0 214
0 485
0 747
0 669
0 260
0 181
0 493
0 652
0 732
0 934
0 1264
0 1312
0 1279
0 1295
0 1454
0 1491
0 1351
0 1299
0 1309
0 1677
0 1810
0 1768
0 1959
0 2117
0 2012
0 2199
1 2723
0 3209
2 4066
0 4924
0 5796
0 5819
0 5218
0 4732
0 4741
0 4503
3 4640
10 4141
8 4352
8 3684
5 3304
2 2394
5 2337
5 1698
3 1768
2 1256
1 980
0 365
0 259
0 28
0 256
1 407
2 607
4 782
4 759
5 774
4 455
5 453
2 120
0 133
0 59
0 27
2 123
4 200
3 251
4 322
1 206
2 212
4 303
15 367
18 549
52 713
44 724
33 1023
25 1309
52 2152
39 2933
53 4302
57 6247
50 6841
37 6145
32 5529
28 5574
22 5287
15 4948
12 4562
14 3772
6 3207
5 2947
7 3112
8 3626
8 3524
7 3236
7 2920
9 2512
9 2167
9 2118
0 3371
0 3622
0 3049
0 2323
0 2548
0 2073
3 2011
1 1571
6 2017
7 1796
7 2106
5 2012
8 2218
4 1730
9 1916
8 2838
14 2880
6 2673
0 1964
4 1577
6 1829
11 1959
12 1796
6 1884
6 2060
12 2062
8 1829
4 2114
7 1225
7 1718
0 1486
0 785
0 372
0 1185
0 1341
0 1333
0 1099
0 1210
0 1089
0 929
0 738
0 796
0 530
0 582
0 373
0 426
0 251
0 280
0 400
0 345
0 162
0 205
0 268
0 266
0 108
0 61
0 152
0 145
0 78
0 57
0 122
0 52
0 79
0 1
0 6
0 0
0 45
0 7
0 8
0 0
0 35
0 0
0 59
0 0
2 8
2 112
1 152
0 275
0 836
0 1407
6 1797
4 1740
10 1744
5 1705
0 1209
0 330
6 566
6 502
3 185
2 78
8 119
4 532
2 884
1 655
0 381
2 103
0 61
0 6
0 0
3 20
6 48
4 24
0 3
4 6
0 0
3 24
0 0
0 0
0 0
0 0
0 0
0 0
0 0
0 0
4 3
3 0
0 8
9 0
6 1
0 7
0 0
2 0
1 4
0 0
0 0
0 0
7 0
3 10
0 0
1 5
0 0
0 0
0 0
0 0
0 0
0 0
0 0
0 0
0 0
0 0
0 0
0 6
3 172
4 304
0 58
2 7
0 0
0 7
0 6
0 0
0 29
0 98
1 101
0 39
0 28
0 21
0 15
0 17
0 34
0 5
0 27
0 40
0 52
0 21
0 22
0 22
0 35
0 65
2 432
1 724
0 839
0 842
0 728
0 561
0 425
0 417
0 330
0 463
0 620
0 596
1 686
0 874
0 803
0 635
0 796
0 967
0 1223
0 870
0 1023
6 1236
10 1546
7 1346
4 1274
2 960
2 883
7 1017
7 1057
10 958
6 665
5 512
1 413
0 504
2 625
5 942
5 816
3 376
3 444
3 671
5 707
5 564
3 486
0 331
3 339
2 242
3 465
5 502
5 510
7 707
6 1155
9 518
11 709
6 460
5 389
4 476
4 318
2 252
2 135
0 33
0 112
4 307
1 369
5 273
0 287
12 752
15 681
12 1035
10 1290
10 1253
8 1164
6 778
2 499
3 668
7 689
7 571
3 456
2 405
5 483
2 252
0 90
3 281
5 452
1 304
0 441
0 881
1 1234
6 1568
3 1946
11 1801
11 2002
8 1543
3 851
0 350
0 463
3 495
3 865
3 991
0 591
1 55
2 84
0 72
2 428
0 896
0 914
0 958
0 901
1 1140
0 1554
2 1206
4 878
7 945
16 951
17 1318
14 1224
12 1187
16 1626
9 1392
5 1489
4 1409
3 963
3 739
2 264
1 171
0 157
0 324
2 471
6 472
4 566
4 537
5 156
3 503
4 496
5 367
2 298
0 403
9 578
6 840
2 1220
0 1310
0 1631
3 1653
0 1546
0 873
0 492
0 933
0 982
2 517
1 801
4 1060
1 1241
1 1217
4 1233
2 1023
3 1000
1 857
0 963
0 962
0 590
0 547
0 652
0 386
0 332
0 153
0 82
0 59
0 73
0 1
0 125
0 72
0 17
0 58
0 19
0 79
0 258
0 422
0 386
0 457
0 763
0 659
0 891
0 981
0 1230
0 1750
0 2084
0 2279
5 2966
8 2734
11 2765
8 2360
3 2029
0 1438
0 1433
0 1300
0 1000
0 1346
0 1357
0 1352
0 1190
0 1308
0 1705
0 1524
0 1302
0 1054
0 1286
0 1369
0 805
0 894
0 729
0 752
0 736
0 370
0 452
0 550
0 352
0 284
0 292
0 545
0 657
0 808
0 697
0 548
0 233
0 555
0 808
0 1207
0 1317
0 1747
0 2187
0 2162
0 2290
0 1952
0 1100
0 582
0 308
0 575
0 983
0 1019
0 987
0 497
0 186
0 532
0 609
0 657
0 476
0 520
0 534
0 515
0 593
0 655
0 639
0 557
0 617
0 803
0 847
0 1335
0 1387
0 1363
0 1082
0 1376
0 1188
0 916
0 820
0 1362
0 1402
0 1312
0 1141
0 1227
0 1200
0 1193
0 934
0 798
0 397
0 469
0 946
2 1135
0 828
0 989
0 1209
9 1428
0 1435
4 1370
5 1106
4 934
0 521
1 541
0 205
0 175
0 139
0 201
0 171
0 132
0 102
0 210
0 355
0 393
0 584
0 674
0 917
0 828
0 690
0 747
0 740
0 773
0 879
0 922
0 974
0 797
0 652
0 309
0 224
0 130
0 6
0 102
0 210
0 136
0 99
0 67
0 54
0 73
0 37
0 51
0 127
0 349
0 384
2 326
0 272
0 307
0 337
0 136
0 287
0 162
0 159
0 140
0 144
0 230
0 232
0 103
0 50
0 4
0 26
0 81
0 263
0 273
0 340
0 305
0 145
0 275
0 221
0 28
0 36
0 20
0 12
0 1
0 18
0 66
0 149
0 426
3 615
17 516
9 358
9 389
15 559
39 558
41 521
49 453
57 589
37 496
41 342
34 529
9 536
4 579
7 557
15 582
22 586
34 482
16 378
0 717
0 743
0 539
4 609
7 656
9 696
8 813
0 795
0 761
0 678
2 649
0 441
20 641
40 617
20 600
22 738
16 933
14 1170
19 1428
7 1439
9 1426
0 1878
0 2259
0 2058
0 1459
2 1127
6 1026
7 755
7 411
1 174
7 514
8 809
5 716
5 762
3 660
8 621
10 329
12 379
10 578
7 506
7 667
4 846
6 1196
6 1553
7 1935
5 1313
3 591
8 763
4 184
3 186
2 202
3 194
2 24
2 38
0 1
3 33
1 13
0 20
0 8
0 20
0 10
0 35
0 76
0 6
0 0
4 106
5 61
4 69
4 67
4 56
4 76
3 59
2 45
3 50
0 10
0 12
0 3
0 0
0 6
4 33
1 35
1 81
2 143
1 107
1 252
0 505
0 766
0 788
0 903
0 953
4 1106
29 1001
27 809
20 957
13 972
9 899
4 744
0 733
0 749
0 790
0 823
0 733
0 175
0 664
0 727
0 783
0 665
2 749
6 1124
1 881
0 947
1 1011
5 974
3 677
1 724
1 658
2 479
0 554
0 477
0 303
1 329
0 109
0 220
0 126
0 56
0 23
0 0
0 10
0 2
0 0
0 0
0 0
0 5
0 3
0 4
0 1
0 2
0 1
0 0
0 0
0 4
1 35
3 120
1 23
9 30
1 56
1 86
0 43
8 64
9 77
0 9
0 51
0 18
0 47
0 13
0 22
1 1
0 15
0 5
0 6
2 0
6 0
7 2
6 0
0 0
7 3
21 1
0 0
3 0
5 0
0 0
0 0
0 0
0 1
0 0
0 0
0 0
0 0
0 0
0 0
0 0
0 6
0 0
0 500
1 785
2 900
4 1024
4 761
1 821
1 1162
5 1347
2 1283
0 1092
0 944
0 734
0 604
0 607
0 656
2 477
0 451
0 472
0 846
9 1107
0 1097
0 895
0 775
0 731
0 862
1 890
2 864
6 651
7 561
6 407
3 407
1 50
0 63
0 197
6 131
1 32
3 74
0 30
0 9
0 0
0 5
1 26
3 34
0 36
0 0
0 4
0 28
0 129
0 134
0 67
0 19
0 62
1 86
0 167
0 155
0 123
0 135
0 46
0 42
0 11
8 2
0 0
0 0
0 2
0 0
3 3
0 0
0 0
0 0
0 1
0 0
0 0
0 0
0 0
0 0
0 0
0 0
0 13
0 0
0 0
0 0
0 0
0 0
0 0
0 0
0 0
0 0
0 0
0 0
1 0
1 0
0 2
0 0
0 2
0 0
0 0
0 0
0 0
0 0
0 0
0 0
0 0
0 0
0 0
1 0
2 0
0 0
0 0
0 0
0 0
0 0
0 0
2 0
0 0
0 0
0 0
0 0
0 0
0 0
2 0
4 0
2 0
8 0
7 0
0 48
0 139
1 303
1 231
0 180
0 71
4 25
0 19
0 56
0 220
0 317
0 396
0 188
0 47
20 31
0 0
1 5
0 6
0 20
0 0
0 7
0 46
0 9
0 2
0 14
0 22
0 5
0 3
0 0
0 15
2 0
28 0
9 0
4 5
4 6
0 4
0 0
2 7
0 0
0 0
2 0
18 13
6 16
6 18
3 0
6 0
7 3
0 0
3 0
0 7
0 0
0 0
0 3
0 0
6 14
0 11
0 0
3 0
7 0
10 0
0 0
0 0
0 0
1 0
0 0
7 0
0 11
1 0
0 0
0 0
0 0
0 0
1 0
0 0
6 0
8 0
7 0
0 2
9 0
2 0
0 0
0 2
1 0
0 0
0 0
0 0
0 0
0 0
0 0
0 0
0 0
0 5
0 0
0 0
0 0
0 0
0 1
0 0
0 0
0 0
0 8
0 6
0 0
0 0
0 6
0 8
0 0
0 0
0 0
0 0
0 0
0 0
0 0
0 0
0 0
0 0
0 0
0 0
0 0
0 0
0 0
0 0
0 0
0 0
0 0
0 0
0 0
0 0
0 0
0 2
0 0
0 0
0 0
0 0
0 0
0 0
0 0
0 4
0 0
0 1
0 0
2 47
0 19
0 46
0 0
0 0
0 7
0 0
0 2
0 1
0 0
0 8
0 0
0 0
0 5
0 1
0 0
0 3
0 15
0 0
0 1
0 3
0 0
0 83
4 553
8 992
11 1335
9 1358
10 1119
12 1029
10 651
10 497
9 411
7 476
15 609
6 421
10 454
15 972
12 870
5 409
2 334
7 369
0 89
3 290
5 373
7 365
7 463
8 665
6 682
5 641
5 625
3 617
5 632
5 725
4 533
3 426
0 227
3 189
0 252
0 63
0 2
0 31
0 55
4 88
0 131
0 156
4 137
3 75
3 228
1 126
0 162
0 112
0 44
0 51
0 38
0 30
0 5
0 0
1 47
3 58
1 67
0 88
0 44
0 128
0 327
4 658
6 1237
8 1750
5 1357
9 1481
11 1423
9 976
1 670
2 461
4 430
2 705
0 862
0 716
5 560
0 529
0 574
4 645
7 648
0 933
1 966
2 1032
2 1046
2 1188
6 1022
8 941
7 1197
7 1571
6 1328
6 873
9 1148
4 656
0 374
0 411
2 423
3 301
0 195
0 233
0 23
1 293
0 199
2 197
1 129
4 812
5 782
0 626
2 306
2 590
0 474
1 119
1 48
0 175
0 78
5 143
4 330
0 308
5 505
1 903
0 1019
0 875
1 1241
8 1746
13 2003
9 2530
17 2907
19 2899
0 2582
12 3028
7 2531
49 1998
25 1399
22 830
24 998
24 1618
20 2301
6 2270
12 2486
13 2373
9 2319
2 1628
3 787
12 1952
13 2091
10 2060
10 1771
9 1863
3 1916
5 1730
3 1613
7 1664
6 1601
6 1287
11 1419
11 1694
6 1533
0 1400
7 1216
6 1022
12 1585
9 1771
7 1612
2 841
5 1191
7 1512
7 1642
14 1376
3 1077
12 1262
19 1445
94 1118
102 758
149 369
237 870
368 1239
415 900
122 1155
221 1477
268 1427
261 867
80 777
44 903
57 1165
35 1172
9 860
13 669
12 697
26 791
38 793
11 781
7 498
21 148
9 268
10 1039
7 1836
10 2183
12 1888
16 2054
21 1979
10 2123
1 1851
7 1482
2 798
8 378
0 227
0 510
0 266
4 375
0 474
0 431
0 271
18 1017
16 1601
4 1653
10 1317
0 815
0 107
4 422
0 558
1 561
0 514
0 460
0 400
0 307
4 120
2 473
3 802
0 1008
0 863
0 1006
12 1081
29 1172
5 1097
1 1095
1 795
5 555
0 621
0 808
0 1140
11 1322
45 1310
27 983
20 746
3 484
18 519
8 602
1 564
0 452
1 301
4 454
0 695
0 796
4 650
10 350
0 106
0 160
0 131
0 58
0 219
0 670
0 1070
0 1077
0 705
0 598
1 1001
0 1517
0 1337
0 1216
0 909
2 835
2 990
2 1427
2 1778
1 1733
2 1569
2 1004
1 509
2 564
3 927
0 1079
10 1172
2 961
3 655
0 618
0 562
0 725
0 901
1 933
3 946
3 394
1 500
5 958
5 1072
4 1093
3 869
0 722
0 584
0 541
5 929
0 897
0 699
0 626
0 444
0 408
0 137
0 44
0 71
0 396
0 931
1 1193
5 908
6 357
5 682
2 765
1 707
3 865
0 1171
1 1630
0 1962
0 1765
0 1989
0 2064
1 1616
6 1363
3 1054
3 517
1 470
2 558
5 596
5 388
4 271
4 188
4 64
3 165
4 123
3 201
6 316
2 60
3 105
0 74
0 151
0 63
2 185
2 47
3 220
1 59
1 75
0 13
2 29
0 0
0 15
0 9
0 8
1 86
0 34
0 306
2 259
2 636
3 361
4 576
3 430
5 488
3 201
3 221
0 50
0 66
0 47
0 39
0 1
0 24
3 0
0 42
2 326
6 797
7 1311
8 1528
8 1709
6 1526
0 1569
0 828
1 893
0 836
0 905
0 845
0 781
1 747
0 1001
0 1030
0 702
0 787
3 663
2 481
0 519
0 530
0 504
0 527
0 428
0 121
0 0
0 22
0 266
0 503
0 648
0 728
0 564
1 684
0 594
0 408
0 470
0 536
2 605
0 828
0 816
0 691
1 511
1 435
0 329
0 116
0 21
0 4
1 7
0 0
0 1
0 0
0 30
0 163
0 336
0 462
2 616
0 601
0 575
0 697
0 573
0 864
1 909
1 1011
0 988
0 874
0 691
0 397
0 623
0 1061
0 1282
0 1221
0 1232
0 928
0 214
0 612
0 982
0 1049
0 1107
0 745
0 562
0 492
1 677
0 859
2 1072
0 856
1 223
0 241
0 227
1 268
1 203
0 302
6 425
1 376
0 370
0 724
0 621
6 622
4 489
6 686
7 857
9 1153
5 1054
1 758
1 691
0 926
4 626
6 335
8 442
6 680
7 773
6 486
8 233
10 119
2 97
0 69
0 4
0 1
0 11
8 30
2 2
0 17
0 12
0 0
0 4
0 0
0 1
0 28
0 25
0 2
0 11
2 23
0 1
0 0
0 0
0 0
0 0
1 0
0 0
1 4
0 0
0 0
0 0
1 1
0 0
0 0
5 0
7 0
27 0
34 0
0 0
0 0
0 0
0 0
1 11
0 3
0 11
0 11
3 60
4 110
2 359
18 292
5 449
9 785
8 1228
9 1548
8 2234
8 2617
7 3284
11 3486
9 3738
2 3951
1 3781
0 3663
0 3683
0 3711
0 3551
0 3350
0 3002
0 3011
2 2519
1 2498
3 2103
3 2040
1 1855
5 1831
1 1936
4 2091
2 2072
0 2213
0 2584
0 2728
18 3074
4 3222
0 4315
27 5157
19 5657
43 5196
9 5330
22 4933
5 5810
9 5862
4 5683
10 6079
26 6465
37 5755
47 5443
24 4665
14 4033
2 3375
2 2955
7 2341
12 2455
22 2947
16 3487
7 4197
6 4970
4 5366
7 5716
10 5513
5 5593
6 6067
10 6532
13 6636
19 6424
26 6334
25 6600
6 6077
0 5248
0 4180
0 3575
0 3234
0 2788
22 2696
0 2820
0 2902
0 3001
1 3360
3 3355
4 2688
17 1977
18 1686
14 1945
7 1856
6 1695
2 1134
4 1207
3 979
2 1129
0 940
0 1247
1 1124
0 920
2 835
1 818
6 635
208 755
463 577
583 657
570 764
958 1311
1279 2011
1491 2483
1640 3027
1941 2936
2220 2714
2337 2074
1855 1942
1927 1852
2293 2204
2692 2240
2935 2118
3011 1890
2862 1882
2179 2100
1916 2330
1992 2736
2376 2716
2460 2857
2247 3026
2123 2936
1911 2856
1582 2789
1484 2574
1305 2558
1141 2104
812 2176
439 1852
103 2166
1 1781
24 1693
28 1168
273 1078
177 617
550 543
484 237
902 312
816 467
1325 968
1174 1746
1667 2476
1807 3668
2514 4573
2914 5807
3682 6200
3968 6957
4744 6748
4222 7001
4207 6259
3635 6091
3582 5296
3031 5196
3121 5199
2827 4987
2607 4312
2080 4411
1880 3939
1546 3869
1555 3851
1436 4249
1766 4078
1562 3943
1287 3288
907 3056
1088 2879
964 3040
1434 2613
1965 2427
2942 2189
2864 2369
2041 2396
1661 2847
1583 2988
1316 3252
1216 3342
1167 3316
943 2513
651 2744
727 3320
1073 2720
717 2546
1000 2703
710 3242
1125 3742
1042 3435
1169 3062
1059 2560
1175 2058
1150 1833
1212 1816
1040 2368
1013 3066
1033 3148
1110 3056
1071 3102
1020 3452
865 3397
521 2579
933 2484
1329 2392
1890 1850
2012 1396
2117 1362
2165 1298
2121 1395
1997 1439
1742 1892
1629 2265
1403 2441
1445 3231
1376 3692
1416 3398
1415 3244
1347 2873
1536 2389
1568 2163
1889 2172
1945 1758
2309 1543
2400 1375
2661 1175
2840 1231
2993 963
3210 855
3233 803
3399 630
3557 403
3348 305
2984 147
2576 215
1961 147
1453 255
928 225
774 418
15 285
236 409
165 285
297 370
1060 381
1017 338
1302 344
984 265
1256 202
871 144
1027 163
690 94
1513 266
1434 227
2326 226
2188 300
2770 566
2794 737
3502 1256
3196 1984
3207 2304
2788 2575
2951 2604
3079 2334
3570 2207
3628 2208
3418 2019
2796 2101
1935 3044
1315 3421
1390 3544
1805 3083
1968 1806
2741 1428
2755 1232
2732 1074
2500 502
3104 412
2847 149
2805 173
2496 267
2388 402
2362 570
2399 643
2261 597
2020 545
1522 670
1149 731
1233 880
1396 826
1446 545
1793 357
1776 163
1501 19
1059 92
868 149
685 97
644 84
479 74
437 95
139 112
191 260
179 439
200 352
300 506
422 510
295 669
346 679
315 675
282 523
280 341
460 348
475 387
441 431
502 415
360 316
273 200
291 136
325 274
293 335
396 337
429 265
739 109
893 238
960 370
929 289
791 82
647 91
384 3
298 30
159 0
108 1
122 1
132 9
171 29
116 9
63 8
64 4
61 17
51 9
9 8
20 0
0 0
0 0
0 0
0 0
0 0
6 0
22 0
44 1
51 1
235 4
366 10
397 3
470 0
363 0
340 0
208 0
86 4
111 4
244 6
288 4
197 4
297 2
276 0
504 0
569 0
672 0
391 0
390 0
442 0
472 0
540 0
696 0
844 0
827 0
653 0
658 1
523 0
505 0
480 0
430 0
362 0
236 0
130 0
49 0
10 11
61 3
130 17
70 99
71 55
95 114
295 94
399 69
582 28
647 0
815 0
820 0
887 1
1080 1
1109 0
1027 2
903 13
625 0
579 0
439 5
381 6
648 0
508 0
297 0
229 0
132 0
52 0
10 0
0 0
41 0
62 0
63 0
17 0
31 0
26 0
36 0
29 0
50 0
32 0
117 0
129 0
434 0
655 0
915 0
1372 0
1219 0
969 0
258 0
224 0
427 0
650 0
734 0
597 0
353 0
205 0
213 0
465 0
694 0
902 0
973 0
836 0
791 0
709 0
789 0
1101 0
1518 0
1823 0
2002 0
2402 0
2077 0
1316 0
839 0
1040 0
1409 0
1651 0
2005 0
2220 0
1626 0
1034 1
870 0
910 0
772 0
624 0
551 0
424 0
287 0
280 0
367 0
493 0
830 0
1107 0
1247 0
1063 0
1083 0
985 0
870 6
821 0
970 0
971 0
948 0
1157 4
1190 0
1475 0
1622 0
1857 0
2068 14
2302 22
2540 31
2654 22
2667 21
2829 22
2898 13
2720 14
2639 14
2636 29
2199 49
2007 26
2048 28
2349 21
3004 13
3350 33
3686 26
4042 65
4493 407
4465 737
4151 1329
4189 1736
2818 2160
2296 2517
1817 2567
1961 2463
1818 2501
1419 2513
1183 2289
1131 2436
1034 2378
1094 2100
986 1928
1016 1686
1226 1610
1440 1671
1592 1640
1455 1300
1470 1359
1117 1339
866 1468
601 1523
347 1618
265 1531
98 1257
62 893
15 1448
26 2297
49 2743
45 3179
17 3114
26 2570
9 1241
0 974
2 1543
0 1538
7 1992
0 2372
49 2366
0 1978
8 1079
2 1090
6 1713
0 2319
0 2524
16 2251
26 1747
22 1288
11 1157
18 1990
16 2601
20 2091
13 1722
4 1867
0 1950
0 1821
0 1513
0 1575
0 1298
6 1394
3 961
4 1050
0 1420
0 1327
5 1451
10 1770
16 2010
11 1876
16 1816
0 1472
0 1688
0 1663
0 957
0 632
0 413
0 156
2 393
3 323
4 146
0 64
2 72
8 60
0 17
4 20
3 11
10 5
74 8
116 12
83 11
18 11
28 10
0 26
0 0
0 20
0 2
3 4
0 2
19 1
130 0
464 5
1317 169
2187 425
2428 837
2484 1381
2177 2068
2165 2754
2323 3362
2281 3763
2267 3909
2238 3776
2028 3512
1741 2939
1351 2380
1311 2041
1164 2336
1202 3114
1126 3848
726 4109
575 3970
620 3732
547 2974
376 2163
212 1882
81 2551
113 2713
229 2784
277 2596
431 2233
446 1803
298 1373
99 1662
52 1826
222 1150
331 602
260 302
167 294
335 379
356 202
318 157
70 93
7 117
77 50
158 77
83 181
81 190
26 41
23 30
17 19
57 123
18 122
25 101
349 29
681 3
742 108
1210 246
1513 248
1429 225
1220 244
1086 66
830 70
705 23
653 28
658 13
610 19
440 12
372 15
219 21
119 0
831 0
1347 0
1595 1
1423 0
1328 0
1338 0
1229 2
1137 0
1067 0
1027 0
1248 0
1001 0
414 0
191 0
153 0
60 0
118 0
185 0
66 0
0 0
0 0
38 0
75 0
114 2
34 0
14 0
17 0
56 0
225 0
110 0
27 0
0 0
15 0
2 0
16 0
8 0
5 0
28 0
77 0
61 0
14 26
33 4
197 10
517 0
660 0
720 0
846 3
955 0
1210 7
1355 0
1620 1
1196 0
670 0
550 0
1106 0
1333 0
1078 0
779 0
400 0
432 0
367 0
47 0
62 0
105 0
230 0
187 0
35 0
10 0
23 0
43 0
32 0
57 0
26 0
27 4
25 0
23 0
1 2
4 0
9 3
0 0
30 0
3 0
12 0
0 0
0 0
0 0
0 0
0 0
1 0
0 0
10 0
1 4
2 216
1 752
0 1117
2 1126
0 1344
1 1734
5 2205
0 2335
0 2149
0 2123
0 1850
0 1451
0 1208
0 1194
1 1845
0 2427
0 2154
0 1313
0 1614
0 1764
1 1449
0 1184
0 1440
20 1546
1 1585
2 1469
18 1632
0 1543
0 162
0 245
0 32
4 330
0 42
10 0
2 2
0 0
0 12
0 3
0 4
0 74
2 68
0 33
0 17
0 12
0 0
0 1
0 0
0 0
0 6
2 52
0 174
0 176
0 115
10 89
14 84
0 20
11 109
0 72
0 76
0 0
3 0
0 35
0 11
7 0
0 0
7 0
6 0
0 0
0 0
0 0
0 0
0 1
0 42
0 187
0 236
0 112
0 29
0 14
6 10
0 1
0 0
0 7
0 0
18 1
4 0
0 0
9 2
0 0
0 2
0 0
0 0
9 0
4 0
12 0
8 0
0 0
1 0
1 0
0 33
9 20
15 6
11 10
12 82
0 88
11 33
0 8
0 17
0 0
0 0
0 0
0 0
0 0
0 10
0 0
0 0
0 0
0 0
0 0
0 0
0 0
8 0
0 0
2 0
0 0
0 0
0 0
0 0
0 0
0 0
0 0
0 0
7 0
0 0
0 0
0 0
0 0
0 0
1 0
0 0
2 0
0 0
0 0
0 0
0 0
0 0
0 0
0 0
0 51
0 76
0 23
0 8
0 7
0 5
0 35
0 35
0 3
9 4
0 0
5 8
16 2
8 0
2 0
0 0
0 15
0 16
0 21
9 60
14 91
4 37
2 16
5 64
0 192
8 288
14 338
8 244
22 256
8 171
1 231
13 171
15 157
8 154
8 112
0 63
9 69
9 94
0 65
0 15
6 9
5 15
0 7
0 11
0 21
1 21
0 53
0 18
2 63
4 45
3 62
29 75
0 114
3 139
6 59
3 59
2 25
3 0
4 1
15 4
10 0
3 0
4 1
2 0
0 0
1 0
0 4
4 0
0 0
14 0
16 0
0 0
0 0
0 0
8 0
108 0
80 0
36 0
15 0
2 0
0 0
61 0
88 0
146 0
228 0
111 0
77 0
108 0
75 0
33 0
0 0
2 0
12 0
35 0
25 0
34 0
21 0
2 7
16 3
0 9
0 26
24 2
33 4
44 0
37 0
28 0
6 0
106 0
74 0
89 2
21 0
46 0
54 0
76 0
163 17
9 9
0 0
0 22
35 4
25 0
9 0
75 6
32 26
20 0
32 0
23 0
58 0
7 0
5 0
27 0
0 0
8 0
16 0
34 1
42 4
5 0
0 0
7 0
5 3
10 1
57 0
7 0
22 0
63 6
32 0
4 0
2 0
0 0
2 0
14 2
32 0
6 7
9 10
11 15
31 0
33 1
71 0
48 0
12 0
30 43
0 0
0 0
6 0
3 0
2 3
1 0
0 0
2 0
0 0
2 14
4 8
29 0
0 0
0 0
3 0
24 0
34 0
87 0
84 0
90 0
75 0
30 0
2 0
33 0
67 0
43 0
29 0
40 0
31 0
5 0
12 0
43 0
104 0
79 0
94 0
179 0
146 0
39 0
10 0
0 0
12 0
4 0
1 0
0 0
0 0
0 0
0 0
0 0
0 0
0 1
0 0
0 0
0 0
0 0
0 0
0 0
0 0
0 0
0 0
0 0
0 0
0 0
0 0
0 0
0 5
0 0
0 0
0 0
0 0
0 7
0 0
0 0
0 0
0 0
0 0
0 0
0 0
0 0
0 0
0 0
0 0
0 0
19 1
0 3
0 1
1 0
0 0
0 0
0 2
0 0
0 9
0 6
0 0
0 0
0 0
0 0
0 0
0 0
0 0
0 1
0 0
0 0
0 19
0 183
0 637
0 1321
0 1906
0 2135
0 1676
0 1342
0 846
0 1206
0 1569
0 1148
0 476
0 526
0 979
0 854
0 904
0 839
0 761
0 223
0 450
0 681
0 746
0 581
0 715
0 544
0 566
0 694
0 649
0 709
0 720
0 952
0 277
0 30
0 133
0 165
0 51
0 8
0 0
0 0
0 0
0 3
0 1
0 0
2 0
0 0
0 0
0 0
4 0
0 0
0 0
0 0
0 0
2 0
0 0
0 0
0 0
0 0
0 0
0 0
0 0
0 0
0 0
0 0
0 0
0 0
0 0
0 0
0 0
0 0
0 0
0 0
0 0
0 0
0 0
0 0
0 0
0 21
0 33
0 6
0 0
0 0
0 9
0 0
0 0
0 2
0 11
0 26
0 25
0 4
0 1
0 91
0 170
0 217
0 217
0 113
0 0
0 6
0 1
0 27
0 148
0 186
0 23
0 34
0 7
0 0
0 0
0 0
0 0
0 0
0 0
0 0
0 0
0 0
0 6
0 11
0 0
0 5
0 9
0 37
0 98
0 65
0 11
0 0
0 6
0 0
0 0
0 0
0 0
2 0
0 16
0 2
0 0
0 0
1 0
0 0
0 0
0 0
0 0
0 0
20 0
6 0
7 0
0 0
0 0
0 0
6 0
0 0
0 0
2 0
0 0
0 0
0 0
0 0
0 0
0 0
0 3
0 0
0 9
0 69
0 49
0 14
0 0
43 0
38 0
0 0
2 1
0 2
0 0
0 0
0 0
0 0
0 3
0 0
0 0
0 0
4 0
24 0
29 0
56 0
54 0
31 0
10 0
21 0
9 0
17 0
82 0
77 0
2 0
0 0
10 0
0 0
0 0
0 0
0 0
0 0
0 0
2 0
0 0
0 0
0 0
0 0
0 0
12 0
9 0
0 0
0 0
0 0
0 0
0 0
0 0
0 0
0 0
0 0
0 0
0 0
0 0
0 17
0 14
0 4
0 0
0 20
0 23
0 1
0 0
0 0
0 0
0 0
0 0
0 0
0 0
0 0
0 0
0 0
0 0
0 0
0 0
0 0
0 0
0 0
0 0
0 2
0 6
0 1
0 0
0 0
0 0
0 4
0 0
0 0
14 0
42 0
21 0
10 0
0 0
0 0
0 0
0 0
0 0
0 0
0 0
0 0
0 0
0 0
0 0
0 0
0 0
0 0
0 0
0 0
0 0
0 0
0 0
0 0
0 0
0 0
0 0
0 0
0 0
0 0
0 0
0 0
0 0
0 0
0 0
0 0
0 0
0 0
0 0
0 0
0 0
0 0
0 0
0 0
0 0
0 0
0 0
0 0
0 0
2 0
0 0
0 0
0 0
0 0
0 0
0 0
0 0
0 0
0 0
0 0
0 0
0 0
0 0
0 0
0 0
0 0
0 0
0 0
0 0
0 0
0 0
0 0
0 0
0 0
0 0
0 0
0 0
0 0
0 5
0 0
0 0
0 0
0 22
0 32
0 0
0 8
0 0
0 0
0 0
0 0
0 0
0 0
0 0
0 1
0 129
0 250
0 261
0 168
0 36
0 35
0 2
0 1
1 0
0 1
0 31
0 55
0 88
0 20
1 0
0 15
0 46
0 16
0 35
0 31
0 73
0 119
0 79
0 100
0 211
0 305
0 318
0 308
0 248
0 57
0 96
0 411
0 860
0 1240
0 1172
0 621
0 154
0 282
0 522
0 705
0 788
0 731
0 305
0 345
0 726
0 804
0 793
0 396
0 922
1 1516
0 1884
0 1540
5 1146
20 672
12 366
3 350
8 288
16 243
18 310
104 370
228 961
288 2076
461 3488
521 4418
387 4520
332 4578
427 4187
569 3352
517 2443
551 1612
473 1014
537 885
599 845
500 1501
398 2002
270 1709
204 1684
241 1976
426 2632
436 3391
505 4210
500 3970
521 3358
401 2933
348 2466
405 2922
594 3158
451 3225
373 2968
220 2470
71 2013
156 1650
263 1382
212 1295
123 1311
178 1388
308 1253
258 1053
50 963
107 846
116 1146
162 1369
144 1352
234 1465
81 1411
57 1549
27 1576
96 1741
16 1638
5 1601
11 1279
207 1089
281 533
247 445
297 393
400 347
450 153
423 56
239 105
203 143
206 134
403 79
475 49
304 3
163 16
428 15
435 6
247 27
357 28
265 7
221 6
111 2
66 0
89 0
117 0
95 0
57 0
40 0
37 0
28 0
26 0
8 0
0 0
15 0
22 0
14 0
89 1
73 0
38 0
65 0
15 0
8 0
3 0
5 2
0 0
6 0
12 0
53 0
84 0
50 0
83 0
5 0
0 0
3 0
3 0
0 0
0 0
9 0
0 0
0 0
0 0
0 0
2 0
4 0
0 0
0 0
0 0
0 0
0 1
0 0
4 0
0 0
34 0
0 0
19 0
0 0
0 0
0 2
25 15
0 6
0 0
0 0
0 0
1 0
0 0
0 0
0 0
0 0
0 0
0 0
0 0
0 0
0 0
0 0
0 0
0 0
0 0
0 0
0 0
0 0
0 0
0 0
0 0
0 0
0 0
0 0
0 0
0 0
0 0
0 0
0 0
0 0
0 0
0 0
0 0
0 0
2 1
2 0
9 2
0 0
0 0
0 0
0 2
0 0
0 0
0 0
0 0
0 0
0 0
0 0
0 0
0 0
0 0
0 0
0 0
0 0
0 0
0 0
0 0
0 0
0 0
0 0
0 0
0 0
0 0
0 0
0 0
0 0
0 0
0 0
0 6
0 0
0 0
0 0
0 0
0 0
0 0
0 0
0 0
0 0
0 0
0 0
0 0
0 0
0 0
0 0
0 0
0 0
2 0
0 0
0 0
0 0
0 0
0 0
0 0
0 0
0 0
0 0
0 0
0 0
0 0
34 0
47 0
26 0
5 0
3 0
0 0
0 0
0 0
0 9
4 20
0 0
0 2
3 6
0 0
0 0
0 0
0 0
0 0
0 0
0 0
0 7
0 0
0 0
0 0
0 0
0 0
0 0
0 0
0 0
0 0
0 3
0 0
0 4
0 0
0 0
0 0
0 0
5 8
0 161
0 592
0 625
0 417
0 434
1 677
22 1100
34 1410
3 1823
0 1996
0 2084
0 2237
0 2122
0 2082
0 1438
0 1115
0 1223
0 1743
0 2349
0 2637
0 2308
0 1665
0 1061
0 1116
0 1014
0 917
0 875
0 1123
0 1377
0 1489
0 1658
0 261
0 646
0 98
2 359
0 51
0 124
0 44
0 23
0 9
0 0
0 6
0 8
0 54
0 37
0 16
0 0
0 0
0 156
0 215
0 69
0 26
4 47
0 44
0 415
0 581
0 1340
0 1576
0 1963
0 2029
0 2482
0 2654
0 2521
0 2145
0 2202
0 1907
0 1789
0 1671
3 1584
0 1109
0 1145
0 1420
0 1592
0 1669
0 1814
0 2111
0 2336
0 2183
0 2163
0 1728
0 1222
0 547
0 207
0 85
0 132
0 56
0 29
0 9
0 0
0 0
0 1
0 0
0 0
0 0
0 0
0 0
0 0
0 1
0 0
0 8
0 0
0 66
0 259
2 653
9 1338
2 1473
17 1399
4 1523
31 1738
44 1978
26 1742
23 1427
5 1399
0 1567
0 1938
5 2274
32 2644
47 3054
30 2839
12 2668
0 2671
1 2001
0 1803
0 1921
0 1960
0 1948
0 1805
0 1457
0 1402
0 1625
0 1685
0 1423
0 1482
0 989
0 665
0 570
0 61
0 236
0 89
0 114
0 10
0 9
0 14
0 1
0 47
0 115
0 25
0 47
0 40
0 138
0 318
0 500
0 275
4 147
1 186
37 310
93 168
0 135
16 75
1 66
0 0
0 11
0 54
0 0
0 70
0 109
0 12
0 1
0 23
2 6
0 0
1 8
0 46
0 159
1 634
0 1279
2 1973
0 2117
2 1826
11 2125
4 2172
2 2648
8 3194
3 3370
3 2188
0 1237
0 1924
0 2447
0 1992
11 1720
1 1889
0 1939
14 1667
0 2332
0 2658
21 2437
14 2254
25 1915
105 1596
77 798
0 754
19 188
5 467
0 121
0 120
0 347
1 571
11 594
6 454
3 177
0 198
0 214
0 79
0 550
0 1653
0 2558
0 3011
0 3121
0 2611
0 1283
0 1246
0 2538
0 2906
0 1666
0 2348
0 2544
0 2542
0 2014
0 2089
0 2428
0 3096
0 3007
0 2854
0 2840
0 2382
0 1045
0 1261
0 552
1 1032
0 611
0 248
0 533
13 486
1 492
0 505
0 174
0 24
0 70
10 248
6 255
0 197
0 226
0 209
0 131
0 0
0 14
0 73
0 168
0 123
0 61
0 20
0 0
0 14
0 29
0 80
0 75
1 56
13 0
7 0
10 0
4 0
7 54
15 21
4 1
9 21
0 0
4 0
4 1
0 3
0 2
0 0
0 0
28 0
58 0
64 0
42 0
27 15
1 3
0 2
0 0
4 6
0 3
0 7
0 4
0 0
0 0
0 0
0 0
0 0
0 0
0 0
0 0
7 0
0 0
0 0
0 0
0 0
0 0
0 0
0 0
0 0
0 0
0 0
0 0
0 0
0 0
0 0
0 0
0 0
0 0
0 0
0 0
0 0
0 0
0 0
0 0
0 0
0 0
0 0
0 0
0 0
0 0
0 0
0 0
0 0
0 0
0 0
0 0
0 0
0 0
0 0
0 0
0 0
0 0
0 0
0 0
0 0
0 0
0 0
0 0
0 0
0 0
0 0
0 0
0 0
0 0
0 0
0 0
0 0
0 0
0 0
0 0
0 1
0 0
0 0
15 0
90 0
101 0
130 0
115 0
23 0
6 0
69 0
89 0
100 0
77 0
15 0
0 0
0 0
0 0
0 0
0 0
0 0
0 0
0 0
0 0
1 0
0 0
0 0
0 0
0 0
0 0
0 0
0 0
0 0
0 0
0 0
0 0
0 0
21 0
17 0
38 0
70 0
81 0
74 0
92 0
75 0
62 0
49 0
39 0
13 0
0 0
37 0
0 0
40 0
107 0
123 0
105 0
49 0
36 0
25 0
13 0
4 0
1 0
0 0
0 0
0 0
0 0
0 0
0 0
0 0
0 0
0 0
0 0
0 0
0 0
28 0
129 0
247 0
195 0
164 0
127 0
122 0
144 0
110 0
28 0
17 0
30 0
35 0
75 0
56 0
53 0
72 0
71 0
96 0
21 0
2 0
0 0
1 6
5 60
0 61
0 27
2 2
0 0
0 13
0 25
0 23
2 0
5 0
68 5
52 5
18 0
0 0
0 0
0 1
0 0
14 0
13 0
5 0
0 0
1 18
0 0
0 2
0 0
0 7
0 42
0 95
0 95
0 55
0 29
0 5
0 0
0 2
0 22
0 98
0 76
0 46
0 17
0 10
0 12
0 6
0 0
0 19
0 51
0 51
0 0
0 0
0 10
0 62
0 54
0 8
9 0
11 9
1 9
2 65
0 46
13 169
12 217
25 140
5 6
10 6
18 10
26 240
29 160
48 98
9 0
0 29
0 227
0 185
4 31
10 8
0 0
0 0
12 122
5 53
1 130
1 59
3 16
5 1
0 4
0 29
0 32
0 20
0 0
0 0
0 5
0 0
0 0
0 23
0 15
0 0
0 0
0 0
2 8
2 33
40 0
349 0
694 14
735 0
924 1
1296 0
1663 7
1660 1
1277 21
862 1
890 0
1692 5
1496 18
1222 4
1792 6
1628 16
1467 73
1300 16
1848 6
2361 7
2308 0
1606 26
768 10
298 85
381 66
585 7
514 0
380 87
324 21
587 0
924 16
1272 13
1398 4
1382 91
1539 22
1428 0
1495 30
1273 5
1173 1
1177 9
1239 0
1149 0
1237 0
1100 0
698 3
596 0
386 0
444 0
548 0
217 0
50 0
175 0
218 0
362 0
449 2
691 1
689 3
856 2
627 1
286 0
444 0
713 1
865 4
582 2
984 1
764 0
1019 0
1194 0
1296 0
1969 0
2294 0
2773 0
2830 1
2960 0
3099 2
3166 0
3399 0
3078 18
2997 1
2921 10
2344 0
2345 32
2989 82
4373 14
4440 1
4247 0
3810 49
3477 141
3173 14
2656 0
1776 2
1159 60
1356 49
1729 21
2039 1
2187 0
2207 52
2080 31
1557 2
1116 0
728 11
758 8
852 0
824 0
718 0
749 2
1001 0
1468 0
1551 0
1573 0
1619 0
1407 0
1048 1
1401 6
1425 0
1135 0
1045 0
965 0
1107 0
1112 12
1058 0
888 0
851 0
565 0
699 0
1079 0
993 0
794 0
608 0
679 0
728 0
723 0
1004 0
832 0
618 0
328 0
189 0
39 0
216 0
407 0
341 0
79 0
17 0
17 0
147 1
65 0
26 0
16 0
14 2
47 0
45 0
15 0
0 0
5 0
0 0
2 0
40 0
154 0
211 0
270 0
180 0
203 0
135 0
157 0
124 0
16 0
0 0
43 0
0 0
9 0
0 0
0 0
0 0
0 0
0 0
0 0
0 0
0 0
0 0
0 0
0 0
0 0
3 0
0 0
0 0
2 0
21 0
20 0
0 0
12 0
16 0
140 0
73 0
1 0
12 0
1 0
10 0
8 0
0 0
0 0
0 0
0 0
0 0
0 0
0 0
0 0
0 0
0 0
0 0
3 0
10 0
6 0
5 0
1 0
4 0
0 0
25 0
47 0
6 0
7 5
0 0
0 0
0 0
0 0
8 0
0 0
0 0
0 0
0 0
0 0
0 0
0 0
0 0
0 0
0 0
0 0
0 0
0 0
0 0
0 0
0 0
0 0
2 0
0 0
0 0
0 0
0 0
0 0
0 0
0 0
0 0
0 0
0 0
0 0
0 0
0 0
0 0
0 0
0 0
0 0
0 0
0 0
0 0
0 0
0 0
1 0
0 0
0 0
0 0
0 0
0 0
0 0
0 0
0 0
0 0
0 0
0 0
0 0
1 0
41 0
64 0
310 0
513 0
671 0
963 0
1299 0
1576 0
1819 0
2064 0
2160 0
2140 0
1882 0
1741 0
1823 0
1736 0
1470 0
1481 0
1267 16
1091 12
840 26
366 8
230 4
665 6
867 24
1068 12
1330 19
1735 17
2540 0
2301 0
2208 0
1601 0
721 0
1394 0
1538 0
1725 0
1684 0
1642 0
1561 0
1382 0
1232 0
1146 0
854 10
619 35
328 15
41 0
328 0
1132 23
1762 12
2520 0
3022 0
3237 0
2398 8
1110 1
628 2
671 0
482 0
371 0
187 0
665 0
1549 0
1731 0
1335 0
541 0
442 0
750 0
635 0
495 0
668 0
990 0
653 0
369 0
792 0
692 0
835 0
1157 0
1252 0
1262 0
1117 0
1136 0
1049 0
910 0
683 0
558 0
664 0
820 0
1004 4
1040 0
563 0
435 0
615 0
859 0
1021 10
1068 7
1090 25
1049 6
782 0
514 0
529 0
900 21
1004 33
636 33
116 24
331 2
413 0
315 0
350 0
419 0
411 0
837 0
919 0
1253 0
1709 0
1403 0
893 0
410 1
389 0
211 0
85 4
57 0
219 0
239 0
143 2
123 14
112 33
154 7
178 2
118 0
41 0
75 0
29 5
13 36
28 22
32 0
44 0
54 0
37 0
70 3
118 0
149 0
224 2
209 0
139 0
169 0
71 0
51 0
77 0
162 0
261 0
293 0
234 0
67 0
151 0
183 0
173 0
192 0
290 0
292 0
298 0
720 0
1122 0
1118 0
612 0
693 0
732 0
525 0
282 0
184 0
19 0
81 0
148 0
107 0
26 1
92 0
235 7
280 0
198 0
87 0
45 0
13 0
6 0
10 0
1 0
6 0
3 0
0 0
0 0
0 0
10 0
23 0
128 0
134 0
160 0
108 0
48 0
50 0
84 0
222 1
381 0
398 0
565 0
543 0
490 0
711 0
722 0
586 0
461 0
750 0
981 0
933 0
1131 0
1791 0
2164 1
2179 0
2213 0
2071 2
1443 0
1193 0
1160 0
1144 0
1421 0
1353 0
1032 0
933 5
616 0
80 0
172 2
391 0
450 0
307 0
109 0
48 0
108 0
283 0
376 0
670 0
1070 0
1565 0
2099 0
2625 0
2366 0
1824 0
1681 0
1444 0
1200 0
1101 0
1050 1
1309 0
1283 0
1134 91
807 162
812 366
1140 381
1381 474
1325 593
1237 981
851 1141
810 1475
589 1753
757 1627
917 1224
842 970
1050 882
1209 1035
1515 1301
1726 1615
1772 1379
1592 1327
1293 1071
722 658
850 362
437 560
551 772
431 858
302 838
361 793
87 1010
113 1427
218 1764
310 1719
416 1386
371 779
358 670
306 994
261 1518
177 1701
107 1743
27 1420
32 1180
173 1043
274 1057
103 1009
58 1089
127 856
113 795
117 916
130 1056
210 1023
488 1221
954 1550
1274 1334
1256 960
1206 535
1305 195
1325 82
1239 132
1367 239
1309 161
1145 150
1163 56
1052 0
559 23
515 57
338 200
297 52
278 102
282 1
388 0
278 10
545 94
567 203
392 223
513 82
302 20
378 0
503 0
449 27
369 31
400 63
535 5
530 0
395 0
507 2
530 40
469 40
271 43
90 0
55 0
82 5
43 2
9 25
0 1
5 0
7 0
11 0
0 7
0 0
1 0
2 0
9 0
0 39
5 69
0 28
1 9
0 7
0 0
0 0
0 0
0 0
0 0
0 0
0 0
0 0
0 0
0 0
1 1
0 0
0 0
0 0
0 0
0 0
0 0
0 0
0 0
0 0
0 0
0 0
0 0
0 0
0 0
0 0
9 0
0 0
0 0
0 0
1 0
0 0
3 0
29 0
33 0
57 0
74 0
61 0
35 0
39 0
12 0
7 0
3 0
82 0
157 0
279 0
356 0
332 0
225 0
5 0
282 0
635 0
769 0
701 0
108 0
360 0
41 0
0 0
0 0
0 0
16 0
8 0
15 0
15 0
43 0
13 0
14 0
15 0
0 0
0 0
0 0
0 0
0 0
0 0
0 0
0 0
0 0
0 0
0 0
0 0
0 0
0 0
0 0
0 0
0 0
1 0
0 0
0 0
0 0
0 0
0 0
0 0
0 0
0 0
0 0
0 0
0 0
0 0
0 0
0 0
0 0
0 0
0 0
0 0
0 0
0 0
0 0
0 0
0 0
0 0
4 2
0 0
4 0
0 0
0 0
0 0
1 0
0 0
0 0
0 0
0 0
0 0
0 0
0 0
0 0
0 0
0 0
0 0
0 0
0 0
0 0
0 0
0 0
0 0
5 0
0 0
0 0
0 0
0 0
0 0
0 0
0 0
0 0
0 0
0 0
0 0
0 0
0 0
0 0
0 0
0 0
0 0
0 0
0 0
0 0
0 0
0 0
0 0
0 0
0 0
1 0
0 0
0 0
0 0
0 0
0 0
0 0
0 0
0 0
0 0
0 0
0 0
0 0
0 0
0 0
0 0
0 0
0 0
0 0
0 0
138 0
49 0
31 0
22 0
0 0
10 0
3 0
0 0
0 0
0 0
1 0
0 0
0 0
4 0
11 0
0 0
72 0
50 0
0 0
0 0
0 0
0 0
0 0
0 0
0 0
0 0
0 0
0 5
0 0
0 0
0 1
0 0
0 4
0 1
0 0
5 0
12 0
3 7
0 6
0 0
1 0
0 0
0 0
1 0
0 0
0 0
5 0
17 0
0 0
1 0
22 0
13 0
47 1
15 0
19 0
121 12
56 0
97 0
207 0
273 17
278 14
19 0
132 1
247 0
208 5
74 1
11 0
3 0
0 0
0 0
1 0
12 0
5 0
3 0
2 0
0 25
0 74
0 37
0 8
0 3
1 21
0 0
0 0
0 0
0 2
0 1
1 0
1 0
7 0
0 9
1 0
16 0
9 0
2 0
0 0
4 0
2 0
1 0
0 0
0 0
8 0
2 0
0 0
30 0
47 0
60 0
9 0
5 0
11 0
20 0
12 0
7 0
2 0
0 0
0 0
0 0
0 0
0 0
0 0
1 0
0 0
0 0
0 0
0 0
0 0
2 0
0 0
0 0
0 0
0 0
13 0
1 0
22 0
10 0
4 0
0 0
0 0
0 0
0 0
8 0
2 0
13 7
0 0
4 0
0 0
0 0
0 0
5 7
17 2
0 10
0 1
5 0
0 0
6 0
1 0
4 5
0 0
0 1
0 4
3 0
0 0
9 0
10 0
0 0
7 0
0 0
0 0
3 0
0 0
0 0
0 0
105 0
220 0
343 0
380 0
187 0
2 0
0 0
0 0
0 0
0 2
0 0
0 0
0 0
0 0
0 0
0 0
0 0
0 0
0 0
0 0
0 0
0 0
0 0
0 0
0 0
0 0
0 0
0 0
0 0
2 0
0 0
0 0
7 0
4 0
0 0
0 0
0 0
21 0
218 0
365 0
435 0
393 0
287 0
356 0
295 0
313 0
307 0
122 0
0 0
13 0
3 0
0 0
7 0
0 0
5 0
6 0
0 0
16 0
0 0
11 0
0 0
0 0
0 0
0 0
1 0
10 0
0 0
96 0
128 0
133 0
0 0
0 0
116 0
90 0
149 0
18 0
33 0
0 0
10 0
0 0
0 0
0 0
0 0
0 0
3 2
0 0
0 0
0 0
0 0
0 0
0 0
0 0
0 0
1 0
0 0
11 0
3 0
0 0
0 0
32 0
0 0
11 0
2 0
0 0
86 0
31 0
27 0
0 0
0 0
0 3
0 0
0 0
0 0
6 0
0 0
4 0
34 0
27 0
26 0
5 0
13 0
0 0
0 0
19 1
23 0
25 0
5 0
0 0
8 0
1 0
0 0
0 0
3 0
56 0
293 0
284 0
256 0
174 0
117 3
154 0
220 0
175 0
126 0
35 5
0 0
0 10
156 0
163 0
16 4
0 6
0 3
0 0
0 0
89 0
227 4
245 1
212 7
97 0
96 0
91 0
39 0
0 7
0 1
0 0
3 0
0 0
0 0
0 0
0 0
0 0
0 0
0 0
0 0
0 0
1 0
0 0
0 0
0 0
0 0
0 0
3 0
5 0
5 0
4 0
20 1
0 0
0 0
0 0
0 0
0 0
0 0
0 0
0 0
0 0
0 0
0 0
0 0
0 0
0 0
0 0
0 0
0 0
0 0
0 0
0 0
0 0
0 0
0 0
0 0
1 0
0 0
0 0
0 0
0 0
0 5
0 0
0 0
0 0
0 0
0 10
0 0
0 5
0 7
0 0
0 0
0 0
0 0
0 0
0 0
0 0
0 0
0 0
0 0
0 0
0 1
0 0
45 0
193 0
331 0
426 0
492 0
411 0
440 0
640 0
806 0
855 0
801 0
736 0
730 0
702 0
685 0
658 0
622 0
563 0
620 0
511 0
501 0
443 0
366 0
259 0
247 0
243 0
381 0
451 0
608 0
432 0
319 0
250 0
185 0
201 0
303 0
293 0
373 0
390 0
349 0
345 0
263 0
304 0
335 0
270 0
184 0
226 0
383 0
640 0
978 1
1121 0
1138 0
1096 0
1219 0
1378 0
1311 0
1065 0
702 0
454 0
1072 0
1135 0
839 0
812 0
644 0
604 0
634 0
448 5
158 0
75 0
272 4
394 0
318 0
280 0
121 0
175 0
195 0
258 0
210 0
110 0
158 0
69 0
36 0
166 0
125 0
63 0
10 0
0 0
141 0
299 0
295 0
225 0
59 0
0 0
8 0
144 0
184 0
171 0
242 0
148 0
12 0
59 0
50 0
6 0
0 0
0 0
5 0
12 0
9 0
42 0
66 0
6 0
18 0
123 0
191 0
201 0
182 0
133 0
62 0
254 0
397 0
383 0
309 0
195 0
13 0
58 0
189 0
301 0
397 2
503 0
462 0
388 0
493 1
423 0
407 0
371 0
357 0
384 3
490 0
386 0
199 0
240 0
284 0
300 0
150 0
36 0
0 0
92 0
292 0
840 0
1733 0
2110 0
1921 0
1716 0
1597 0
1350 0
606 0
595 0
235 0
304 0
0 0
103 0
8 0
0 0
0 0
0 0
0 0
1 0
0 0
0 0
1 0
13 0
18 0
1 0
7 0
1 0
0 0
3 0
3 0
24 0
376 0
662 0
907 0
982 0
1018 0
1007 0
1114 0
1011 0
875 1
717 5
614 11
583 29
585 44
335 64
669 183
657 526
619 843
588 1000
463 967
439 968
525 1082
447 910
56 923
354 788
460 751
300 556
282 351
285 212
326 220
319 539
227 624
398 631
503 611
180 443
93 319
122 347
141 382
168 383
465 486
786 744
1125 778
1139 877
1182 859
1402 1012
1544 948
1615 1042
1495 873
1470 308
1571 1
1668 27
1620 90
1543 35
1366 42
953 2
693 0
539 1
794 2
931 0
926 0
741 0
695 0
780 3
829 406
484 1256
34 1509
552 1398
820 1225
979 1152
1263 1068
1388 1132
1447 904
1237 676
1284 726
1054 857
1382 999
1467 811
936 526
559 263
644 178
657 301
941 413
1062 462
955 420
787 331
224 163
33 62
32 76
34 69
90 119
188 120
226 30
143 0
80 0
35 31
24 48
39 95
20 75
48 141
187 58
343 12
502 6
730 14
1132 7
1443 2
1719 0
1931 0
1660 1
1659 2
1663 5
1102 12
729 14
571 43
1230 2
1416 5
1344 11
809 0
286 0
143 11
123 168
146 351
257 297
303 102
646 131
636 503
321 584
494 489
555 389
186 397
493 384
392 131
553 255
562 362
90 388
6 422
2 373
66 410
42 420
12 324
70 66
38 193
169 331
319 318
344 150
272 129
172 324
173 441
70 2
37 346
20 344
90 149
130 50
187 216
241 253
221 219
63 77
44 98
256 301
222 226
269 6
534 145
118 216
167 3
1 11
109 111
0 31
80 0
81 8
0 2
1 0
35 20
438 41
566 0
410 0
393 0
430 0
96 0
297 0
176 1
0 9
0 3
0 0
2 0
10 1
1 44
19 19
0 47
40 118
154 108
143 115
218 191
544 110
858 106
1447 75
1828 67
2150 36
1893 54
1449 0
1026 0
831 110
437 190
264 234
231 228
173 163
34 188
152 77
269 32
402 203
404 228
117 280
37 215
3 132
61 287
27 246
15 136
3 0
1 81
0 306
1 319
0 169
0 4
0 3
0 0
0 0
0 1
0 6
0 1
0 11
0 0
0 1
0 0
0 0
1 1
0 3
0 92
2 388
0 568
0 961
17 1180
61 1175
2 1350
0 1530
0 1550
20 1469
68 1117
89 993
125 848
45 722
85 854
8 1052
0 1749
26 1845
31 1826
72 1564
89 1821
23 1781
11 872
20 79
15 551
22 981
16 1072
3 1272
9 1583
1 1866
4 1880
0 1901
0 1886
1 1627
0 1703
0 1585
0 1119
0 1317
0 912
1 404
0 404
0 361
0 252
0 47
0 18
4 0
12 0
22 0
6 37
0 25
0 36
19 0
176 0
381 0
353 0
114 0
9 0
0 0
129 0
139 0
129 0
295 0
308 1
175 0
72 0
1 0
14 0
28 0
113 0
184 0
35 0
0 0
133 0
265 0
506 0
819 0
759 0
310 0
439 0
386 0
201 0
281 0
157 0
166 0
240 0
314 0
272 0
243 0
18 0
11 0
0 0
0 0
18 0
10 0
4 0
0 0
0 0
8 0
7 0
26 0
1 0
0 0
0 0
175 0
224 0
180 0
78 0
28 0
0 0
0 0
8 0
8 0
22 0
0 0
7 0
9 0
10 0
0 0
12 0
184 0
84 0
26 0
3 0
12 0
19 0
0 0
0 0
0 0
0 0
0 0
0 0
0 0
0 0
0 0
0 0
0 0
0 0
0 0
0 0
0 0
0 0
0 0
0 0
0 0
0 0
0 0
0 0
0 0
0 0
0 0
0 0
0 0
0 0
0 0
0 0
0 0
0 0
0 0
0 0
0 0
0 0
0 0
114 0
182 0
311 0
538 0
667 0
709 0
790 0
830 0
798 0
869 0
804 0
646 0
451 0
252 0
153 0
221 0
172 0
87 0
160 11
275 2
380 1
155 1
260 0
374 0
478 0
579 0
494 0
411 0
263 0
417 0
519 0
550 0
518 0
281 0
81 2
67 4
233 3
358 0
273 0
211 0
52 0
199 0
309 0
325 0
854 4
270 0
665 4
757 2
574 0
459 0
473 0
515 0
579 0
500 0
399 0
333 0
137 0
172 0
258 0
348 0
318 0
405 0
490 0
298 0
272 0
895 0
587 0
435 0
326 0
286 0
7 0
21 0
14 172
3 641
0 757
5 712
0 642
10 1091
3 1484
3 1499
0 1337
0 978
36 809
0 639
45 405
31 220
69 277
21 443
5 306
71 274
15 169
13 49
7 51
17 4
3 57
0 50
0 22
2 119
0 91
0 193
2 274
0 539
0 1219
0 1534
0 1735
0 1972
0 2188
0 2523
0 2746
0 2859
0 3262
0 3783
0 3931
0 3304
0 2834
0 3002
0 3122
0 3417
0 3185
0 3062
0 2434
0 1805
1 1224
0 359
0 89
1 151
0 474
0 1021
0 1322
0 1714
0 2151
0 2574
0 2513
0 2967
0 2644
5 2768
0 2325
0 2109
0 1539
0 1697
3 1491
6 1546
26 1441
0 1404
0 938
0 612
2 529
0 513
0 500
10 591
54 637
45 627
137 931
79 990
72 1100
59 1372
1 1515
0 1474
2 1646
0 1757
29 1725
0 1954
0 2036
39 2346
66 2391
9 2215
10 2074
15 1605
3 1221
57 1153
346 1075
583 993
606 810
549 660
583 306
662 135
400 115
769 111
1026 226
1058 334
632 457
155 709
274 849
261 967
320 850
530 778
832 790
1355 986
1298 751
1226 755
1176 879
1142 1448
1044 1132
949 452
685 524
596 387
662 327
687 369
1016 618
905 619
1397 326
1558 110
1474 64
614 107
217 96
566 233
966 434
1171 383
1269 62
1332 86
1191 346
904 411
671 375
350 388
367 260
267 124
473 202
567 177
902 232
1273 141
1197 124
1325 88
1017 79
826 122
718 83
1071 53
883 1
594 17
506 5
202 30
144 25
202 27
231 26
413 3
406 8
143 20
172 83
309 142
386 197
482 259
308 325
226 330
120 416
54 348
87 401
278 371
494 221
711 129
914 76
1230 17
1859 3
1889 0
1604 0
1259 17
996 46
701 40
789 131
848 85
715 43
1186 2
1377 0
1101 1
1029 2
1387 0
813 7
817 11
946 4
925 0
711 0
100 2
217 0
147 0
150 0
627 0
1133 0
1382 3
973 0
1029 0
1012 0
950 0
897 0
1198 0
977 0
784 1
319 0
356 0
773 4
843 2
137 4
693 6
618 0
334 0
134 0
247 0
233 0
318 0
381 0
271 0
45 0
397 0
448 4
411 0
321 0
199 0
83 0
283 0
494 1
724 0
1059 0
950 0
366 0
310 0
481 0
357 0
106 0
41 0
25 0
1 0
193 0
455 0
312 0
427 0
551 0
598 0
350 0
92 1
38 0
69 0
52 0
138 0
216 0
257 0
197 0
126 0
148 0
190 0
159 0
190 0
267 0
332 0
358 0
350 0
334 0
174 0
848 0
1346 0
1410 0
870 0
850 0
922 0
687 0
544 0
703 0
930 0
1218 0
1411 0
1503 0
1582 0
1435 0
1169 0
591 0
431 0
1196 0
1780 4
2074 1
1690 0
684 0
1073 11
914 35
704 39
389 0
139 0
18 2
168 44
345 37
527 24
503 0
586 0
581 0
520 0
420 0
339 0
374 0
406 11
508 0
530 0
464 0
268 0
85 0
354 0
553 6
589 0
585 0
560 11
358 8
297 7
320 8
335 7
264 3
300 3
304 10
251 3
95 11
190 7
91 5
126 5
184 13
153 10
51 8
38 5
28 4
150 0
308 0
605 9
936 7
1122 6
1540 0
1672 0
2245 0
1902 0
2021 0
942 0
387 0
516 0
514 0
316 2
46 0
11 0
3 0
32 0
33 0
5 0
0 0
0 0
0 0
0 0
0 0
0 0
0 0
0 0
0 0
0 0
0 0
0 0
0 0
0 0
1 0
0 0
0 0
0 0
0 0
0 0
0 0
0 0
0 0
0 0
0 0
103 0
278 0
365 0
632 0
744 0
861 0
967 0
1020 0
1060 0
1182 0
1187 0
1309 0
1310 0
1289 0
1130 0
965 0
753 0
658 0
701 2
902 0
980 0
1153 0
1126 9
1040 8
840 0
814 0
766 0
652 0
686 0
919 0
1182 0
1262 0
1175 0
1168 0
1374 0
1403 0
1345 0
1373 0
1326 0
1282 0
781 0
621 0
727 5
871 8
637 0
153 0
28 0
40 0
43 0
77 0
41 0
34 0
181 0
382 0
291 0
83 0
227 0
105 0
148 0
44 0
1 0
0 0
5 0
93 0
132 0
94 0
11 0
14 0
40 0
121 0
48 0
43 0
114 0
45 0
32 0
23 0
20 0
71 0
90 0
101 0
235 0
238 0
220 0
171 0
100 0
106 0
49 0
3 0
2 0
0 0
2 0
0 0
2 0
21 3
0 0
2 0
0 0
0 0
0 0
0 0
0 0
3 0
0 0
0 0
0 0
0 0
0 0
0 0
0 0
0 0
0 0
0 0
0 0
0 0
0 0
0 0
0 0
0 0
0 0
0 0
0 0
0 0
0 0
0 0
0 0
0 0
0 0
0 0
0 0
0 0
0 0
0 0
0 0
0 0
0 0
0 0
0 0
0 0
0 0
0 0
0 0
0 0
0 0
0 0
0 0
0 0
0 0
0 0
0 0
0 0
0 0
0 0
0 0
0 0
0 0
0 0
0 0
0 0
0 0
0 0
0 0
0 0
0 0
0 0
0 0
0 0
0 0
0 0
0 0
0 0
0 0
0 0
0 0
0 0
0 0
0 0
0 0
0 0
0 0
0 0
0 0
0 0
0 0
0 0
0 1
0 0
0 0
0 0
0 0
0 0
0 0
0 0
0 0
0 0
0 0
0 0
0 0
0 0
0 0
0 0
0 0
0 0
0 0
0 0
0 0
0 0
0 0
0 0
0 0
0 0
0 0
0 0
0 0
0 0
0 0
0 0
0 0
0 0
0 0
0 0
0 0
0 2
15 0
144 0
405 0
562 0
585 0
621 0
612 0
704 0
924 0
1095 0
1149 0
1068 0
1057 0
1033 0
1167 0
998 0
801 0
477 0
770 0
992 0
1149 0
1063 0
773 0
193 0
192 0
270 0
475 0
931 0
1317 0
1588 0
1686 0
1267 0
850 0
534 0
648 0
656 0
616 0
678 0
713 0
592 0
252 0
78 0
90 0
38 0
85 0
140 0
206 0
211 0
249 0
181 0
101 0
44 0
19 0
49 0
68 0
38 0
8 0
10 0
212 0
736 0
1289 0
875 0
323 0
607 0
450 0
72 0
14 0
0 0
168 0
9 0
0 4
10 1
0 0
8 0
11 0
12 0
18 0
77 0
126 0
454 0
869 0
1019 0
1160 0
1315 0
600 0
332 0
649 0
772 7
976 0
1148 0
766 0
1313 0
1698 0
1096 0
847 0
1269 0
742 15
640 0
924 0
480 0
140 0
351 0
395 1
313 0
293 0
317 2
406 0
371 7
382 4
350 2
408 0
418 0
326 0
376 0
439 0
373 0
361 0
266 0
148 0
321 0
483 0
495 0
376 0
299 0
217 0
175 0
162 0
220 0
212 0
177 0
94 0
187 0
444 0
432 0
234 0
94 0
17 0
28 1
12 0
31 0
179 0
152 0
98 0
15 0
52 1
112 2
148 11
154 0
155 0
73 0
161 4
412 0
488 0
464 0
318 0
386 0
502 0
663 0
897 0
816 0
431 0
493 0
525 0
412 0
415 0
522 0
536 0
352 0
226 0
79 0
12 2
6 1
4 0
6 0
13 0
72 0
64 0
60 0
79 0
32 0
23 0
55 0
74 0
86 0
58 0
16 2
26 0
10 0
7 0
6 0
3 0
8 0
4 0
4 0
11 0
5 0
49 3
60 0
115 0
81 0
47 0
2 0
106 0
88 0
158 0
215 0
270 0
300 0
407 0
400 0
255 0
314 0
402 0
430 0
330 0
286 0
225 0
324 0
223 3
95 0
137 8
181 1
140 0
110 1
172 0
133 0
80 0
32 0
125 2
211 0
223 2
110 0
13 0
133 3
386 0
544 1
553 0
433 0
195 0
96 0
414 0
1094 0
1235 0
615 0
511 0
150 0
326 0
97 0
227 0
374 0
262 0
141 0
367 0
594 0
922 0
1153 0
1537 0
1404 0
1181 0
1277 0
1370 0
1259 0
1207 0
1081 0
1000 0
1063 0
1163 0
765 0
489 0
699 0
787 0
670 1
1355 0
1510 0
708 0
889 0
775 0
347 0
419 0
843 0
1073 0
944 0
1414 0
1683 0
1614 3
707 0
664 0
799 0
733 0
535 0
621 4
666 0
314 0
2 0
2 0
0 0
33 4
0 0
4 0
0 0
2 0
2 0
2 0
0 0
0 0
0 0
4 0
0 0
3 0
0 0
0 2
0 0
0 0
0 0
0 0
0 0
0 0
0 0
0 0
0 0
0 0
8 2
0 0
7 0
4 0
0 0
22 0
182 0
460 0
451 0
85 0
11 0
29 0
0 0
2 0
0 0
16 0
19 0
22 0
175 0
642 0
763 0
1020 0
894 0
840 0
935 0
988 0
1169 0
1368 0
1318 0
1026 0
662 0
244 0
186 0
168 0
265 0
255 0
280 0
201 0
67 0
180 0
185 0
277 0
303 0
361 0
319 0
267 0
174 0
175 0
163 0
156 0
218 0
209 0
204 0
149 0
475 0
681 0
663 0
813 0
969 0
1182 0
990 0
1141 0
823 0
498 0
571 0
515 0
310 0
237 0
175 0
6 0
23 0
51 0
331 0
407 0
192 0
240 4
141 0
159 0
195 0
211 0
111 0
44 0
53 0
59 0
32 0
29 0
10 0
15 0
4 0
0 0
2 0
0 0
0 0
0 0
2 0
0 0
0 0
6 0
52 0
90 0
96 1
43 0
23 0
10 0
91 0
158 0
104 0
12 0
4 0
3 0
0 0
8 0
0 0
0 0
0 0
0 0
0 0
0 0
0 0
5 0
0 0
9 0
16 0
69 0
399 0
743 0
864 0
950 0
930 6
976 0
798 0
746 0
691 0
554 0
442 0
543 0
568 0
434 0
118 0
98 0
417 0
534 0
467 0
287 0
430 0
397 6
181 0
19 0
1 1
112 5
225 12
199 0
67 0
6 0
95 0
212 0
251 0
434 0
593 0
779 0
793 0
558 0
266 0
686 0
761 1
721 0
668 0
942 1
1141 4
1138 4
761 0
491 0
155 0
349 0
348 0
329 0
452 0
514 0
336 0
118 0
336 0
508 0
614 3
409 3
341 5
320 3
312 0
273 0
206 0
456 1
586 1
632 3
767 3
1183 0
1241 0
1091 0
821 0
666 0
753 1
1166 0
1611 0
1437 0
1347 0
1520 0
1280 0
831 0
384 0
272 0
56 0
112 0
357 0
532 0
607 0
648 0
667 0
512 0
420 0
340 0
304 0
313 0
320 0
311 0
545 0
765 0
1228 0
1489 0
1374 0
1352 0
1079 0
474 0
781 0
1153 0
1137 0
370 0
809 0
865 0
841 0
898 0
1172 0
1244 0
1291 0
1130 0
914 0
1020 0
799 0
530 0
560 0
269 0
773 0
1086 0
1216 3
896 0
226 0
60 0
6 0
19 0
18 0
38 0
59 0
90 0
92 0
180 0
124 0
155 0
217 0
249 0
266 0
244 0
341 0
276 0
120 0
141 0
188 0
124 0
264 0
181 0
99 0
25 0
2 0
45 0
42 0
45 0
46 0
31 0
6 0
19 0
20 0
132 0
146 0
119 0
83 1
29 0
0 0
23 0
40 0
61 0
2 0
36 0
66 0
36 0
70 0
95 0
104 0
144 0
92 0
141 0
292 0
379 0
278 0
200 0
50 0
38 0
40 0
25 0
17 0
1 0
0 0
0 0
0 0
3 0
0 0
5 0
27 0
19 0
11 0
39 0
0 0
3 0
0 0
0 0
0 0
0 0
0 0
10 0
0 0
0 0
0 0
0 0
0 0
0 0
2 0
0 0
9 0
3 0
0 0
0 0
0 0
2 0
0 0
0 0
0 1
0 0
0 0
0 0
0 0
0 0
0 0
0 0
0 0
0 0
0 0
0 0
0 0
0 0
0 0
0 0
0 0
0 0
0 0
0 0
0 0
0 0
0 0
0 0
0 0
0 2
0 0
0 0
0 0
0 0
0 0
4 0
5 0
1 0
6 0
0 0
0 0
3 0
62 0
45 0
0 0
0 7
5 61
1 170
0 183
0 99
0 15
0 23
0 49
0 59
0 167
0 186
0 598
0 1257
0 2025
6 2339
39 2314
66 2036
51 1815
3 1533
3 2146
10 2009
14 811
15 1593
14 1463
30 915
39 2383
28 2539
2 2460
0 2551
0 2265
0 1872
0 1852
0 1912
0 1701
0 1584
0 542
0 306
0 470
0 764
0 690
0 692
0 487
0 521
0 259
0 97
0 14
0 5
205 0
588 4
590 114
840 112
918 238
758 254
451 283
582 141
886 28
1029 0
1037 0
1020 0
1083 5
901 0
635 0
69 0
523 14
384 10
436 8
973 11
732 0
509 12
443 32
382 67
233 25
678 30
1129 2
1321 7
1509 12
1575 15
1486 12
998 0
956 0
1401 2
1207 22
891 25
901 18
460 17
6 6
43 7
17 0
22 0
0 2
0 0
5 0
0 0
2 3
0 2
0 0
1 1
0 0
0 12
0 0
0 0
0 5
0 13
0 0
0 0
0 0
0 0
0 0
0 0
0 8
0 0
0 0
0 0
0 0
0 0
0 0
0 0
0 0
0 0
0 0
0 0
0 0
0 0
0 0
0 0
0 0
0 0
0 0
0 0
0 0
0 0
0 0
0 0
0 0
0 3
0 0
1 0
0 0
0 0
0 0
0 0
0 0
0 0
0 0
0 0
0 0
0 0
0 0
0 0
0 0
0 5
0 0
0 0
0 0
0 11
0 0
0 1
0 0
0 0
0 0
0 0
0 18
0 7
0 18
0 4
0 37
0 3
0 8
0 0
0 0
0 7
0 0
0 27
0 4
0 0
0 0
0 0
0 0
