"pat" "th"
562 1090
263 1010
527 885
504 1003
262 1110
215 1036
74 999
52 866
2 733
9 628
28 628
128 963
325 1699
509 2279
696 2473
1049 2145
1318 2244
1492 2296
1384 3222
975 3750
808 4251
667 4770
557 5334
371 6198
258 7369
135 8240
401 8842
373 9238
566 10484
605 9538
508 8002
706 7353
823 5678
926 3809
889 2593
1652 2449
1827 1862
2293 1079
2440 791
2634 583
2729 235
2563 205
2070 325
1741 129
1478 25
1351 6
1285 11
1306 63
1257 40
1430 100
1479 109
1744 194
1893 169
1951 140
1874 132
2192 86
2139 167
1931 391
1208 982
1225 1648
1922 2248
1765 2886
1225 3688
937 4145
1134 4732
1209 4686
1247 4384
1071 3753
1015 4318
1083 4740
1177 4881
1328 4928
1611 5074
1852 5228
2258 5575
2385 5872
2582 6250
1998 5853
2162 4899
2186 3843
2339 3284
2206 3949
2244 4464
1798 4197
1576 3582
1025 3917
698 3990
85 4108
23 4251
367 4171
295 4123
611 3826
582 3348
869 2677
838 2327
863 2282
722 2201
611 2227
400 2355
252 2673
50 3196
20 3314
4 2928
15 3093
51 3424
14 3669
98 3744
16 3010
62 1543
17 1232
21 1501
3 1318
8 1517
5 1932
3 2160
4 2317
6 2524
7 2646
7 3445
4 4662
17 5247
29 5821
23 5605
34 5476
38 5290
18 4602
27 4133
11 4490
27 5001
22 4912
13 3934
14 3538
16 4047
14 3801
18 3851
21 3724
32 3005
18 1800
27 1407
42 1752
21 1816
20 1873
17 1849
13 2132
12 2500
21 3018
31 3074
11 2333
18 1188
1 701
6 973
13 1388
7 1362
10 1250
9 1672
11 1859
23 1590
76 1332
60 962
63 567
8 537
7 611
11 1113
27 1577
38 2068
19 2231
61 2369
22 2370
35 2385
16 2142
16 2181
15 1959
32 1412
63 1410
51 1121
27 991
81 967
41 682
51 451
69 265
148 150
53 425
51 450
83 390
38 246
5 98
1 180
0 143
0 170
0 176
0 251
0 315
0 178
2 159
2 141
1 115
0 82
0 14
0 111
2 323
3 723
6 815
4 568
4 379
2 221
1 250
1 150
1 132
1 417
2 898
5 1558
8 1741
14 1429
62 731
19 419
138 249
317 198
852 166
1793 148
2099 96
2085 80
2004 39
1609 13
1221 0
971 0
965 0
766 1
545 0
399 0
343 0
509 0
801 0
825 1
669 0
365 0
807 2
914 0
759 0
440 0
540 0
667 1
1382 0
1591 0
2000 0
2516 7
2720 0
2637 0
2608 0
2551 1
2516 11
2211 1
1912 14
1889 0
1785 2
1366 0
948 0
806 0
550 3
494 0
772 0
1323 0
1277 0
1089 0
404 0
172 0
219 0
25 0
52 0
338 0
316 0
361 0
117 0
0 0
0 0
10 0
92 0
29 0
48 0
10 0
36 3
2 138
4 454
7 794
14 981
13 1115
19 1273
15 1571
11 1697
4 1410
5 1453
8 1695
7 2097
10 2871
18 3563
3 3702
2 3794
0 3609
0 3072
66 2529
75 2893
100 3148
147 3549
101 3557
105 4003
54 3838
126 3578
66 3150
106 3305
78 3498
114 3232
16 3354
329 3414
600 3382
820 3196
937 3557
1040 3653
1175 4150
1331 4472
1487 4634
1611 4631
1033 4843
900 4930
767 4861
840 4772
520 4712
373 4972
316 4781
268 3737
211 2695
197 1727
144 1992
130 2146
25 2011
0 2186
73 2578
165 2328
260 1680
312 1750
413 1895
471 2046
504 2154
503 2028
547 2324
624 2537
647 2557
725 2811
924 2906
889 3001
827 2992
725 3000
839 3084
819 3440
755 3511
281 3195
262 2613
402 2316
558 2037
121 1814
138 1888
75 1826
66 1492
5 1592
8 2289
1 2851
1 3146
2 2983
1 2535
0 2163
0 1661
0 1256
0 820
0 951
0 916
0 658
0 400
0 369
0 297
0 212
0 60
0 7
0 7
0 36
0 50
0 80
0 17
0 59
0 15
0 0
0 0
0 49
0 289
0 467
0 671
0 792
0 944
0 1082
0 997
0 923
0 763
0 637
0 669
0 658
0 444
0 162
0 55
0 112
0 368
0 457
0 571
0 601
0 600
0 323
0 295
0 435
0 398
0 446
0 147
17 338
37 121
19 594
20 1365
19 1564
14 1310
8 350
1 1015
1 1334
3 1207
8 993
8 908
11 1119
10 1008
3 848
4 1034
0 1357
0 1038
0 1070
0 983
0 571
0 293
0 176
0 75
0 15
0 59
0 199
0 246
0 187
0 147
0 2
0 42
0 0
1 0
39 1
20 0
0 0
1 0
2 0
0 0
0 0
0 0
0 0
0 0
0 0
0 0
0 0
0 0
0 0
0 0
0 0
0 0
0 0
0 0
0 0
0 0
74 0
226 2
461 2
755 0
762 0
1033 0
1182 0
1487 0
1806 1
1896 0
1981 0
2136 0
2215 0
2149 0
2136 0
1901 17
1897 9
1933 44
1504 20
1373 14
1048 19
654 6
381 3
301 30
744 6
745 6
761 3
775 2
753 5
461 5
132 17
318 15
300 12
518 4
264 4
143 6
58 5
122 6
102 7
90 6
63 3
37 2
79 4
65 4
44 4
0 0
0 0
0 0
0 0
0 0
0 0
0 12
0 16
0 53
0 91
0 231
0 535
0 855
0 855
0 814
0 983
0 1036
0 869
0 395
0 105
0 139
0 130
0 178
0 105
0 2
0 38
0 2
0 59
0 15
0 20
0 22
0 22
0 0
0 3
0 0
0 0
0 0
0 0
0 0
0 8
0 0
0 0
0 0
0 0
0 3
0 9
0 0
0 0
0 0
0 0
0 0
0 0
0 0
0 0
0 0
0 0
0 0
0 0
4 1
0 0
0 0
0 0
0 0
0 0
0 0
0 0
0 0
0 0
0 0
0 0
0 0
0 0
0 0
0 0
0 0
0 0
0 0
0 0
0 0
0 0
0 0
0 0
0 0
0 0
0 0
0 0
0 50
0 235
0 478
0 666
0 643
0 608
0 590
0 303
0 587
0 849
0 858
0 767
0 377
0 92
0 386
0 220
0 35
1 119
0 331
1 440
0 661
1 833
27 922
9 854
24 338
2 843
3 1234
1 1165
0 983
0 513
0 91
0 131
0 30
0 38
0 48
0 19
0 0
0 11
0 0
0 0
0 0
0 1
0 0
0 0
0 0
0 23
0 15
0 25
0 0
0 17
0 26
13 44
1 262
2 584
0 860
1 997
3 1090
0 1025
3 1080
7 950
8 756
3 657
7 979
5 909
0 174
4 590
13 1103
8 1288
10 1341
7 1617
4 1145
5 347
9 1121
8 1113
11 970
7 803
8 766
10 926
10 993
7 1005
3 951
0 640
0 71
0 159
0 334
3 458
0 362
0 301
0 300
0 363
0 383
0 379
0 389
0 405
0 434
0 379
0 426
0 433
0 386
0 430
0 269
0 15
0 36
0 175
0 326
2 540
6 957
4 1081
3 1086
0 1091
1 963
6 710
7 592
5 423
4 322
3 478
7 754
2 981
2 967
0 592
0 224
0 309
0 29
0 10
0 30
0 5
0 39
0 71
0 120
0 291
4 552
9 709
23 768
12 776
31 754
36 605
42 702
8 758
13 782
13 803
14 865
4 1011
11 1168
35 1075
57 1098
52 786
77 867
107 1231
77 1161
89 775
70 312
58 954
60 1215
86 1451
67 1719
92 1468
86 1362
70 1323
30 1142
47 665
27 512
17 433
24 297
6 138
21 102
30 174
20 229
10 56
0 0
0 48
0 1
0 0
0 0
0 0
0 5
0 0
0 3
0 17
0 15
0 18
0 2
0 0
0 0
3 0
0 0
0 0
0 0
0 0
0 0
0 0
0 0
0 0
0 0
0 0
0 0
0 0
0 0
0 0
0 0
0 0
0 0
0 0
0 0
0 0
0 0
0 0
0 0
0 0
0 0
0 0
0 0
0 0
0 0
0 0
0 0
0 0
0 0
0 0
0 0
0 0
0 0
0 0
0 0
0 0
0 0
0 0
0 0
0 11
0 0
0 0
0 0
0 0
0 1
0 0
0 0
0 0
0 0
0 0
0 4
0 9
0 0
0 0
0 8
0 8
0 0
0 0
0 0
0 4
0 0
0 4
0 34
0 46
0 45
0 52
0 36
0 31
0 28
0 0
0 0
0 0
0 0
0 0
0 0
0 0
0 0
0 0
0 0
0 17
0 101
0 270
0 423
0 514
0 534
0 624
0 753
0 784
0 694
0 445
0 335
0 360
0 410
0 368
0 281
0 249
0 358
0 346
0 357
0 295
0 257
0 235
0 235
0 199
0 217
0 246
0 162
8 8
7 3
35 6
35 3
78 6
57 5
76 6
74 4
72 8
53 22
41 9
6 63
0 10
5 2
32 23
59 601
36 946
41 676
56 267
15 526
7 677
9 788
0 800
0 1310
0 1651
0 1527
0 1381
0 1033
2 393
0 801
66 1237
17 1363
0 1362
2 1202
0 1086
0 1173
0 1512
0 1400
0 880
0 1082
0 1568
0 1494
5 765
8 1234
2 1303
2 1096
0 882
0 572
0 1100
0 1219
2 1294
3 458
7 1492
5 1914
3 1502
3 236
0 536
0 120
0 782
0 1068
0 997
0 809
0 609
0 815
0 1107
2 1083
0 295
0 476
0 440
0 183
0 70
0 319
0 403
0 69
0 202
0 458
0 291
0 391
0 231
0 343
0 452
1 247
0 95
0 205
0 234
0 194
0 112
0 81
0 39
0 34
0 22
0 15
0 16
0 37
0 51
0 141
0 215
0 250
0 71
0 41
0 156
0 160
0 268
0 114
0 93
0 74
0 97
0 9
0 33
0 16
0 19
0 11
0 6
0 19
0 2
0 5
0 9
0 0
0 0
0 9
0 4
0 0
0 0
0 0
0 0
0 0
0 0
0 0
0 11
0 170
0 285
0 388
0 628
0 791
0 617
0 179
0 224
0 410
0 651
0 888
0 946
0 645
0 760
0 563
0 843
0 1197
0 858
0 1024
0 877
0 540
0 171
0 574
0 461
0 98
0 71
0 111
0 25
0 0
0 15
0 6
0 39
0 46
0 288
0 569
0 654
0 963
0 1106
0 1051
0 654
0 499
0 505
0 212
0 57
0 44
0 55
0 185
0 186
0 168
0 143
0 120
0 99
0 47
0 0
0 2
0 0
0 0
0 0
0 0
0 0
0 0
0 0
0 9
0 1
0 0
0 2
0 0
0 0
0 0
0 0
0 0
0 0
0 0
0 0
0 0
0 0
0 0
0 0
0 0
0 0
0 0
0 0
0 0
0 0
0 3
0 4
0 0
0 0
0 0
0 0
0 0
0 0
0 0
0 0
0 9
0 0
0 0
0 0
0 0
0 0
0 108
0 421
0 643
0 822
0 992
0 882
0 973
0 780
0 215
0 734
0 1037
4 1102
8 1004
44 1015
94 804
492 777
814 761
724 752
726 993
697 1041
811 998
958 802
1143 737
1479 417
1507 131
1587 283
1682 132
1653 11
1543 0
1585 18
1396 4
1467 1
1427 0
1231 3
1156 0
1134 1
877 0
737 0
573 0
486 0
290 5
319 10
117 72
224 216
506 477
670 514
689 530
636 485
828 785
723 846
974 1209
853 1760
930 2427
898 3072
873 3435
823 4319
910 4947
700 4808
612 4415
544 4273
458 4313
451 4176
607 3365
736 2793
1019 2112
1128 1659
1255 2344
1186 2837
1323 3145
1379 2330
1366 1843
1352 1466
1450 1522
1380 1908
1237 1829
1172 1856
1268 1723
1260 1766
1186 1734
1184 1752
1317 1822
1455 1852
1310 1984
1292 1864
1614 2069
1063 1993
472 1718
322 1428
93 1265
120 823
110 589
103 351
47 599
67 1017
61 1575
37 1796
6 1631
39 1919
69 2781
4 3705
10 4806
8 5940
1 6828
1 7234
1 7977
2 7252
10 5930
0 4005
0 2728
0 2374
1 1944
2 2261
1 2600
0 2793
0 2676
0 1805
0 1277
0 1181
0 1474
0 1482
37 1317
46 1294
24 1486
27 1805
15 2114
20 2040
9 2029
2 2380
3 2349
32 1237
35 769
71 1186
183 1800
569 1964
793 1692
846 1529
801 1707
700 1756
634 965
561 1116
528 1679
351 1769
197 1380
66 712
806 513
944 399
939 155
289 59
9 161
5 201
4 288
3 188
3 172
3 105
2 81
1 127
4 118
7 493
4 374
5 462
4 488
6 668
7 606
3 624
3 433
0 185
0 235
2 154
2 134
0 64
0 126
9 248
3 361
1 378
123 360
454 348
441 270
696 106
1175 75
1480 60
1440 2
1193 35
844 168
600 217
460 361
413 475
160 649
35 771
181 929
437 945
667 941
884 1030
937 925
917 753
829 542
1208 583
1201 602
1107 525
620 442
131 3
89 83
383 509
274 563
91 163
2 98
37 76
0 56
6 22
38 50
42 21
0 75
59 42
468 36
915 89
1318 30
1356 2
1544 0
1947 0
1648 67
1654 8
1476 69
1251 4
972 8
667 15
269 0
207 0
133 1
158 0
130 0
117 0
175 0
189 1
154 2
158 0
114 16
118 0
110 0
30 0
78 0
117 0
139 0
78 0
36 0
2 0
0 0
0 0
21 0
29 0
73 0
86 0
204 0
173 0
192 0
212 0
303 0
451 0
537 0
569 0
543 0
517 0
638 0
675 0
727 0
649 0
531 0
428 0
352 0
227 0
118 0
433 0
606 0
456 0
457 0
381 3
356 0
294 0
174 0
162 0
180 0
119 0
236 0
388 0
489 0
565 0
597 0
612 0
645 0
563 0
564 0
428 0
171 0
267 0
594 0
714 0
781 0
564 0
473 0
521 0
689 2
606 0
262 0
38 0
222 0
501 0
510 0
511 0
436 0
353 0
266 0
264 0
79 0
34 0
28 0
27 0
42 0
24 0
136 0
71 0
145 0
69 0
73 0
11 0
8 0
7 0
0 0
0 0
0 0
0 0
0 0
0 0
0 0
0 0
8 2
71 0
285 1
427 4
513 6
553 72
506 0
379 0
299 0
414 0
316 0
361 0
281 0
234 0
148 0
64 0
76 2
347 0
630 0
733 22
779 3
729 0
698 0
591 0
551 4
454 0
331 0
268 0
252 0
206 0
193 1
120 0
28 0
28 0
113 1
312 0
454 0
677 0
682 7
791 32
1050 26
1383 63
1460 4
1794 109
1927 158
2252 188
2294 340
2154 410
2008 370
1974 252
1749 101
1656 105
1648 144
1696 138
1515 158
1478 167
1406 264
1443 167
1420 162
1264 544
1239 1137
1159 1443
1094 1192
1187 878
1200 404
1145 314
951 389
872 359
689 509
775 363
645 33
826 79
988 353
1109 571
1160 572
1154 697
972 988
992 1257
839 1504
725 1583
622 1364
484 951
558 414
593 254
398 245
460 286
461 428
559 485
529 603
646 806
781 935
1045 1044
1175 813
1228 623
1545 1093
1785 1307
2097 1403
2080 1242
2340 1004
2562 1340
2807 1924
2756 2989
2967 3924
2875 4415
2921 5040
2628 5057
2779 4580
2552 4024
2531 2987
2099 1318
2003 2012
1431 2006
1335 1698
989 1693
970 1278
582 1056
564 1287
239 1181
225 1299
55 1233
14 988
23 1964
16 2740
29 2032
180 1152
612 661
879 652
1362 737
1523 638
1939 234
2057 93
2415 120
2583 140
2901 274
2996 64
3284 10
3081 61
3173 497
2998 759
3016 1135
2751 1089
2660 1073
2458 741
2438 718
2216 650
2033 549
1711 564
1647 642
1530 449
1417 350
1324 282
1245 424
1240 440
1163 571
1035 656
1097 590
941 518
810 588
738 479
640 194
546 243
484 202
400 237
295 195
248 244
160 158
123 64
71 5
20 12
50 138
80 126
81 103
24 17
84 73
24 355
31 96
34 50
45 36
40 56
70 49
0 59
12 9
20 5
29 2
18 0
34 0
16 1
16 0
0 0
2 0
0 0
8 3
0 47
0 48
0 62
0 9
0 30
0 36
0 34
2 46
2 76
13 181
4 185
6 222
5 258
6 263
5 237
5 280
2 162
0 49
5 147
7 310
6 532
5 538
7 414
5 194
5 167
1 97
0 74
1 92
0 27
0 0
2 38
2 55
5 129
7 187
4 350
4 368
3 396
1 463
4 416
3 436
4 281
2 212
1 67
3 12
0 24
0 45
0 39
2 31
0 93
8 175
0 236
0 165
0 83
0 58
25 0
19 1
86 1
139 18
179 13
308 46
387 63
475 57
610 42
703 19
818 16
969 52
990 111
1194 251
1263 499
1299 590
1324 618
1293 676
1278 699
1347 902
1335 1096
1289 1110
1401 1351
1433 1358
1517 1139
1513 1001
1631 747
1563 514
1557 199
1558 92
1595 545
1637 946
1747 1247
1710 1212
1768 1030
1782 672
1790 331
1644 400
1801 456
1703 559
1779 308
1658 172
1594 40
1360 24
1398 87
1107 160
1100 135
840 158
779 230
498 226
519 372
436 535
509 718
466 765
439 749
273 483
118 314
24 341
70 276
0 239
9 723
9 1424
10 1415
67 624
66 602
190 264
316 122
884 74
1307 61
1830 49
2111 125
2368 120
2459 244
2478 248
2460 228
2781 81
3029 96
3266 54
3513 62
3316 68
3193 10
2737 27
2146 46
1711 26
1376 40
1133 57
1024 85
1003 63
756 177
628 330
484 460
527 602
488 692
521 859
481 933
510 837
451 603
572 468
582 404
804 342
839 303
746 243
923 208
1205 227
1586 252
1932 358
2248 484
1885 617
1443 572
1252 575
794 619
449 585
434 778
452 1197
336 1423
326 1518
248 1512
167 1115
218 585
66 474
88 151
14 51
63 141
34 80
5 103
10 20
26 14
13 1
23 65
2 161
8 168
5 54
67 31
74 17
100 0
102 0
101 0
39 2
86 0
96 0
68 0
31 2
40 0
5 2
94 2
154 11
128 1
207 20
149 0
192 2
143 0
244 0
341 4
545 7
404 5
192 3
145 21
253 42
174 131
316 222
170 217
79 217
18 193
9 205
17 245
39 296
106 345
53 471
60 600
21 880
57 1317
8 1488
31 1462
30 1393
60 1511
36 1565
18 1518
12 1321
17 1071
18 929
3 596
0 518
0 605
0 594
1 672
0 486
4 305
15 158
4 109
0 39
1 35
1 37
0 111
0 20
0 32
1 3
0 1
0 57
0 78
0 37
0 72
0 160
0 183
0 109
0 97
0 120
0 39
2 92
0 27
0 88
0 70
0 39
0 48
0 36
0 27
0 167
0 556
0 1036
0 1239
0 1404
0 1432
0 1229
0 1318
0 1441
0 1526
0 1485
0 1487
0 1482
0 1307
0 1126
0 1289
0 1603
0 1726
0 1753
1 1784
0 1793
0 1605
0 1322
0 727
0 1024
0 1224
0 1155
0 828
0 699
2 1141
5 1196
5 828
3 903
0 1264
0 1109
0 637
0 388
0 437
2 358
1 610
0 812
0 1195
0 1436
0 1552
0 1165
0 1053
0 1284
0 1664
0 1982
6 1837
9 1671
9 1409
9 1237
7 1054
3 981
0 1295
0 1472
0 1813
0 2241
0 2755
0 2583
0 2060
0 1121
0 428
0 1466
0 1819
0 2111
3 2210
7 2461
7 2344
4 2759
6 2582
6 2296
6 1749
0 1150
4 949
9 989
7 1297
6 1625
7 1949
7 1996
6 1978
14 1953
17 2028
13 2081
3 2455
0 2645
0 2766
0 2399
0 2314
0 1952
0 1706
0 1485
0 1305
0 1281
0 1756
0 2309
0 2432
0 2476
0 2455
0 2657
0 3034
0 2891
0 1933
0 776
0 750
0 953
0 814
0 155
0 27
0 4
0 1
0 11
0 121
0 36
0 12
0 21
0 3
0 46
0 75
0 201
0 118
0 67
0 27
0 239
0 540
0 39
0 14
0 9
0 215
0 540
0 624
0 965
0 1518
0 1506
0 1954
0 2695
0 3409
0 3494
0 2919
0 2135
0 1414
0 1195
1 1696
1 1890
0 1323
0 992
0 698
0 893
2 1438
0 2184
0 2568
0 2784
0 2364
0 1996
0 1108
0 1276
0 363
0 329
0 105
0 62
0 47
0 33
0 11
0 4
0 14
0 3
0 6
0 0
0 9
0 0
0 1
0 0
0 0
0 0
0 0
0 0
0 0
0 0
0 0
0 0
0 0
0 0
0 0
0 0
0 0
0 0
0 0
0 0
0 0
0 0
0 0
0 0
0 0
0 0
0 0
0 0
0 0
0 0
0 0
0 0
0 0
0 0
0 0
0 0
0 0
0 0
0 0
0 0
0 0
0 0
0 0
0 0
0 0
0 0
0 0
0 0
0 0
0 0
1 0
1 0
1 0
6 2
0 2
6 0
0 52
2 302
0 683
0 1363
0 1915
0 2731
6 2845
18 2593
20 2215
19 1542
16 992
8 708
2 983
16 1128
10 1105
6 1196
13 1486
10 2236
0 2684
0 2790
0 3040
0 1748
0 737
0 107
0 390
0 359
0 145
0 278
0 112
0 191
0 146
0 16
0 62
0 39
0 39
0 16
0 0
0 1
0 13
0 5
0 5
0 0
0 0
0 6
0 0
0 0
0 0
0 0
0 0
0 0
0 0
0 0
0 0
0 0
0 0
0 0
0 0
0 0
0 0
0 0
0 5
0 14
0 50
0 35
0 23
0 1
0 10
0 15
0 44
0 50
0 97
0 174
0 173
0 88
0 8
0 2
18 26
149 4
354 9
723 16
1016 23
1102 14
1023 15
1220 14
1683 25
1620 0
1318 13
1102 0
1136 2
1392 34
1297 267
1206 871
1234 772
1084 892
837 1230
857 1055
992 841
1179 602
1296 551
1349 734
1561 883
1789 876
2197 657
1387 458
500 236
582 269
340 483
357 640
25 943
16 1065
4 1177
6 743
48 741
16 507
0 554
4 266
28 81
0 114
59 136
37 619
90 959
92 971
103 1053
61 1039
14 810
129 716
180 605
339 942
221 1047
289 715
245 320
364 312
235 919
435 1364
234 1389
289 1409
195 1498
255 1685
25 1600
49 940
0 757
1 785
5 971
126 1336
54 1421
32 1388
65 1184
23 1146
88 1017
3 869
131 460
35 208
100 713
26 1019
161 1248
125 1804
155 1710
73 1648
140 1038
35 682
51 414
2 134
40 494
0 748
16 819
0 1027
8 837
0 500
1 474
0 1082
0 1249
0 1180
0 942
3 576
5 212
26 81
36 159
45 295
17 264
0 149
0 66
0 15
33 15
5 7
5 0
0 5
1 0
0 208
0 437
0 489
0 358
0 188
0 7
0 65
0 127
0 212
0 162
0 226
0 182
0 160
0 101
0 38
0 5
0 24
0 4
0 29
0 9
0 34
0 15
0 46
0 6
0 14
0 0
0 0
0 0
0 0
3 1
0 0
0 0
0 1
0 0
0 0
0 0
0 0
0 0
0 0
0 0
0 0
0 0
0 0
0 2
0 0
0 0
0 0
0 0
0 0
0 0
0 0
0 0
0 0
0 0
0 0
0 0
0 0
0 0
0 0
0 0
0 0
0 0
0 0
0 0
0 0
0 0
0 0
0 0
2 0
0 0
0 0
1 0
4 0
4 0
0 0
2 0
0 0
0 0
3 11
0 60
0 232
0 267
0 378
0 734
0 1013
0 1240
0 1257
0 1292
0 1208
0 1171
0 1201
0 1222
0 1181
0 1171
0 971
1 633
3 633
8 1163
5 1313
5 1050
6 510
0 249
0 130
0 48
0 120
4 865
8 1433
6 1825
8 2053
7 2239
11 2328
9 2592
9 2527
10 2328
9 1882
11 1632
8 1376
5 1075
5 1149
11 1038
11 1039
7 977
6 821
7 826
6 978
6 1044
11 1209
10 1128
6 820
11 695
14 702
3 600
2 495
0 512
0 491
4 508
3 510
2 463
3 477
3 354
0 247
1 191
6 191
4 61
5 340
8 768
9 707
5 473
6 416
2 492
1 560
2 634
1 532
0 462
0 326
0 154
0 96
0 12
0 5
0 27
0 16
0 30
0 5
0 5
0 0
3 0
0 5
0 4
0 25
0 11
0 6
0 11
0 0
0 0
0 0
0 0
0 19
0 278
1 642
2 868
2 1124
9 1382
14 1823
13 2016
8 2335
11 2227
0 2300
0 2590
0 2428
0 2237
0 2218
0 1348
0 1241
0 1382
0 1474
0 1920
0 1955
6 1415
0 1339
0 1187
0 865
0 816
0 1371
0 1283
0 469
0 161
0 273
0 123
0 62
0 150
0 51
0 5
0 2
0 0
0 0
0 0
0 0
0 7
0 0
0 0
0 2
0 4
0 0
0 4
0 0
0 0
0 0
0 0
0 0
0 0
0 0
0 0
0 0
0 0
0 40
0 2
0 0
0 0
0 0
0 21
0 0
0 0
0 0
2 1
0 0
3 4
0 0
20 0
56 1
58 0
13 7
4 0
2 0
53 0
62 0
9 0
0 0
10 0
16 0
65 0
163 0
166 0
45 0
57 0
369 0
601 0
518 0
307 0
322 0
586 0
984 0
774 0
670 0
629 0
571 0
399 0
362 2
351 7
293 1
235 3
215 0
412 6
566 5
584 0
676 0
742 0
830 0
833 0
788 0
155 0
65 0
15 0
26 0
25 2
0 0
0 0
0 0
0 0
0 8
0 154
0 4
0 69
0 23
0 43
0 22
0 10
0 21
0 0
0 0
0 0
0 0
0 0
0 0
0 0
0 0
0 8
0 0
0 0
0 1
0 0
0 0
0 0
0 0
0 0
57 0
363 0
659 0
831 0
907 0
768 0
683 0
501 0
334 0
177 0
198 0
397 0
546 0
718 0
888 0
1032 0
1157 0
717 0
440 0
60 1
12 0
5 0
11 0
0 0
0 0
2 0
0 0
0 0
0 0
0 0
0 0
0 24
0 201
0 744
0 1552
0 2205
0 2878
0 3626
0 4238
0 4702
0 5265
2 5132
2 4522
0 3769
0 3401
0 3146
0 3024
0 2501
0 2413
0 2026
0 1923
2 1748
0 1825
30 2044
17 2199
16 2346
45 2157
62 2222
36 2072
29 1617
24 1242
11 1389
39 1785
29 2207
53 2895
70 3449
65 3517
99 3475
88 3182
72 2986
3 2761
13 2632
16 2570
24 2618
47 3108
18 3555
26 3588
8 2697
21 2549
16 2476
65 2302
61 2174
79 2089
57 1762
57 1443
56 914
60 775
83 674
74 436
73 307
100 261
184 152
304 336
355 451
404 528
420 500
400 533
360 387
364 349
362 330
216 263
187 264
204 402
244 378
190 498
351 650
466 787
471 769
788 614
1003 489
1100 394
1322 405
1395 401
1417 618
1532 1022
1715 1262
1619 1120
1056 946
1603 720
1800 869
1814 890
1931 965
1829 760
1606 489
921 234
787 170
1109 32
1206 65
945 17
1065 24
929 26
937 0
589 44
631 7
482 42
539 222
326 692
512 1006
428 1108
526 1295
577 1284
747 1138
723 1059
693 893
440 552
349 333
123 182
49 50
132 188
160 373
182 585
85 977
43 1286
2 2056
0 1329
10 440
9 356
0 390
0 169
0 94
1 248
1 312
3 502
0 468
0 127
0 20
0 182
8 125
0 11
0 0
0 7
1 23
0 29
0 5
0 29
0 0
0 17
0 0
5 12
0 0
0 9
0 0
0 4
0 10
0 0
0 0
0 0
0 0
0 0
0 0
0 0
0 0
0 16
0 54
0 147
0 221
0 424
0 545
0 651
0 724
0 943
1 1239
6 1233
12 1158
14 905
2 663
7 464
1 177
0 3
2 153
5 410
1 597
15 812
13 1085
3 1100
0 1182
1 1308
0 633
0 387
0 102
0 17
0 0
0 12
0 25
0 13
0 0
0 0
0 0
0 0
0 0
0 0
0 0
0 0
0 0
0 0
0 0
0 0
0 0
0 0
0 0
0 0
0 0
0 0
0 0
0 0
0 0
0 0
0 2
0 0
0 0
0 6
0 0
0 0
0 0
0 0
0 0
0 0
0 0
0 0
0 4
0 3
0 0
0 0
0 0
0 0
0 2
0 0
0 0
0 0
0 0
0 0
0 0
0 0
0 0
0 0
0 0
0 1
0 101
0 211
0 421
0 532
0 643
0 638
0 732
2 913
7 948
12 776
6 644
7 575
7 353
5 162
4 66
0 26
1 107
2 193
3 339
2 442
11 659
13 793
1 885
0 930
0 1011
0 1048
0 871
0 207
0 142
0 160
0 99
0 27
0 82
0 17
0 31
0 0
0 1
0 0
0 0
0 0
0 0
0 0
0 0
0 0
0 0
0 0
0 1
0 1
0 0
0 0
0 3
0 0
0 0
0 0
0 0
0 0
0 0
0 0
0 0
0 0
0 0
0 0
0 0
0 0
0 2
0 3
0 0
0 1
0 0
0 0
0 0
0 0
0 0
0 130
0 421
0 676
0 809
0 796
0 721
4 690
5 673
5 432
2 123
0 20
1 328
3 429
0 278
1 150
3 179
2 192
0 49
0 6
0 5
0 1
0 25
0 60
3 73
0 252
1 501
16 567
11 540
14 742
4 792
2 624
3 368
4 772
4 721
6 574
6 440
4 300
0 150
5 88
6 268
7 445
4 456
2 401
1 330
0 153
0 31
0 19
9 0
1 2
0 160
3 531
6 753
5 1010
4 1051
3 953
0 743
0 747
0 787
0 850
0 851
0 1012
0 1202
0 1099
0 1197
0 1173
0 957
0 960
0 1040
0 1102
0 857
0 758
0 1587
0 1978
0 1729
0 1380
0 989
0 718
0 490
0 434
0 430
0 215
0 184
0 225
0 224
0 387
0 803
0 1068
0 1385
0 1762
0 2059
2 2373
9 2336
9 2135
4 1907
7 1699
10 1424
5 1440
5 1250
3 1150
1 1043
0 911
0 647
0 538
0 252
0 178
0 171
1 107
0 84
0 56
0 211
0 246
0 217
0 351
0 487
0 451
0 544
0 372
0 208
0 72
2 171
0 230
1 363
0 526
0 579
0 501
0 463
0 411
0 391
0 470
0 477
0 392
0 430
0 420
0 329
0 288
1 283
2 314
4 241
2 318
1 592
5 698
4 708
6 920
4 1022
3 932
1 955
3 902
6 869
4 1089
12 1565
7 2173
0 2347
0 2158
0 1946
0 2033
0 1954
0 2033
3 2157
2 2226
4 1827
0 728
0 1865
0 2635
0 3044
1 3110
0 3190
13 3131
9 2831
7 2650
5 2737
8 2387
6 2446
2 2163
0 2078
0 2018
5 1985
6 2402
5 3108
8 3297
15 3419
18 3387
9 3164
3 2527
0 1979
0 1803
0 2127
0 2469
0 2661
0 2545
0 2101
0 1319
0 840
0 416
0 231
0 93
0 22
0 119
0 27
0 28
0 0
0 7
0 0
0 4
0 2
0 16
0 0
0 5
0 27
0 6
0 0
0 8
0 9
0 23
0 29
0 2
0 29
0 41
0 1
0 7
0 4
0 12
0 2
0 0
0 0
0 0
0 1
0 0
0 0
0 0
0 0
0 0
0 0
0 0
0 0
0 0
0 0
0 0
0 0
0 0
0 0
0 0
0 0
0 0
0 0
0 6
0 0
0 0
0 0
0 5
0 0
0 0
0 0
0 0
0 0
0 0
0 0
0 0
0 0
0 0
0 0
0 0
0 0
0 0
0 0
0 0
0 0
0 0
0 0
0 0
0 0
0 0
0 0
0 0
0 6
0 75
0 105
0 231
0 315
0 284
0 112
0 111
0 292
0 204
0 75
0 155
0 167
0 121
0 57
0 19
0 9
0 4
0 24
0 9
0 30
0 37
0 14
0 11
0 13
0 28
0 136
0 314
0 685
0 880
0 940
0 803
0 619
0 627
0 751
0 826
0 781
0 678
0 650
0 531
0 616
0 482
0 454
0 266
0 384
0 385
0 221
0 8
0 16
0 65
0 81
22 65
27 41
13 7
0 3
3 14
16 22
17 4
4 34
0 2
0 30
0 27
0 2
0 29
4 0
0 2
0 0
0 0
0 10
0 3
0 0
0 28
0 2
0 67
0 111
0 255
0 603
0 869
0 1327
0 1754
0 1595
0 1026
0 910
0 1142
0 787
0 656
0 619
0 740
0 1235
0 975
0 900
0 574
0 645
0 600
0 1186
0 1494
0 1759
0 1593
0 1652
0 1753
0 1359
0 1807
0 1492
0 880
0 516
0 942
0 1573
0 2097
0 2191
0 1840
0 1694
0 1030
0 300
0 112
0 32
0 37
0 32
0 15
0 19
0 0
0 0
0 1
0 0
0 0
0 0
0 0
0 0
0 0
0 20
0 157
0 437
0 755
0 1098
0 1421
0 1769
0 1974
0 2202
0 2182
0 2066
0 1810
0 1680
0 1434
0 1303
0 1192
1 1137
0 854
0 645
2 341
1 350
0 231
0 157
0 218
0 462
0 643
0 529
0 444
0 424
0 117
0 57
0 9
0 0
0 15
0 19
0 13
0 18
0 55
0 135
0 237
0 310
0 292
0 323
0 278
0 189
2 117
2 224
5 300
6 517
4 358
3 242
2 860
3 1307
6 1565
2 1451
4 1186
6 1159
9 863
7 935
10 1163
6 1043
6 703
0 327
0 23
2 67
6 313
7 334
4 250
6 440
9 552
9 373
22 409
27 929
105 1212
236 1296
741 1132
1396 1053
2023 1026
2412 1008
2555 1225
2958 1167
2788 915
2752 599
2602 821
2183 1025
1727 1044
1137 974
393 562
468 157
793 199
575 284
312 216
492 664
597 1107
744 1380
814 1845
1023 2249
1162 2627
1412 2990
1325 3214
807 3305
714 3191
1327 3041
1416 3053
1359 2219
1109 1714
909 1756
697 1344
755 889
769 380
826 113
757 30
750 29
677 33
590 114
476 195
272 207
37 94
105 61
22 0
181 20
63 24
242 14
173 4
323 9
252 0
279 0
107 0
126 0
20 0
7 0
0 0
89 0
212 0
472 0
815 0
1149 0
1439 0
1688 1
1949 10
2195 86
2189 437
1853 732
1562 1101
1124 1269
980 1513
512 1749
359 1828
329 1971
214 1702
192 1460
178 1267
232 1048
208 884
195 633
129 245
27 158
21 307
147 327
183 287
250 139
264 40
346 146
417 464
424 551
490 536
544 452
827 329
876 165
877 57
838 6
808 28
665 51
692 123
596 283
694 193
406 154
38 482
408 672
583 693
699 679
750 550
1153 53
1201 285
1095 517
1001 565
1226 390
1352 135
1324 553
1478 777
1562 808
1621 571
1685 276
1592 201
1499 111
1506 117
1283 403
1094 687
886 872
576 902
410 812
223 542
94 218
130 10
242 10
445 12
400 28
458 15
428 19
545 3
496 2
662 15
581 38
721 49
692 2
842 0
822 309
920 560
780 664
712 559
903 442
1298 271
1577 117
1564 450
1561 938
1591 1120
1653 1208
1306 1237
955 1273
737 1234
498 1265
431 1050
803 765
1032 517
1254 393
1348 327
1416 290
1401 344
1538 594
1646 819
1916 1010
1917 1003
2041 782
1388 279
435 3
346 32
106 323
499 730
591 1171
638 1633
546 2162
348 1993
83 649
11 206
2 137
9 60
19 97
13 19
0 1
0 0
1 2
0 0
0 0
0 0
2 0
0 0
3 0
0 0
1 0
0 0
0 0
0 0
0 0
0 0
0 0
0 0
0 0
0 0
0 0
0 0
0 0
0 0
0 0
0 0
0 0
0 0
0 4
0 98
0 281
0 441
0 326
0 25
0 257
0 360
0 323
0 221
0 105
0 89
0 77
0 44
0 71
0 322
0 583
0 712
0 790
0 525
0 577
0 600
0 566
0 385
0 123
0 33
0 122
0 1
4 43
9 269
20 501
9 575
25 543
36 225
45 465
85 604
41 1205
45 1928
0 1995
13 2006
58 1841
29 1919
17 2075
3 1917
26 1701
0 1737
2 1155
5 1635
2 1960
3 2211
5 3076
1 3558
8 3248
6 2947
8 2774
2 3190
0 2793
1 2669
0 2426
0 2601
11 2563
0 2183
0 1829
0 1582
0 1381
7 1293
2 909
15 754
2 448
7 265
2 168
7 227
0 310
4 558
3 889
13 1163
2 1122
1 899
2 920
1 877
0 1042
12 843
3 820
0 559
0 380
0 300
0 114
0 129
0 240
0 266
0 225
0 245
0 242
0 364
6 409
24 329
8 383
12 512
0 409
0 121
0 50
0 100
0 84
0 87
0 77
0 77
4 49
0 22
0 0
0 0
0 1
0 3
4 12
0 26
0 15
0 9
0 21
0 43
1 163
0 255
14 295
0 203
132 134
84 93
280 27
493 103
907 22
1093 94
1349 416
1390 1004
999 1750
216 2399
81 2965
503 3004
1216 2877
1473 2701
593 2411
168 1988
197 1594
29 1320
3 1262
77 1416
82 1780
58 1554
18 770
142 1783
503 2410
570 2239
439 2129
221 1493
24 819
80 701
32 1338
46 1706
15 2298
18 2743
36 2730
57 2302
120 2106
537 2421
861 1934
1320 1298
1537 485
1753 134
1857 500
2221 281
2311 195
2403 287
2309 503
2321 352
2262 263
1979 197
1803 70
1816 0
1785 24
1726 19
1939 3
1913 33
1716 8
1402 66
1334 387
1268 1095
1532 1637
1613 2060
1710 2440
1594 2389
1709 1410
1620 1243
1603 1604
1524 1353
1455 1401
1392 1597
1339 1421
1095 861
1051 595
796 629
865 925
715 1331
807 1402
358 1256
389 594
456 562
687 353
941 308
902 539
770 1072
199 1074
141 820
673 321
977 179
1061 69
981 60
909 40
765 165
620 367
452 462
301 541
147 523
104 533
106 429
142 281
177 52
103 12
179 0
124 0
122 10
30 0
2 10
102 3
61 11
239 2
88 17
91 7
0 226
0 476
2 902
0 1316
0 1129
0 497
0 746
4 614
0 337
0 410
4 691
0 958
0 1354
0 1345
0 1106
0 1470
0 1992
0 1181
0 677
0 1347
0 1564
34 1365
42 866
45 678
36 315
5 252
0 238
0 398
0 363
0 174
0 148
0 57
0 0
0 0
0 0
2 2
22 2
45 10
44 2
60 3
10 13
8 2
0 2
0 0
0 13
0 0
8 6
1 3
5 5
43 11
42 0
6 5
5 2
0 0
1 8
4 10
8 10
5 29
1 3
0 29
0 30
5 68
0 323
0 470
0 585
35 661
47 667
9 587
0 593
9 380
4 272
3 154
14 26
31 45
70 154
16 149
34 194
0 235
0 314
0 393
0 481
17 518
14 617
19 936
0 1140
2 1148
0 908
1 651
0 538
0 483
0 394
0 380
0 367
1 591
0 796
0 753
0 862
0 928
12 940
109 896
135 799
85 1172
48 1379
0 811
20 259
1 349
10 340
25 169
4 73
8 23
8 9
0 86
0 230
10 278
30 224
8 234
20 222
1 208
11 219
2 183
11 130
14 53
11 9
34 0
65 7
10 13
41 110
0 126
0 112
0 94
0 158
0 302
39 315
6 429
21 818
25 1759
0 2597
2 2789
15 2599
0 1936
0 887
0 2198
0 2355
1 1772
21 942
135 999
41 1377
16 1471
0 1279
90 1101
47 748
53 855
0 1348
0 1462
5 1695
43 2158
70 2128
70 775
34 860
7 740
0 755
0 1070
0 1604
0 1547
0 2063
0 2723
1 3158
6 3490
8 3574
13 3462
16 3609
13 2844
11 2181
7 1694
3 1357
3 1246
8 1567
19 2197
45 2660
58 2806
26 2933
21 2509
19 2024
68 1846
86 2018
50 2272
2 1921
4 1485
0 895
0 1747
0 2241
0 1835
0 1351
0 1687
0 2081
0 2366
0 2002
1 395
0 322
0 529
0 725
0 159
0 37
0 116
0 79
0 9
0 0
0 0
0 0
0 0
0 0
0 0
0 4
0 0
0 0
0 0
0 5
0 0
0 6
0 0
0 0
0 0
0 0
0 0
0 6
0 0
0 0
0 5
0 0
0 1
0 3
0 0
0 0
0 0
0 1
0 0
0 0
0 0
0 0
0 0
0 0
0 0
0 0
0 0
0 0
0 0
0 0
0 0
0 0
0 5
0 0
0 0
0 0
0 0
0 0
0 0
0 0
0 0
0 0
0 3
0 0
0 0
0 0
0 0
0 1
0 1
0 0
0 0
0 3
0 0
0 0
0 0
0 0
0 0
0 12
0 0
0 3
0 0
0 1
0 0
0 0
0 0
0 0
0 3
0 0
0 0
0 2
0 9
0 0
0 0
0 2
0 20
0 8
0 0
0 0
0 0
0 0
0 0
0 0
0 0
0 0
0 0
0 0
0 0
0 0
0 0
0 0
2 0
2 23
0 141
0 393
0 626
0 1034
3 1341
0 1373
0 1306
0 1229
0 1147
0 1316
0 1489
0 1284
0 1175
0 867
0 455
0 376
0 316
11 374
3 468
0 467
0 220
4 37
0 1
0 219
0 485
0 820
0 982
0 1509
0 1983
0 1915
0 1759
0 1751
0 1471
0 1182
4 1000
1 1158
2 816
4 868
7 1041
22 993
6 1115
4 1337
0 1680
1 1679
0 1864
0 1873
0 2004
0 2390
0 2146
0 1606
0 1452
4 1122
14 84
0 195
0 416
0 427
0 259
0 102
0 122
0 115
0 127
0 258
0 190
0 91
0 89
0 104
0 56
0 82
0 64
0 64
0 53
10 20
84 13
491 50
769 75
1129 175
1529 323
1873 533
1933 825
1822 1128
1687 1409
1448 1484
1032 1513
752 1390
669 1193
518 918
295 296
201 722
133 925
137 827
79 426
80 77
61 123
34 437
67 1033
67 1461
82 1672
86 1614
148 1607
166 1650
199 544
217 326
264 61
445 103
776 125
1112 51
1219 34
1530 35
2108 45
2085 0
2191 0
2167 12
2125 0
1969 4
1812 0
1587 2
1493 0
1415 0
1410 0
1254 0
1093 2
818 44
527 20
4 79
54 159
292 288
141 481
34 686
0 891
0 994
12 1125
0 1369
0 1423
0 1517
0 1706
6 1811
0 1840
0 1680
0 1458
0 639
0 440
0 679
0 542
15 116
14 58
122 72
123 76
201 21
80 276
119 422
8 371
7 190
0 270
0 500
0 375
0 110
0 142
0 560
0 616
0 408
0 109
1 68
0 245
0 375
0 219
0 311
3 610
0 727
0 777
5 633
0 561
0 824
0 669
0 719
0 1043
0 788
4 1157
0 1943
0 2566
0 2885
5 3038
0 2913
0 2676
0 889
0 335
0 271
0 543
0 226
0 18
0 9
0 5
0 4
0 5
15 0
2 1
9 7
0 1
0 0
0 0
0 7
0 3
4 2
0 0
11 0
0 0
3 0
0 0
0 0
0 0
0 1
12 21
0 9
0 0
0 2
0 0
3 1
0 0
0 0
0 0
0 0
5 0
0 0
0 0
0 0
0 0
7 0
1 0
20 0
6 0
3 0
0 0
0 0
0 0
0 0
0 1
0 0
0 0
4 0
9 0
0 0
5 5
0 7
0 16
1 9
0 6
3 6
5 0
23 22
2 3
9 2
0 11
0 10
0 115
0 4
0 0
0 0
0 11
0 2
0 8
0 0
1 0
12 0
52 2
4 0
16 0
1 2
51 0
11 0
62 1
5 0
10 0
1 0
14 0
1 4
53 0
5 0
0 0
0 0
0 0
1 0
0 0
0 5
0 0
0 0
0 0
0 0
0 0
0 0
0 0
0 0
0 0
0 0
0 0
0 0
0 0
0 0
0 0
0 0
0 0
0 0
0 0
0 0
0 0
0 0
0 0
0 0
0 0
0 0
0 0
0 0
0 0
0 0
0 0
0 0
0 0
0 0
0 0
0 0
0 0
0 5
0 1
0 1
0 50
0 55
0 33
0 12
0 3
0 0
0 0
0 0
0 0
62 0
407 0
848 0
1118 44
1612 261
1847 685
2315 1282
2415 1549
2587 1594
2617 1632
2757 1681
2724 1564
2988 1172
2925 303
2575 1020
1862 1722
1653 1336
1159 748
1226 1029
1078 953
1017 761
883 901
627 949
358 778
211 666
321 900
224 1239
228 1382
150 1300
254 726
236 1043
299 1726
213 1776
238 1646
178 1179
127 457
139 921
196 1420
56 1537
42 1160
0 696
5 215
0 459
0 1140
0 1302
0 1392
13 1356
14 1321
4 1076
1 1012
7 866
11 719
2 712
2 1461
5 1786
4 1699
4 1207
2 360
0 833
0 1229
0 1209
0 1397
0 1271
0 1277
0 1129
0 780
0 102
0 651
0 1154
0 1312
0 1178
0 1076
0 834
0 492
0 303
0 719
0 1361
0 1517
0 1516
0 1654
0 1748
0 1463
0 1015
2 790
4 1454
8 1749
4 1480
6 1014
2 627
2 907
0 1546
0 1878
0 1846
0 1740
0 1703
0 1454
0 1822
0 1848
0 1269
0 801
0 780
0 910
0 947
0 810
0 745
0 302
0 38
0 69
0 248
0 64
0 3
0 49
0 43
0 0
0 7
0 0
0 0
0 4
0 15
0 0
0 0
0 0
0 9
0 634
0 889
0 767
0 758
0 856
0 1174
0 696
0 197
0 287
0 1065
0 941
0 717
0 195
0 259
0 422
0 528
0 694
0 634
0 685
0 603
0 276
0 135
0 53
0 84
0 139
0 86
0 13
0 80
0 67
0 154
0 336
0 208
0 28
0 1
0 172
0 73
0 84
0 0
0 0
0 10
0 0
0 0
0 0
0 0
0 0
0 13
0 0
0 11
0 23
0 2
0 6
0 7
0 1
0 3
0 23
0 23
0 0
0 9
0 3
0 0
0 0
0 0
0 0
0 0
0 0
0 0
0 0
0 0
0 0
0 0
0 0
0 21
0 104
0 328
0 603
0 720
0 798
0 944
0 1094
0 1683
0 2080
0 2358
0 2412
0 2358
0 1833
0 1517
0 1234
0 866
0 742
0 856
0 285
0 77
20 662
104 1006
20 1632
0 2018
5 2389
41 2935
75 3201
112 1772
101 1403
62 615
29 499
31 427
20 101
91 79
68 34
38 88
66 20
29 11
29 0
3 77
0 27
0 16
5 0
11 0
19 0
6 4
0 0
0 0
0 0
0 0
0 0
0 0
0 0
0 0
0 0
15 0
4 0
7 2
0 0
0 0
0 0
0 0
0 0
0 0
15 1
2 0
0 0
0 0
0 0
0 0
0 0
0 0
0 0
0 0
0 0
0 0
0 0
0 0
0 0
0 0
0 0
0 0
0 0
0 0
0 0
0 0
0 0
0 0
0 44
0 251
0 481
0 831
4 1342
0 1756
0 2060
0 2323
0 2544
0 2560
0 2731
0 3026
0 2745
0 1615
0 1710
0 1603
0 1449
0 1089
7 856
15 2270
19 2784
13 2576
4 1829
0 2385
0 3033
0 2359
0 3026
7 2537
15 1803
7 2314
9 3490
10 3299
9 2148
11 1715
4 1362
15 2638
1 3922
0 4264
0 4146
0 3520
0 2765
0 2381
0 2287
0 1951
0 1372
0 681
0 152
0 100
0 51
0 75
0 46
0 133
0 62
0 157
0 196
0 176
0 93
0 32
0 14
0 83
0 89
0 80
0 50
0 24
0 13
0 0
0 0
0 3
0 184
0 631
0 1360
0 1516
0 1327
0 1157
0 1061
0 1174
1 1574
0 1739
0 1990
0 2303
0 2103
0 1812
0 1345
0 799
0 537
0 527
0 407
0 365
0 191
0 71
0 31
0 71
0 5
0 26
0 32
0 162
0 644
0 1102
0 1450
0 1638
0 1809
0 1997
0 1779
4 952
0 608
0 1436
0 1596
0 1394
0 988
0 1337
0 1713
0 1859
0 1361
0 1031
0 470
1 153
0 251
0 256
0 227
0 129
0 18
0 23
0 0
0 21
0 0
0 0
0 0
0 0
0 0
0 0
0 0
0 0
0 0
0 0
0 0
0 1
0 0
0 0
0 1
0 0
0 6
0 0
0 0
0 0
0 20
0 431
0 846
0 1020
0 960
0 1010
0 1474
0 1939
0 1991
0 2113
0 2243
0 2321
0 2045
0 2096
0 1973
0 1691
0 1247
0 345
0 553
0 864
0 1175
0 1317
0 1276
0 1345
0 1406
0 1554
0 1779
0 2001
0 1911
0 1483
4 1596
3 1373
7 1364
11 831
4 848
2 1458
0 1559
4 1647
0 1739
6 1841
0 1853
0 924
0 291
0 215
0 381
0 184
0 10
0 0
0 2
0 0
0 0
0 0
0 0
0 0
0 0
0 2
0 0
0 2
0 0
0 0
0 0
0 0
0 0
0 0
0 0
0 0
0 0
0 0
0 0
0 0
0 0
0 0
0 0
0 0
0 0
0 0
0 0
0 0
0 1
0 0
0 0
0 0
0 0
0 0
0 0
0 0
0 0
0 3
0 0
0 0
0 0
0 0
0 0
0 0
0 0
0 0
0 0
0 0
0 0
0 0
0 0
0 0
8 0
0 0
3 0
10 0
0 0
0 0
0 0
0 0
0 0
0 0
0 0
0 12
0 0
0 2
0 3
2 2
0 0
0 20
0 12
0 0
0 7
0 11
0 2
3 0
0 4
0 16
0 4
1 0
2 0
14 1
3 60
0 379
0 1065
0 1606
0 1875
0 2022
0 2233
0 2436
0 2893
10 2679
6 2343
10 1656
4 1110
5 800
0 981
6 968
4 859
15 658
7 256
17 350
32 756
69 1031
234 1400
280 1736
372 1973
635 1942
748 1812
869 1675
951 1444
988 967
976 1696
1051 1703
1073 1444
1235 1157
1130 1142
1045 1248
809 1800
858 1980
1117 2049
959 2432
1005 2670
966 2321
1059 823
816 498
844 247
797 279
936 208
989 25
1248 12
1270 16
1660 53
1587 9
944 20
459 20
188 0
268 5
341 0
324 0
185 0
27 7
0 14
0 0
25 1
0 0
0 0
0 0
0 0
0 0
0 0
0 0
0 0
0 0
0 0
0 88
0 550
0 1235
0 1683
0 1993
4 2203
0 2149
2 1940
0 1831
0 1843
0 1531
0 1374
0 494
0 1042
4 918
0 575
0 251
0 430
0 444
0 756
0 1168
0 1222
1 1155
15 1095
17 1183
17 1271
0 1499
5 1584
5 1664
13 1900
12 1636
8 1057
13 677
10 970
8 1713
6 2374
0 2217
0 2240
0 1976
0 1830
0 2216
2 2286
0 1394
0 423
0 244
0 287
0 377
0 60
2 45
13 2
33 2
17 13
55 75
2 0
4 33
1 8
0 0
21 0
1 0
16 20
29 7
3 24
3 61
0 239
0 208
0 244
0 19
0 1
0 10
0 50
0 84
0 13
0 5
0 3
0 4
0 0
0 0
0 0
0 0
0 0
0 0
0 0
0 0
0 0
0 0
0 0
0 1
0 0
0 0
0 0
0 0
0 0
0 0
0 0
0 0
0 0
0 0
0 0
0 0
0 0
0 0
0 0
0 0
0 0
0 0
0 0
0 0
0 0
0 0
0 0
0 0
0 0
0 0
0 0
0 0
0 0
0 0
0 0
0 5
0 45
0 313
0 707
0 1216
0 1684
0 1766
0 1061
0 1356
7 1993
0 2285
0 3245
0 4272
0 4907
0 4923
1 4740
0 4226
0 3509
0 2637
0 2063
0 1981
0 2703
1 3114
0 2910
0 2272
1 2162
0 1734
11 1810
11 1675
0 1662
36 1249
13 1051
14 743
27 574
59 483
20 391
166 397
171 449
406 463
228 265
355 588
277 955
263 1145
119 1315
180 1451
25 1904
68 2150
14 2618
15 3322
1 3933
1 4305
123 4693
96 4867
296 5024
206 5167
410 5274
380 5304
448 5386
335 4949
716 4581
659 4016
836 3091
831 2597
1051 2017
1060 1730
1155 1596
1055 1349
1116 836
1026 631
1091 585
1029 538
1075 460
890 476
890 340
477 283
5 263
316 218
501 233
801 226
748 293
775 449
637 499
840 389
764 82
918 167
804 67
1004 169
730 144
859 92
834 173
1046 90
893 132
1054 193
1108 217
1525 284
1555 250
1855 315
1845 234
1849 136
1689 82
1716 98
1606 109
1602 44
1463 8
1428 2
1287 179
1338 236
1419 211
1438 1
1581 82
1610 0
1521 9
1292 2
1127 0
1168 9
1345 1
1449 0
1348 0
1361 0
1466 0
1569 0
1495 2
1508 0
1354 18
1523 2
1476 9
1785 92
1927 367
1791 498
1359 808
884 1221
464 1499
309 1441
226 1090
231 1261
175 423
217 73
245 239
93 397
181 399
156 484
161 512
96 463
54 266
18 159
32 178
0 113
17 16
3 188
11 214
0 162
0 108
0 239
3 247
0 66
0 96
0 150
0 383
0 520
0 625
0 750
0 1009
0 1070
0 890
0 583
0 389
0 148
0 98
0 133
0 67
0 121
0 31
0 1
0 0
0 3
0 14
0 0
0 0
0 0
0 0
4 0
13 37
0 156
0 155
0 572
0 1022
0 1301
0 1000
0 1304
0 1571
0 1588
17 1423
0 1015
12 880
0 600
19 675
0 874
6 1141
0 1419
3 1524
0 1634
4 953
5 410
5 243
25 380
8 458
13 389
1 353
17 237
2 46
0 76
2 49
3 3
0 75
0 127
0 151
0 237
0 180
0 137
0 93
0 210
0 386
0 1173
0 2160
0 2502
0 2713
2 2505
4 2417
5 2393
12 2481
4 2447
8 2569
7 2733
6 3497
3 3958
2 4048
1 4254
2 4207
2 4464
5 4857
4 4838
10 4650
4 4586
9 4461
11 4209
16 3908
11 3626
12 3377
9 2862
15 2748
16 2013
18 1825
15 1857
10 1800
8 1846
4 1735
4 1767
5 1718
7 1559
1 1414
0 943
6 1234
10 1293
15 1504
20 1829
19 2216
29 2467
23 2418
20 2473
19 2423
20 2260
36 2372
22 3276
15 4117
21 4740
26 5054
25 5310
23 5661
14 5523
14 5569
24 6160
27 6365
4 6342
7 7074
11 7670
21 8030
25 8484
12 8270
7 7169
2 6131
2 4275
2 3595
0 3948
3 4177
1 3625
1 3386
2 4237
2 4589
5 4915
6 4480
13 3735
3 3219
15 3091
13 2723
16 2661
9 2842
4 2654
0 2541
8 2949
13 3306
10 3535
2 3391
1 3053
0 2448
0 2254
5 2311
0 3186
0 2853
0 2121
0 1653
0 1660
0 1631
0 1904
0 1971
1 2192
0 2631
0 2704
0 3401
0 3633
5 3511
12 3479
6 3467
8 3705
3 3099
1 2798
0 3076
0 3293
1 3171
3 3317
8 3441
12 3344
10 2427
2 1788
2 1390
0 1272
0 1011
0 1092
1 1106
0 1784
2 1683
0 1536
1 1424
0 1195
0 1230
0 1753
6 2329
0 2558
19 2631
19 2434
12 1932
1 1813
0 1403
22 1225
27 709
35 752
74 1569
46 2082
6 1927
52 1684
120 1706
77 1210
133 739
198 483
308 657
558 950
813 1113
918 1379
878 1691
908 1859
925 2195
995 1538
1070 1678
1228 1580
1262 1652
1019 1742
798 1683
889 1709
1075 1246
1172 990
1517 961
1660 1274
1833 1199
1810 1889
1847 1816
1718 2050
1559 1717
678 1308
515 1258
664 1177
459 893
566 843
608 790
637 889
1020 1174
1249 1161
1444 1072
1442 980
1539 834
850 734
1824 535
1778 708
1791 685
1938 547
2003 466
2110 343
1986 490
2005 423
1530 316
548 381
1358 257
1609 375
1892 576
1341 819
1308 783
855 618
869 466
773 328
1073 400
1222 309
1711 250
1693 217
1534 252
1272 117
1343 224
1181 218
1076 49
682 43
463 110
457 218
174 225
130 43
171 189
183 181
233 338
141 375
400 402
434 767
715 640
893 416
1193 235
1081 234
1270 283
1088 256
1263 133
1023 179
1017 43
968 10
991 253
702 419
689 820
829 753
1030 1042
948 1273
605 1116
358 1249
191 1059
263 1032
505 1193
488 779
215 231
59 127
0 232
24 429
107 695
36 618
12 839
0 945
0 1536
3 1381
6 1331
0 1261
0 1305
0 925
2 914
0 943
0 435
0 192
0 186
0 146
0 75
0 97
0 91
0 96
0 338
0 290
0 248
0 340
0 631
0 804
0 837
1 461
0 423
0 447
0 370
0 382
0 381
0 137
0 17
0 5
0 39
0 0
0 18
0 32
0 24
0 37
0 73
0 64
0 118
0 361
0 537
0 832
0 1113
0 1384
0 1634
0 2081
0 1330
0 1248
0 1389
0 1455
0 980
0 921
0 900
0 1044
0 1077
0 736
0 705
0 625
0 323
0 268
0 336
0 254
0 114
0 23
0 27
0 13
0 53
0 6
0 71
0 153
0 247
0 171
5 171
1 126
34 44
23 51
0 85
8 0
47 45
25 3
47 26
10 11
18 16
21 5
35 51
6 38
0 219
0 66
64 89
37 0
19 29
0 16
0 108
0 260
3 469
52 1182
55 1678
59 1634
51 1239
34 1156
20 1006
14 1252
11 1192
27 1575
32 1793
36 1389
28 527
45 322
34 492
23 841
14 883
0 1071
0 920
5 662
0 1018
0 1275
0 1195
0 1238
0 923
7 453
0 242
0 222
0 321
0 307
0 104
12 36
0 18
0 11
0 38
0 46
0 87
0 154
1 224
0 442
0 465
0 517
2 743
0 1310
0 1033
0 985
0 1168
0 1102
0 1190
0 1417
0 1386
0 1354
1 1658
0 1824
8 2014
7 2009
0 2035
0 2037
0 2225
0 2024
0 2014
0 2196
0 1693
0 1019
0 1021
1 1245
1 1639
15 1660
2 1744
18 2469
13 2561
11 2224
5 2300
11 2292
3 2490
5 2803
9 3002
7 2789
4 2851
5 3399
1 3169
8 3181
12 3061
4 2840
23 2556
0 1593
32 1305
7 1497
13 1846
2 1962
0 2338
1 2287
3 2196
2 1712
2 1096
1 801
0 493
2 889
0 1104
0 796
0 754
0 389
0 687
2 756
3 764
1 808
0 667
0 398
1 283
2 423
4 646
5 1131
4 1195
3 1132
2 712
0 419
1 411
0 458
0 630
1 455
1 295
0 291
1 525
0 596
0 430
0 360
0 527
0 828
0 727
0 591
0 611
0 627
0 497
0 419
0 306
0 196
0 136
0 533
0 915
0 1151
0 1175
0 877
0 507
0 284
0 219
0 117
0 342
0 315
0 233
0 439
0 568
0 681
0 608
0 483
0 463
0 456
0 545
0 687
0 599
0 290
0 64
0 215
0 372
0 455
0 631
0 658
0 755
0 614
0 529
0 619
0 312
0 443
0 256
0 72
0 137
0 154
0 5
0 107
0 28
0 55
0 23
0 185
0 589
0 935
0 1061
0 1092
0 750
0 371
0 245
0 232
0 145
0 53
0 3
0 8
0 48
0 75
0 62
0 140
0 178
0 214
1 239
0 287
0 372
0 573
0 721
0 990
0 1117
0 1114
0 884
0 898
0 992
0 955
0 305
0 207
0 176
0 213
0 313
0 394
1 455
0 467
0 578
0 679
0 680
0 818
0 887
0 860
0 876
0 783
0 913
0 955
0 1114
0 1090
0 763
0 910
0 1023
0 1025
0 823
0 701
0 434
0 216
0 100
0 133
0 78
0 205
0 117
0 153
0 370
0 491
3 605
4 849
3 906
5 1226
4 1132
2 930
2 822
1 835
2 901
5 793
10 785
9 632
4 960
8 1275
8 1329
10 1405
9 1085
7 911
1 845
0 552
0 628
0 652
1 910
2 1445
0 1932
0 2061
2 2595
3 3504
4 3687
18 3410
8 3263
9 2940
8 2675
4 2296
3 1872
3 1839
0 1627
1 1486
7 1756
4 1518
4 1728
5 1417
7 1649
11 1714
7 1911
5 1899
7 2517
10 2994
8 3521
11 3328
8 2960
8 2767
7 3094
9 3482
8 4071
6 4333
5 4723
3 4652
8 4975
6 5407
1 5670
0 4795
0 3742
0 3871
0 3541
0 3161
0 2492
0 2158
0 2441
0 2561
0 2183
0 1761
0 1005
0 753
0 649
0 431
0 487
0 571
0 478
0 313
0 253
0 250
0 303
0 283
0 294
0 183
0 55
0 15
0 41
0 0
0 0
0 8
0 22
0 8
0 9
0 18
0 30
0 36
0 38
0 21
0 22
0 13
0 6
0 6
0 1
0 0
0 11
0 8
0 0
0 11
0 21
8 12
58 61
82 1
69 4
84 12
89 42
80 3
54 4
45 16
36 41
6 4
10 8
11 5
22 26
0 13
0 1
0 11
0 0
0 0
0 0
0 0
0 0
0 0
0 0
0 0
0 0
0 0
0 8
0 5
0 0
0 0
0 0
0 0
0 5
0 0
0 0
0 0
0 0
0 0
0 0
0 0
0 0
0 4
0 6
0 0
0 0
0 0
0 0
0 0
0 0
0 0
0 0
0 1
0 0
0 18
0 0
0 13
0 0
0 0
0 2
0 2
0 19
0 56
0 93
0 107
0 2
0 0
0 0
0 0
0 9
0 3
0 1
0 0
0 0
0 14
0 8
0 40
0 4
0 7
0 37
0 3
0 2
0 16
0 79
0 72
0 22
0 101
0 68
0 19
0 6
0 0
0 0
0 4
0 0
0 3
0 12
0 8
0 3
0 0
0 8
0 50
1 1
0 6
0 0
0 6
0 1
0 0
0 25
0 25
42 5
74 2
53 12
139 5
128 2
164 0
108 1
257 0
252 0
636 2
778 3
1348 6
1270 5
1420 4
1396 8
1514 15
1444 16
1448 14
1385 11
1373 5
991 6
746 2
558 2
457 0
519 0
477 0
510 0
441 2
504 0
437 3
699 0
543 89
575 381
481 851
409 1618
371 2106
352 2651
251 2649
329 2618
996 2567
1301 3265
1491 3675
1527 3831
1654 4362
1648 4420
1960 4349
2316 4118
2458 4159
2471 4178
2453 4362
2310 4539
2216 4463
2045 3827
1756 2831
1259 2577
1081 1831
1288 1587
1487 1387
1579 1356
1458 1517
1149 1904
545 1989
371 1846
265 1927
291 1897
300 2003
442 1806
442 1580
543 1801
321 1462
192 1006
75 646
21 580
10 609
38 374
77 721
104 1851
124 2608
162 2819
119 2169
43 698
31 1472
20 2252
2 2326
26 2097
88 1214
69 92
82 414
85 514
118 565
88 548
38 626
5 1113
8 1434
77 1280
60 1208
70 1090
118 695
77 582
43 643
22 679
7 760
7 705
10 521
35 599
46 615
3 717
67 700
50 631
71 465
70 119
119 73
79 46
27 69
3 76
11 194
32 174
21 185
102 267
23 369
66 440
55 191
68 99
104 80
170 47
165 26
97 32
106 79
128 48
151 44
154 27
149 15
81 113
85 64
80 11
79 23
37 24
17 5
52 14
89 60
12 239
1 533
1 760
0 850
0 706
0 772
0 772
2 981
4 871
17 859
26 877
21 921
14 753
2 627
0 657
0 472
0 172
7 90
6 40
43 80
44 74
28 9
72 9
142 18
138 0
103 22
106 0
161 0
119 17
100 0
65 0
92 0
36 0
7 3
182 16
249 120
196 310
39 560
147 951
43 1494
3 1590
0 1921
1 2057
27 2503
3 2848
21 2084
6 1595
18 1844
5 2479
5 2274
5 1752
9 1253
4 1747
15 2606
2 3248
10 3474
3 3621
2 3933
4 4340
4 4613
22 5054
60 5506
29 5939
3 6367
5 6777
11 6719
15 6505
29 6300
52 6018
124 5686
158 5345
175 5228
272 5427
266 5291
326 5027
331 4884
297 4768
267 4536
239 4430
99 4293
141 4412
130 4028
74 3926
79 3591
44 3393
88 2964
51 2546
136 2071
195 1627
153 1027
161 1110
235 1230
132 1663
40 1695
35 1854
14 2121
55 2594
17 3423
33 4265
44 4728
29 4693
29 4517
18 4117
23 4210
17 4013
30 4505
100 4829
86 5438
127 5944
232 6469
164 6631
208 6941
205 7172
183 7055
135 6894
125 6288
67 6283
138 6186
70 5765
103 4521
85 3980
289 3983
294 4058
671 3544
964 2774
1434 2575
1610 2513
1785 2501
2085 2448
2064 2124
1947 1918
1801 1543
1787 1472
1558 1436
1125 1070
1054 633
967 1040
700 2204
520 2727
562 2947
487 3302
508 3234
519 2715
450 1710
262 357
163 362
224 691
48 743
93 445
50 211
66 4
93 0
83 32
140 77
108 3
100 0
127 0
107 0
105 2
57 2
24 0
0 0
0 0
0 1
0 0
0 0
0 0
0 0
0 0
0 0
0 0
0 0
0 0
0 0
0 0
0 0
0 0
0 0
2 1
0 0
0 0
2 0
0 0
0 0
0 0
0 0
0 0
0 0
0 0
0 0
0 0
0 0
0 0
0 0
0 204
0 1038
0 1358
0 1495
0 1331
0 927
0 506
0 343
0 308
0 705
0 1068
0 2078
0 2545
0 1681
0 2360
0 2305
0 1748
0 1296
0 1517
0 1797
0 1557
0 1095
0 361
0 228
0 387
0 453
0 541
0 510
0 609
0 607
0 1303
0 2129
0 2886
0 2790
20 1890
1 1265
0 986
0 708
3 517
18 189
30 82
61 85
0 45
3 58
1 31
0 0
0 0
21 35
108 127
31 178
18 189
3 357
0 551
0 732
0 1032
1 1327
0 1539
0 1547
0 1834
1 2227
0 2446
0 2657
0 2846
0 3403
1 3784
0 4475
0 5564
0 6064
9 6098
2 5519
2 3922
3 3092
0 2960
0 2755
0 2278
0 1851
0 1519
0 1212
0 769
0 504
0 318
0 287
0 139
0 233
0 262
0 347
0 596
0 813
0 1051
0 1085
0 935
0 897
0 1001
0 1131
0 1332
0 1529
0 1500
0 1529
0 1490
0 1277
0 1165
0 993
0 890
0 769
0 408
0 189
0 94
0 106
0 189
0 335
0 537
0 663
0 915
0 1154
0 1286
0 1553
0 1733
0 1521
0 858
0 868
0 1416
0 1648
0 1364
0 814
0 463
0 523
0 499
0 527
0 644
0 535
0 334
0 220
0 525
0 658
0 626
0 394
0 508
0 319
0 183
0 87
0 107
0 155
0 166
0 98
0 51
0 79
0 298
0 705
0 905
0 1236
0 1164
0 906
0 1077
0 959
0 499
0 142
0 434
0 159
0 57
0 290
0 171
0 1
0 35
0 188
0 459
0 614
0 210
0 634
0 859
0 876
0 709
0 708
0 578
0 193
0 217
0 385
0 297
0 45
0 20
0 32
0 70
0 143
0 327
0 353
0 141
0 385
0 173
0 315
0 589
0 512
0 296
0 69
0 23
0 31
0 291
0 546
0 274
0 439
1 699
0 612
0 523
0 181
1 218
7 474
1 645
31 754
32 790
103 877
121 1138
158 1238
147 952
206 1290
204 1265
203 1092
230 733
237 376
231 230
222 266
160 218
157 176
81 115
21 16
0 10
0 108
7 266
42 581
38 817
9 993
0 1051
0 1094
0 1101
3 967
2 713
16 390
9 911
8 1147
7 948
6 1087
4 1365
0 1245
1 958
1 425
0 150
0 361
0 293
0 10
0 3
0 10
0 0
0 0
0 0
0 0
0 0
0 0
0 0
0 0
0 0
0 0
0 0
0 0
0 0
0 0
0 2
0 43
0 377
0 604
0 1055
0 1328
0 1813
0 2036
0 1897
0 1926
0 2003
0 1620
0 1027
5 227
6 594
0 1108
3 1398
3 1565
6 1345
7 1578
10 1828
5 1525
4 2121
5 2317
1 2264
0 1720
0 1078
0 851
0 568
0 467
0 246
0 50
0 295
0 574
0 823
1 1241
0 1659
0 1854
0 1950
0 1781
0 1598
0 1288
0 820
0 742
0 1267
0 1138
0 490
0 562
0 771
0 928
0 1200
0 1479
0 1816
0 1637
0 608
0 751
0 887
0 658
0 765
2 601
5 752
6 844
3 736
1 412
0 66
0 243
0 270
0 345
1 471
3 690
2 814
2 719
1 598
0 367
1 290
5 331
11 340
7 543
3 637
0 907
0 975
0 1022
0 687
0 435
0 85
0 155
0 156
0 65
0 0
0 4
0 18
0 3
0 0
0 0
0 0
0 0
0 0
0 3
0 0
0 0
0 0
0 0
0 0
0 0
0 0
0 0
0 0
0 0
0 0
0 0
0 0
0 0
0 0
0 0
0 0
0 0
0 0
0 0
0 0
0 0
0 0
0 0
0 0
0 0
0 0
0 0
0 0
0 0
0 0
0 0
0 0
0 0
0 0
0 0
0 0
0 0
0 0
0 0
0 0
0 0
0 0
0 0
0 0
0 0
0 0
0 0
0 0
0 2
0 0
0 0
0 0
0 0
0 0
0 0
0 0
0 0
0 0
0 0
0 0
0 0
0 0
0 0
0 0
346 2
0 0
0 0
0 0
0 0
0 0
0 0
0 0
0 0
0 2
0 24
0 169
0 246
0 373
0 516
0 483
0 484
0 569
0 541
0 510
0 367
0 685
0 609
0 492
0 225
5 131
21 68
57 14
121 164
169 301
129 256
24 155
10 7
2 3
4 5
0 0
2 3
0 8
0 0
0 1
0 29
0 128
0 240
0 376
0 560
0 955
0 1305
0 1318
0 1173
0 595
0 1128
0 1227
0 1107
0 957
0 912
0 829
0 825
1 866
1 1238
4 1357
2 1156
2 612
0 717
0 1035
0 1061
0 926
0 669
1 1099
0 1193
0 1124
0 1075
0 697
0 670
0 754
0 577
0 136
0 220
0 253
0 281
0 208
0 94
16 21
32 27
34 25
22 58
33 10
22 37
26 15
31 4
49 24
46 102
16 139
70 225
44 335
119 435
97 673
133 638
121 759
107 696
10 514
0 1287
0 1392
0 1322
3 877
10 1268
30 1554
39 1309
0 675
0 1711
0 1706
0 275
0 1404
0 1064
26 782
2 878
1 774
0 324
0 342
0 486
0 570
0 200
0 159
0 12
0 0
0 2
0 45
0 6
0 0
0 0
0 0
0 0
0 0
0 0
0 0
0 0
0 0
0 0
0 0
0 0
0 0
0 0
0 0
0 0
0 0
0 0
0 0
0 67
0 451
0 875
0 1101
0 1111
3 613
6 959
7 1177
3 206
10 1376
9 1267
3 145
3 1133
3 1366
0 1226
0 937
0 692
0 491
0 400
0 264
0 101
0 30
0 6
0 0
0 3
0 33
0 0
0 0
0 11
0 2
0 0
0 0
0 0
0 0
0 0
0 0
0 0
0 0
0 0
0 0
0 0
0 0
0 0
0 0
0 0
0 0
0 0
0 0
0 0
0 0
0 0
0 0
0 0
0 0
0 0
0 0
0 0
0 0
0 0
0 67
0 299
0 456
0 546
0 703
0 756
0 837
0 986
0 1029
3 413
1 674
0 933
0 820
0 385
0 48
1 165
2 430
2 747
0 1065
0 984
0 774
0 549
0 170
0 81
0 11
0 24
0 87
0 76
0 57
0 44
0 3
0 3
3 0
0 0
7 0
0 0
0 0
0 0
0 0
0 0
0 0
0 0
0 0
0 0
0 0
0 0
0 0
0 0
0 0
0 0
0 0
0 0
0 0
0 0
63 4
128 0
280 6
325 4
321 3
454 9
520 8
730 18
994 20
1166 3
1309 0
1450 0
1539 0
1694 0
1808 0
2002 0
1853 0
1745 0
1808 0
1775 0
1960 0
1910 0
1767 0
1908 0
1741 0
1884 0
853 0
872 0
782 0
731 0
688 0
851 0
882 0
1092 1
852 0
1113 7
895 132
918 248
488 303
414 412
296 429
447 331
480 513
396 688
877 833
896 1015
1218 1172
1345 1180
1716 1483
1961 2059
2373 2352
2212 2219
2326 2221
2266 2361
2452 2239
2186 2063
2267 1869
2190 1473
1983 1793
1119 2024
891 2200
1393 2501
1692 3007
1907 3338
1286 3616
1103 4040
825 3404
699 2913
879 3112
872 3641
503 4029
316 4060
546 4153
645 4058
584 2909
993 2510
747 1733
1064 1758
742 2373
1146 2769
681 3225
1042 3739
861 4434
1257 4510
1147 3399
1604 1959
1338 1125
1265 1074
1048 1202
1460 1434
1574 1431
1724 1061
1602 1045
1341 1375
647 1749
470 1833
1115 1538
675 1193
1281 1317
968 1196
1555 1471
987 1557
1221 2069
716 2329
895 2331
257 2652
565 1967
88 958
160 1049
284 809
193 833
480 1388
176 1723
599 1734
363 1757
712 1447
194 1262
278 1004
21 842
97 555
1 771
2 469
44 262
2 697
55 522
3 343
29 214
0 1040
0 1333
1 1402
0 1861
7 1914
59 1698
47 1275
68 913
21 625
35 244
0 89
31 75
30 19
42 0
91 16
70 0
68 0
56 0
64 0
16 0
8 0
2 0
0 0
10 0
7 0
4 0
0 0
0 0
0 0
0 0
0 0
0 0
0 0
0 0
0 0
0 0
20 0
0 0
5 0
8 0
0 0
3 0
0 0
0 0
0 0
4 0
0 0
0 0
0 0
0 0
0 0
0 0
0 0
0 0
0 0
0 0
0 0
0 0
8 0
5 0
0 14
1 0
5 0
2 0
0 5
0 0
0 0
0 0
0 0
0 0
2 0
0 2
0 0
0 2
3 21
0 41
7 16
4 0
5 0
7 0
0 0
0 0
0 0
21 0
22 0
78 0
16 0
56 0
5 0
56 0
5 0
32 33
5 260
1 806
35 1440
26 2185
76 2582
6 2693
7 2737
7 2183
1 1355
0 887
0 334
0 913
0 1335
0 928
2 658
0 1036
0 975
1 895
0 1096
0 1882
1 2218
0 2497
0 2734
0 2845
0 1206
0 1084
26 224
0 465
6 266
0 139
0 222
0 117
0 0
0 1
0 1
0 0
0 0
2 0
0 0
0 0
0 0
21 0
5 0
52 0
5 0
50 0
12 0
34 0
2 0
30 0
3 0
0 0
3 0
8 0
17 0
0 0
83 0
1 0
10 0
1 0
11 0
2 0
30 0
0 29
38 224
0 616
35 1371
9 2164
46 2203
13 1718
33 1465
5 1298
11 562
2 476
0 1081
0 1449
0 1516
1 1700
0 1882
0 2031
0 892
3 904
1 285
15 173
1 265
13 5
1 58
14 5
17 25
39 2
21 0
59 1
11 0
70 3
27 0
44 0
0 0
0 0
6 0
3 0
0 0
0 0
8 0
0 0
2 0
0 0
18 0
3 0
16 0
0 0
0 0
2 0
8 0
4 0
1 0
0 29
10 104
1 76
12 46
4 15
17 7
0 0
23 0
1 0
18 9
2 0
15 0
0 14
13 28
0 6
7 0
0 0
13 0
0 0
0 0
1 0
0 0
4 0
0 0
0 0
8 0
22 0
0 0
10 0
0 0
0 0
6 0
0 0
0 0
0 0
0 0
5 0
0 0
9 0
0 0
0 0
0 0
6 0
0 0
3 0
1 0
22 0
42 0
94 0
16 0
16 0
15 0
6 0
39 4
79 299
92 1052
46 1705
61 2201
22 2662
16 2861
5 2869
7 2631
0 2533
0 2165
0 1840
0 1217
15 998
0 861
0 1542
0 1830
5 950
0 263
332 159
468 202
874 286
806 176
939 33
725 22
803 56
767 93
941 96
1121 104
1429 64
1484 5
1603 29
1679 36
1942 48
1820 31
2040 87
1976 154
2107 174
2065 191
1823 88
1481 55
1216 2
780 3
622 20
243 72
404 92
259 141
589 266
472 249
885 187
1177 128
1044 18
1053 12
977 20
972 6
870 4
955 34
995 13
1068 7
959 6
843 1
790 6
747 8
708 6
1165 0
1218 0
1334 0
1144 0
1592 0
1639 0
1670 0
920 0
717 0
1089 0
1175 0
947 0
352 1
580 0
94 0
0 0
14 0
92 0
30 0
16 0
16 0
3 0
3 5
0 0
4 0
3 0
8 0
1 0
0 0
0 0
0 0
0 0
0 0
0 0
0 0
1 0
0 0
0 0
0 0
0 0
0 0
0 0
0 0
1 0
1 0
1 0
4 0
0 0
0 2
29 26
0 3
0 34
0 2
0 0
0 8
0 1
0 9
0 7
0 21
0 0
4 32
0 34
0 0
0 20
0 0
4 0
6 0
0 0
0 0
4 0
0 0
7 0
0 32
8 108
4 196
14 50
0 2
0 3
0 2
0 0
0 0
0 0
0 0
5 1
0 1
23 0
0 0
46 0
0 0
97 0
0 0
105 0
0 0
73 0
0 9
181 5
27 8
226 3
190 7
554 8
529 2
1027 3
1129 0
1369 3
1298 25
1422 30
1382 14
1596 2
1709 5
1749 0
1804 1
1929 0
1879 17
1595 31
1497 44
1394 70
1228 59
1203 49
1224 36
1084 24
936 12
851 34
671 12
717 13
839 20
749 10
955 5
763 4
1146 17
918 18
1070 13
959 16
1276 5
981 4
1022 15
1072 3
1060 4
444 8
400 6
168 2
290 3
130 6
243 6
271 4
66 0
71 0
53 0
106 0
0 0
133 6
16 0
306 2
154 2
365 3
156 5
537 5
190 3
391 3
110 0
424 5
228 6
334 5
166 2
80 2
65 0
29 4
74 0
3 0
75 1
12 0
32 4
6 0
4 0
3 0
21 0
21 1
19 0
26 0
0 0
5 0
11 0
9 0
60 0
11 0
3 0
22 0
8 0
15 0
20 0
2 0
2 0
17 0
5 0
0 0
6 0
6 0
9 0
4 0
7 0
1 0
14 0
0 0
2 0
2 0
2 0
0 0
0 0
1 0
0 0
1 0
0 0
3 0
2 0
14 1
3 0
0 0
0 0
22 1
1 0
4 2
11 0
0 0
7 0
1 0
4 0
6 0
3 0
5 0
0 0
5 8
1 39
4 57
11 64
0 54
0 46
0 55
2 55
4 41
103 35
84 63
351 20
521 39
573 44
453 62
361 74
390 50
513 36
265 25
57 22
23 28
38 21
102 20
49 16
60 4
78 0
37 2
83 6
132 20
1 0
19 8
37 12
173 5
214 9
392 12
391 10
427 14
235 9
248 0
143 0
136 0
36 0
121 0
35 0
84 0
29 3
95 0
24 25
4 21
52 14
0 11
28 24
46 12
17 34
32 37
16 6
76 2
150 1
55 2
147 0
143 0
163 22
66 4
41 2
20 8
68 14
15 5
98 48
149 263
301 488
296 549
232 666
210 921
329 1219
299 1280
341 1567
228 1748
147 1979
144 2033
87 1710
180 1550
79 1535
221 1568
297 1906
370 1861
312 2117
249 1948
271 1576
246 1244
92 1049
61 1092
149 1477
207 1772
150 2104
212 2159
285 2552
80 2860
57 2949
117 2647
356 2721
185 2560
361 2317
425 2504
368 2613
351 2709
348 2226
478 1483
497 1382
518 1679
325 1819
320 2069
94 2203
3 2221
97 2542
11 2554
2 2270
1 1943
5 1686
7 1482
8 1059
14 819
4 389
3 264
0 176
8 130
3 222
2 328
1 307
2 403
0 589
10 681
0 678
0 799
0 642
0 475
3 334
6 458
18 692
8 1114
4 1696
7 2402
6 2678
47 2622
4 2583
17 2728
9 2099
11 1121
10 725
12 703
8 462
3 254
0 702
3 1395
2 2062
0 2026
2 2000
0 2008
1 1860
11 2178
3 2080
9 2090
3 1691
0 1261
1 1177
19 1013
1 776
34 398
8 702
7 1380
0 1901
11 2100
4 1844
4 1432
0 1205
0 1187
5 1095
5 896
3 585
6 365
5 165
0 119
0 140
5 173
5 60
0 32
0 234
3 349
9 333
3 106
60 25
42 463
68 722
23 873
41 851
39 665
13 494
35 13
24 224
3 414
26 192
10 8
2 0
4 137
0 66
6 44
0 19
47 155
9 161
7 132
16 54
46 0
2 5
3 0
0 0
30 1
14 4
33 8
20 38
6 74
12 89
11 100
10 70
1 74
7 63
2 58
7 62
0 69
1 32
4 36
2 20
13 46
0 42
2 53
0 55
3 79
32 60
1 35
1 11
2 36
4 3
3 4
5 0
0 0
2 23
6 11
16 3
10 14
13 43
6 338
1 421
7 190
6 72
23 29
11 90
0 38
6 11
2 9
1 19
1 0
1 0
0 0
8 0
0 1
4 0
0 2
0 0
3 0
2 5
4 7
0 0
4 1
0 0
4 0
3 0
1 0
2 0
1 0
5 0
1 1
2 0
0 0
0 0
3 0
9 0
3 0
9 0
4 0
9 0
1 0
3 0
3 0
0 0
2 0
4 0
8 0
9 0
0 0
5 0
3 0
4 0
6 0
5 0
3 0
2 0
1 0
8 0
1 0
5 0
3 0
5 0
4 0
3 0
6 0
5 0
1 0
2 0
13 0
10 0
3 0
0 1
7 11
3 2
1 1
64 0
182 3
334 1
347 5
402 5
759 14
894 13
1120 23
1010 14
893 17
768 14
1292 6
1534 8
1950 2
1849 0
2040 1
1894 0
1947 0
1818 0
1406 0
1048 0
506 0
543 0
687 0
881 0
985 6
1208 0
1115 0
1158 0
1211 5
1534 2
1423 0
1800 0
1754 0
2059 55
2145 37
2212 3
683 0
671 0
411 4
176 29
164 0
73 0
84 0
175 0
64 0
253 5
200 3
365 2
215 1
538 7
242 3
578 5
297 2
927 4
469 1
707 1
479 1
868 6
397 0
979 0
592 2
919 1
854 0
1003 0
1079 0
1117 0
868 0
681 0
304 1
104 0
299 3
116 13
460 1
217 0
826 3
401 4
1184 6
635 1
1297 5
619 2
900 2
299 0
528 1
19 0
99 0
147 0
41 0
337 0
5 0
170 0
37 0
373 0
101 0
263 0
12 0
45 0
2 0
19 0
0 0
3 0
1 0
3 0
2 0
0 0
0 0
3 0
0 0
5 0
0 0
0 0
0 0
3 0
0 0
10 0
0 0
12 0
0 0
5 0
0 0
0 5
3 10
4 7
4 1
3 2
0 3
0 0
0 0
1 0
2 0
5 0
2 0
18 0
0 0
6 0
4 0
18 0
43 0
11 0
22 0
12 0
8 0
13 0
0 0
0 0
0 0
2 0
3 0
0 0
1 0
6 0
8 0
7 0
2 0
0 0
3 0
0 0
26 0
0 0
3 0
7 0
0 0
0 0
0 0
5 0
0 0
4 0
1 0
2 0
7 0
2 0
1 0
4 0
3 0
10 0
2 0
1 0
0 0
1 0
0 0
2 0
0 0
0 0
5 0
136 0
7 0
73 0
27 0
6 0
9 0
91 0
2 0
9 0
58 0
6 0
0 0
4 0
5 0
0 0
3 0
7 0
0 0
8 0
0 0
2 0
0 0
5 0
2 0
5 0
0 0
0 0
0 0
3 0
3 0
0 0
1 0
0 0
4 0
0 0
0 0
0 0
3 0
8 0
0 0
0 0
0 0
0 0
0 0
0 0
2 0
2 0
0 0
0 0
10 0
4 0
2 0
0 0
6 0
0 0
0 0
0 0
1 0
0 0
5 0
0 0
0 0
0 0
0 0
1 0
0 0
3 0
0 10
2 0
2 0
1 0
3 0
0 0
0 0
0 0
0 0
0 0
0 0
0 0
2 0
30 0
20 0
3 0
6 0
9 0
0 0
8 0
36 0
38 0
7 0
7 0
11 0
0 0
0 0
1 0
0 0
2 4
0 1
0 45
0 123
0 78
0 13
0 0
0 0
0 4
0 3
0 2
0 0
0 0
0 0
0 3
0 0
0 3
1 6
0 0
0 0
0 0
0 0
0 0
0 0
0 0
0 0
0 0
0 0
0 0
12 0
0 0
10 0
0 0
1 0
0 0
0 0
16 0
8 0
17 0
11 0
23 0
2 0
61 0
133 0
311 0
490 0
528 0
714 0
770 0
825 0
775 0
804 0
733 0
663 0
555 0
448 3
342 0
531 0
275 0
397 0
258 0
348 0
92 0
290 0
38 0
198 0
10 0
309 0
11 0
669 0
269 0
679 0
559 0
851 0
712 0
907 0
820 0
875 0
359 2
391 70
77 371
229 454
8 551
138 811
2 1035
197 1118
44 943
322 777
248 982
423 1569
459 1741
662 1890
661 2026
818 1742
652 1558
732 1037
585 330
784 21
671 143
1348 716
1709 1096
2153 1310
2450 762
2855 153
2931 147
2503 201
2027 153
1632 113
1716 81
1428 60
1538 114
1726 183
1776 415
1201 631
462 814
810 969
883 1243
697 1539
632 1035
660 527
698 189
226 264
542 372
521 299
422 303
182 236
470 90
112 143
274 172
81 115
67 60
287 55
53 17
133 52
46 35
150 8
31 37
10 41
39 67
3 116
24 269
2 176
29 120
0 31
40 19
14 19
98 70
221 70
353 84
323 86
345 20
226 2
245 5
189 5
192 2
0 0
111 0
101 0
78 0
86 0
316 9
235 1
201 4
177 7
70 8
44 3
27 0
140 1
28 1
8 0
125 0
85 0
14 0
34 0
18 0
1 0
91 0
9 0
35 0
9 0
81 0
4 0
15 0
17 0
97 0
10 0
71 0
18 0
135 0
11 0
91 0
2 0
25 2
4 0
141 0
323 6
404 0
696 5
715 0
766 0
666 0
680 0
500 0
586 3
554 0
576 5
309 2
340 0
343 0
506 0
1012 0
1015 0
979 0
287 2
453 4
397 6
114 3
121 4
240 0
117 0
49 0
5 2
5 0
2 0
2 0
0 0
14 0
0 0
7 0
0 0
14 0
6 0
3 0
3 0
9 0
18 0
5 0
8 0
0 0
0 0
0 0
2 0
7 0
0 0
3 1
0 0
43 2
0 0
35 2
8 0
26 0
26 0
13 0
23 0
1 0
4 0
0 0
0 0
1 0
1 0
6 0
2 2
0 0
5 0
18 2
0 4
2 2
16 3
19 0
5 0
8 0
27 0
12 0
10 2
2 8
121 0
192 0
499 0
543 0
525 0
446 0
455 0
298 0
338 0
250 0
384 0
35 0
170 0
623 0
659 0
766 0
627 0
177 2
369 1
354 0
296 0
38 0
118 0
154 0
7 0
16 0
6 0
4 0
5 0
21 0
22 0
11 2
9 0
9 1
30 1
7 2
15 0
5 0
19 0
9 0
52 3
177 7
314 5
439 5
377 11
448 12
231 10
122 8
40 2
95 3
266 8
212 9
246 8
206 7
243 8
157 7
151 5
41 1
97 0
28 0
142 1
156 5
210 1
82 2
58 0
53 3
39 1
37 0
42 0
24 0
19 0
45 1
10 0
45 0
1 0
12 0
0 0
8 0
1 0
6 0
0 0
7 0
2 0
0 0
5 0
2 0
7 0
4 0
12 0
3 0
3 0
0 0
5 0
1 0
0 0
0 0
1 0
3 0
7 0
1 0
59 0
30 0
45 0
32 0
3 0
4 0
1 0
0 0
3 0
12 0
0 0
47 2
0 0
21 0
16 0
22 0
49 0
0 0
0 0
3 0
0 0
9 0
6 0
0 0
0 0
8 0
4 0
11 0
0 0
2 0
4 0
4 0
12 0
4 0
0 0
0 0
0 0
2 0
0 0
0 0
5 0
0 0
2 0
4 0
1 0
1 0
0 0
0 0
0 0
4 0
1 0
1 0
2 0
16 0
263 0
347 0
525 0
485 20
530 9
352 9
168 0
113 2
349 6
567 0
632 4
621 3
109 4
105 12
335 0
3 0
0 0
163 0
8 0
6 0
0 0
0 0
1 0
0 0
0 0
1 0
1 0
1 0
0 0
1 0
5 0
3 0
12 0
4 0
4 0
6 0
9 0
2 0
4 0
2 0
0 0
0 0
0 0
12 0
0 0
2 0
0 0
4 0
0 0
1 0
3 0
0 0
1 0
0 2
2 0
4 0
11 0
1 0
3 0
1 0
5 0
0 0
3 0
6 1
2 0
0 0
0 0
0 0
1 0
4 0
5 0
5 0
2 0
0 0
0 0
0 0
0 0
6 0
4 0
13 1
1 0
5 0
12 0
3 0
3 3
0 0
0 0
0 0
2 0
1 0
0 0
0 2
6 0
17 0
22 0
79 0
81 2
130 4
195 6
263 9
237 9
121 6
47 0
152 0
56 0
48 0
1 0
24 2
13 1
38 4
81 7
204 5
250 2
349 7
185 3
206 3
211 2
202 8
132 7
94 8
30 5
26 9
61 10
22 8
7 1
9 0
12 0
2 0
5 1
3 0
11 0
7 0
3 0
0 0
3 0
18 0
4 0
123 0
133 4
162 13
77 9
99 11
5 3
8 0
1 0
15 0
16 6
14 4
19 4
18 0
5 0
27 5
51 3
4 0
6 0
33 0
2 0
5 0
29 0
3 0
37 0
4 0
35 0
39 0
68 2
13 1
17 2
3 0
17 0
10 0
8 0
4 0
0 0
0 0
4 0
1 0
0 0
8 0
0 0
3 0
5 0
29 0
25 6
249 132
312 302
606 556
717 623
660 573
473 630
364 491
48 842
13 1419
6 1567
221 2219
648 2777
799 3246
194 3389
590 3234
1031 3032
954 2677
932 2234
671 1967
700 1661
601 2083
175 2666
211 2620
15 2159
9 2379
297 2189
9 2132
195 1928
431 1769
467 2062
333 1856
189 1823
151 2204
146 2379
374 2592
454 2240
602 1936
384 1935
236 1875
269 1464
186 1545
206 1200
279 768
231 502
144 494
281 717
722 1035
353 1314
159 1843
512 2032
530 2090
476 2290
299 1987
96 1611
206 1095
344 853
622 993
1091 1631
1326 2225
1131 2882
1204 3894
1333 4306
1413 4175
1754 3840
927 3485
1022 2530
443 1931
697 1101
221 569
639 1184
236 2197
589 2662
229 3314
676 3926
436 4585
639 5182
565 5305
827 5354
875 5527
1147 5380
1276 5668
1295 4802
1563 4586
1584 3799
1520 3253
1525 2899
1736 2541
1588 1484
1608 1493
1375 1333
1420 1419
1090 1277
1523 855
1555 1072
2010 887
1693 607
1460 730
1486 967
891 698
741 610
610 375
638 673
591 1456
627 2172
608 2324
667 1840
418 1361
343 1460
198 1763
147 1964
354 1715
79 1433
342 1000
91 808
840 825
799 202
1772 32
1744 245
2122 448
1908 179
2282 496
2104 557
2196 421
2001 243
2038 110
1856 158
1869 417
1694 332
1939 173
1864 167
2177 232
1813 306
2022 610
1502 745
1892 1154
1385 1112
1428 1087
648 948
1011 516
839 404
1031 454
893 670
880 677
742 478
880 774
875 907
873 1226
1307 1577
1525 1564
1608 1332
1465 1071
1248 727
997 312
1081 176
825 332
1374 520
1725 404
2435 296
2610 95
3176 16
3053 6
3003 5
3001 6
3806 128
3864 229
3690 322
2809 141
2508 117
1837 53
1201 98
1371 29
1498 173
1415 360
1421 286
1758 226
1914 127
1575 9
1636 1
1296 7
1209 24
524 54
1142 6
1747 36
1560 6
2134 2
2291 11
2154 0
2078 0
1825 0
1492 0
1169 0
1038 0
838 0
565 3
402 0
419 11
190 7
407 0
343 0
762 0
653 29
873 23
765 0
997 0
1017 0
1281 0
598 0
808 0
434 0
640 0
885 0
1425 0
1680 2
1814 0
2112 1
2136 4
1986 5
1909 3
2002 8
1786 8
1833 4
1680 4
1816 3
1554 3
1680 1
1292 0
1535 0
1389 0
1986 0
2299 0
2462 1
596 0
503 0
242 0
176 0
34 0
5 0
80 0
7 0
182 0
52 0
122 0
20 0
0 0
31 0
0 0
46 0
0 0
32 0
3 0
26 0
0 0
38 0
10 0
24 0
19 0
0 0
11 0
0 0
21 0
10 0
14 0
6 0
3 0
0 0
8 0
5 0
11 0
15 0
4 0
0 0
2 0
10 0
1 0
0 0
0 0
0 0
2 0
2 0
0 0
14 0
0 0
0 0
0 0
0 0
0 0
2 0
0 0
0 0
0 0
2 0
22 0
0 0
32 0
4 0
23 0
6 0
6 0
0 0
0 0
0 0
0 0
4 0
0 0
6 0
6 0
13 0
3 0
0 0
0 0
1 0
13 0
0 0
0 0
0 0
0 0
2 0
0 0
55 0
22 0
87 0
61 0
12 0
22 0
4 0
28 0
11 0
83 0
17 0
7 0
61 0
0 0
26 1
0 0
15 3
0 50
0 168
0 215
0 253
0 274
1 70
0 78
1 135
0 221
0 459
0 487
0 273
0 124
0 42
2 30
0 17
0 0
0 9
0 16
0 20
0 16
0 7
0 8
0 0
0 13
0 35
0 67
2 38
7 19
3 2
3 0
0 0
9 0
11 23
12 56
5 19
8 6
0 0
8 0
1 0
2 0
0 0
51 0
5 0
73 0
20 0
2 0
64 0
22 0
57 0
2 0
0 0
5 0
11 0
5 0
35 0
0 0
0 0
0 0
0 0
0 0
7 0
2 0
15 0
6 0
36 0
5 0
0 0
8 0
0 0
2 0
0 0
0 0
3 0
0 0
0 0
0 0
0 0
4 0
4 0
0 7
6 41
4 57
6 54
20 11
4 16
77 12
0 0
38 0
2 12
105 33
2 25
162 5
76 0
509 0
190 17
256 0
5 0
5 0
0 0
3 72
0 88
2 118
11 131
1 97
42 41
3 5
3 17
0 7
13 4
0 0
2 0
0 9
1 74
3 22
0 24
4 8
5 0
8 0
0 3
17 42
2 42
6 120
0 116
4 147
0 128
5 98
8 5
0 47
6 18
4 2
0 0
2 6
4 0
0 0
6 0
0 0
3 0
0 4
1 1
2 0
2 0
3 0
0 47
0 69
9 20
0 9
0 28
0 14
0 14
0 10
0 75
0 90
5 50
2 0
0 0
0 0
10 0
2 0
0 0
0 2
1 0
3 0
2 0
0 0
0 0
20 0
8 0
0 0
0 0
0 2
1 0
3 0
0 0
0 0
11 0
5 0
6 0
8 0
0 0
5 0
0 0
2 1
0 0
0 2
0 0
0 0
1 0
0 0
0 0
0 0
3 0
11 0
0 0
2 0
2 0
0 0
0 0
0 0
0 0
0 0
1 0
4 0
2 0
0 0
3 0
3 0
1 0
3 0
0 0
0 0
0 0
0 0
0 0
0 0
2 0
0 0
6 0
12 0
6 0
6 0
5 0
57 0
8 0
15 0
0 0
5 0
0 0
0 0
0 0
0 0
0 0
0 0
0 0
0 0
0 0
0 0
0 0
0 0
2 0
2 0
3 0
4 0
0 0
0 0
0 0
2 0
0 0
0 0
0 0
2 0
0 0
0 0
1 0
0 0
16 0
3 0
0 0
0 0
2 0
5 0
0 0
0 0
0 0
0 0
0 0
0 0
0 0
0 0
0 0
5 0
0 0
4 0
0 0
0 0
0 0
0 0
3 0
0 0
0 0
0 0
1 0
0 0
0 0
6 0
18 0
2 0
0 0
0 0
2 0
0 0
0 0
4 0
0 0
1 0
0 0
69 0
88 0
91 0
73 0
19 0
0 0
95 0
107 0
68 0
47 0
63 0
41 0
13 0
7 0
0 0
4 0
27 0
27 0
100 0
50 0
45 0
79 0
67 0
36 0
16 0
11 0
9 0
11 0
2 0
0 0
41 0
7 0
28 0
15 0
12 0
21 0
21 0
38 0
74 0
118 0
187 0
211 0
239 0
239 0
168 0
59 0
45 0
165 0
60 0
416 0
361 0
156 0
149 0
20 0
9 0
16 0
1 0
0 0
0 0
2 0
2 0
8 0
32 0
5 0
40 0
44 0
57 0
24 0
16 0
2 0
0 0
2 0
18 0
18 0
16 0
12 0
53 0
43 0
34 0
45 0
34 0
28 0
27 0
9 0
42 0
34 0
86 0
51 0
57 0
6 0
3 0
1 0
9 0
38 0
171 0
66 0
205 0
96 0
323 0
286 0
765 0
1225 0
1362 0
1116 0
725 0
49 0
4 0
163 0
19 0
195 0
7 0
37 0
3 0
11 0
7 0
72 0
5 0
17 0
5 0
0 0
0 0
0 1
0 0
0 0
0 0
6 0
0 0
0 0
0 0
0 0
0 0
0 0
0 0
0 0
0 0
0 0
0 0
5 1
4 0
90 0
128 0
150 0
0 0
0 0
74 0
0 0
2 0
13 0
26 0
6 0
1 0
0 0
11 0
4 0
5 0
5 0
0 0
1 0
0 0
0 0
0 0
34 0
6 0
28 0
0 0
14 0
4 0
10 0
16 0
35 0
37 0
64 0
30 0
54 0
52 0
78 0
69 0
3 0
2 0
0 0
0 0
0 0
0 0
0 0
0 0
0 0
0 0
0 0
0 0
2 0
0 0
0 0
0 0
3 0
3 0
2 0
0 0
3 0
7 0
1 0
8 0
1 0
2 0
0 0
0 0
0 0
0 0
0 0
34 0
36 0
65 0
48 0
113 0
23 0
3 0
72 0
72 0
40 0
0 0
0 0
6 0
8 0
6 0
5 0
4 0
0 0
0 0
0 0
2 0
2 0
0 0
0 0
0 0
2 0
13 0
2 0
11 0
0 0
0 0
0 0
0 0
23 0
55 0
0 0
14 0
11 0
11 0
23 2
25 0
48 0
10 0
0 0
21 0
6 0
111 0
68 0
175 0
38 0
2 0
63 0
1 0
12 0
17 0
18 0
33 0
37 0
51 0
78 0
57 0
43 0
54 0
66 0
0 0
15 0
1 0
6 0
0 0
4 0
0 0
0 0
0 0
0 0
0 0
1 0
10 0
36 0
34 0
10 0
4 0
5 0
35 0
40 0
150 0
82 0
206 0
489 0
308 0
60 0
31 0
120 0
8 0
61 0
5 0
0 0
53 0
0 0
16 0
4 0
22 0
5 0
37 0
0 0
14 0
3 0
36 0
1 0
0 0
0 0
1 0
4 0
27 0
8 0
286 0
190 0
280 0
111 0
268 0
1235 0
1388 0
1546 0
1688 0
1766 0
1201 0
1334 0
1602 0
2023 0
1968 5
1756 4
1688 6
1511 5
1256 15
714 27
575 40
292 16
88 17
26 2
49 14
96 21
266 38
473 25
428 12
545 6
433 4
472 4
392 4
481 3
407 3
476 8
481 12
556 6
519 8
470 2
378 4
274 2
306 5
334 3
572 9
555 5
688 5
554 4
535 3
244 2
116 3
474 6
670 8
946 12
1118 7
1040 0
856 1
896 0
527 0
392 0
381 2
326 0
272 1
171 0
502 0
187 0
802 1
328 1
1073 3
822 0
1319 4
1122 0
1311 0
1227 0
1488 1
1395 0
1603 2
1465 0
1595 0
1616 0
1585 1
1315 0
1039 2
1269 0
1431 0
1704 0
1454 1
1519 0
1244 0
1045 0
472 0
533 0
1023 0
1281 0
1591 0
1412 0
1685 0
1614 0
1694 0
1196 0
829 0
466 0
421 0
1059 0
950 0
1306 1
914 0
1061 0
509 0
921 1
548 0
874 0
470 0
975 2
576 2
860 3
725 3
1059 2
1375 3
1888 2
2185 2
2501 0
2515 2
2782 0
2792 1
2354 0
2011 1
1301 0
1072 0
1109 1
582 0
617 0
617 0
563 0
612 0
304 0
376 0
525 0
639 0
458 0
472 0
247 0
317 0
157 0
345 1
85 0
117 0
17 0
87 0
0 0
44 0
0 0
23 0
4 0
1 0
7 0
2 0
38 0
0 0
127 0
0 0
66 0
16 0
95 0
0 0
0 0
3 0
32 0
78 0
16 0
86 0
547 0
288 0
217 0
52 0
36 0
234 0
387 0
540 0
238 0
268 0
46 0
0 0
98 0
25 0
89 0
3 6
18 0
5 0
0 0
7 0
2 0
2 0
0 0
0 0
13 0
0 0
2 0
0 0
1 0
0 0
1 0
0 0
6 0
2 0
4 0
74 0
76 0
19 0
42 0
7 0
57 0
8 0
53 0
1 0
13 0
0 2
1 0
0 0
0 0
0 0
1 0
0 0
1 2
0 0
10 0
6 0
8 0
14 0
5 0
4 0
0 0
0 0
0 0
0 0
0 0
0 0
0 0
0 0
2 0
1 0
2 0
0 0
4 0
2 0
5 0
2 0
1 0
2 0
0 0
1 0
0 0
7 78
1 217
0 513
0 742
0 1061
0 1377
2 1747
3 1865
0 1801
3 1781
5 1652
0 1544
0 1633
2 1682
0 1630
0 1947
3 1995
4 1679
0 1224
0 1070
0 773
0 482
0 286
0 244
3 68
6 29
2 17
4 71
4 146
1 301
1 333
1 272
1 165
0 44
0 6
0 9
8 26
21 2
0 1
0 0
0 0
0 1
0 0
0 0
0 0
2 0
0 0
0 0
28 0
21 5
38 1
37 0
0 0
16 1
3 0
10 0
0 0
31 0
20 0
0 0
160 0
516 0
337 0
41 0
13 0
218 0
432 0
354 7
118 52
48 266
104 755
327 1256
393 1841
267 2425
131 2597
31 2447
11 1946
5 1777
5 1467
26 1170
10 1117
42 899
0 861
10 714
28 525
11 795
0 500
0 391
3 103
5 43
18 103
325 61
821 33
542 7
271 30
20 27
42 23
153 21
53 8
7 14
64 0
44 0
111 2
121 0
138 0
83 0
49 0
85 0
99 0
142 0
250 0
441 0
585 0
570 0
556 0
535 0
497 0
433 0
415 0
304 0
275 0
274 0
219 0
173 0
146 0
201 0
204 0
281 0
271 0
222 0
134 0
25 0
2 0
12 3
49 2
90 2
127 0
122 0
58 0
33 0
15 0
45 0
78 0
143 0
17 0
25 0
50 0
68 0
110 0
152 0
145 0
38 0
35 0
5 0
2 0
0 0
3 0
0 0
0 0
0 0
0 15
0 0
0 0
0 0
0 0
0 0
5 0
0 6
0 0
33 0
87 0
204 0
175 0
4 17
15 0
15 0
9 0
0 0
6 0
198 0
591 0
775 0
662 0
228 0
121 0
52 0
39 0
122 0
115 0
99 0
66 0
10 0
0 0
0 0
10 0
0 0
9 0
0 0
0 0
0 0
0 0
0 0
0 0
0 0
0 0
1 0
56 0
66 0
46 0
9 0
0 0
0 0
0 0
8 0
64 0
167 0
41 0
8 0
0 0
0 0
0 0
0 0
32 0
142 0
40 0
12 1
0 0
0 0
0 0
0 0
16 0
56 0
0 0
0 0
34 0
35 0
0 0
0 0
0 0
0 0
0 0
0 0
0 0
0 0
0 0
0 0
0 0
0 0
0 0
0 0
0 0
0 0
0 0
0 0
0 0
0 0
0 0
0 0
0 0
0 0
0 0
0 0
0 0
0 0
0 0
0 0
0 0
0 0
0 0
0 0
0 20
0 0
0 2
0 0
0 0
0 0
0 0
0 0
0 0
0 0
0 2
0 0
0 0
0 0
0 0
0 0
0 0
0 0
0 0
0 0
0 0
0 0
0 0
0 0
0 0
0 0
0 0
0 0
0 0
0 0
0 2
0 0
0 0
0 0
0 0
0 0
0 0
10 0
9 0
0 0
0 12
0 0
0 0
0 0
0 0
0 0
0 0
0 19
0 0
0 0
0 0
0 0
0 0
0 0
0 0
0 1
0 0
0 0
0 0
0 0
0 0
0 0
0 0
0 0
0 0
0 0
0 11
0 0
0 0
0 0
0 9
0 0
0 0
0 0
0 0
0 0
0 0
0 0
0 0
0 0
0 0
0 0
0 0
0 0
0 0
0 0
45 0
160 0
280 0
740 0
1050 0
1411 0
1659 0
1784 0
1580 0
1385 0
1331 0
1014 0
925 0
791 0
703 0
772 0
829 0
642 0
462 0
345 0
390 0
516 0
434 0
490 0
453 0
449 0
512 0
504 0
531 0
471 0
525 0
467 2
455 0
236 0
286 1
195 0
394 2
47 0
300 0
347 0
781 2
696 2
745 2
698 0
939 0
484 0
495 1
313 0
418 0
234 0
300 0
382 0
521 0
637 4
731 2
683 0
511 0
320 0
414 0
322 0
433 0
242 1
240 1
14 2
17 0
3 0
3 0
11 0
8 0
20 0
6 0
0 0
12 0
0 0
50 0
0 0
50 0
0 0
36 0
0 0
1 0
2 0
6 2
0 0
31 0
0 2
33 0
7 0
66 0
0 0
38 2
102 5
61 2
252 6
210 6
294 9
306 8
475 0
461 0
566 0
607 0
797 0
676 0
682 0
554 0
573 0
629 0
743 0
742 4
519 3
333 5
152 5
132 7
52 2
47 2
109 3
150 2
249 0
223 6
298 0
8 0
52 2
2 0
1 0
30 0
290 3
496 7
410 5
313 0
333 0
220 0
506 0
590 0
317 0
421 0
507 0
376 0
382 0
321 0
394 0
309 0
252 0
264 0
284 0
339 0
249 0
280 0
284 0
341 0
471 0
470 0
207 0
135 0
707 0
645 0
537 0
393 0
545 1
44 0
22 0
3 0
125 0
153 1
388 0
349 0
540 0
499 0
652 0
563 0
546 1
590 0
749 0
524 0
80 0
66 0
26 0
0 0
7 0
5 0
5 0
1 0
3 0
3 0
11 0
9 0
1 0
3 0
1 0
4 0
0 0
0 0
0 0
0 0
0 0
2 0
0 0
0 0
7 0
0 1
1 0
0 0
0 0
0 0
0 0
0 0
0 0
2 0
0 0
0 0
0 0
0 4
0 0
0 0
0 0
0 0
0 0
0 0
2 0
0 0
0 0
0 0
0 0
0 0
0 0
2 0
4 0
9 0
4 0
5 0
11 0
25 0
319 0
480 0
504 0
506 0
637 0
722 0
630 0
815 0
567 0
851 7
805 0
930 0
703 5
987 0
932 0
1061 0
953 0
1208 0
1109 0
1419 0
1456 0
1711 2
1690 0
1781 0
1726 0
1713 0
1592 0
1452 0
1055 0
748 0
1004 0
1078 0
1288 0
1144 0
1438 0
1519 0
1810 0
1775 0
1200 4
235 0
60 0
173 0
10 0
109 0
4 0
73 0
4 0
4 0
14 0
5 0
2 0
2 0
15 0
5 0
2 0
6 0
0 0
12 0
0 0
7 0
4 0
14 0
2 0
4 1
3 0
3 0
2 0
2 0
5 0
188 0
117 0
246 0
262 0
432 0
546 0
1126 0
1499 0
1371 0
1516 0
1177 0
1171 0
971 0
1020 0
838 0
915 0
794 0
698 0
556 0
393 0
251 0
68 0
64 0
25 0
14 0
47 0
23 0
131 0
11 0
115 0
23 0
143 9
4 0
64 0
1 0
53 0
0 0
84 0
2 0
65 0
135 0
173 0
229 0
271 0
364 0
398 0
387 0
297 0
392 0
178 0
76 0
30 0
20 0
51 0
97 0
132 0
199 0
410 0
519 0
502 0
506 0
513 0
672 0
1086 0
968 0
1000 2
309 0
393 0
450 0
686 6
747 0
619 0
664 0
485 0
541 0
504 0
651 0
657 0
613 0
385 0
181 0
216 0
198 0
243 0
426 0
550 0
319 0
179 0
36 0
249 0
293 0
499 0
547 0
649 0
683 1
735 0
668 0
688 0
855 0
700 0
285 0
314 0
100 0
83 0
51 0
34 0
45 0
46 13
109 0
86 0
124 0
357 1
528 0
652 0
820 0
852 0
972 0
1250 0
1378 3
1588 3
1514 22
967 27
409 4
200 6
200 3
375 4
520 2
737 9
808 16
818 22
716 7
619 4
520 0
553 0
622 0
756 0
811 0
836 0
571 0
494 0
438 0
599 0
563 0
756 0
602 0
471 0
389 0
284 0
79 0
28 0
68 0
4 0
2 0
2 0
12 0
1 0
1 0
3 0
1 0
2 0
0 0
2 0
0 0
0 0
4 0
0 0
0 3
0 0
11 0
14 2
21 0
42 0
134 0
104 0
209 0
247 0
265 0
318 0
315 0
345 0
362 0
457 0
589 0
705 0
894 0
900 0
937 0
874 0
896 0
728 0
805 0
626 0
668 0
472 0
504 0
272 0
314 3
121 9
24 7
18 0
124 0
235 9
374 0
404 0
313 0
347 0
476 0
573 0
581 0
423 0
346 0
567 0
393 0
257 0
205 0
270 0
173 0
211 0
146 0
214 0
86 0
48 0
2 0
20 0
10 0
68 0
0 0
0 0
0 8
0 0
14 0
0 0
4 0
0 0
3 3
0 0
0 0
81 0
197 0
389 0
350 0
349 0
350 4
404 5
408 2
383 0
337 5
336 0
280 4
419 0
610 7
824 4
806 0
691 0
406 2
258 3
289 0
422 0
758 0
951 0
1113 0
1130 1
1173 3
1157 1
1070 1
1030 6
946 7
710 11
590 4
400 0
320 2
228 6
175 18
62 23
66 2
0 8
16 0
42 3
35 6
87 18
92 11
174 2
175 1
282 3
230 3
347 3
308 2
375 3
334 8
445 1
365 0
501 1
524 4
692 0
876 2
1059 3
1286 2
1208 0
1345 4
1042 3
935 6
851 0
1241 89
1203 243
684 482
251 753
250 975
424 1019
313 1300
245 1353
88 1505
18 1711
0 1612
0 1513
77 1287
67 1148
61 1018
5 923
4 827
5 840
3 704
0 688
5 601
0 434
0 333
0 259
0 246
0 269
1 280
0 264
8 316
0 328
1 290
3 266
0 218
3 215
1 177
31 165
94 107
100 76
94 54
76 84
41 75
96 32
114 164
76 129
91 161
79 155
151 194
82 233
160 270
76 205
154 171
29 197
123 209
13 134
77 87
5 39
68 29
0 61
94 96
9 146
66 55
20 48
46 26
23 28
65 34
0 48
41 32
9 48
9 28
33 15
167 15
331 28
452 14
575 0
708 1
650 0
735 3
737 3
783 0
778 5
801 5
485 9
308 3
137 16
172 7
383 5
597 18
781 49
726 102
728 178
654 243
699 352
650 288
679 228
371 243
154 319
132 491
42 709
17 902
0 1050
131 1257
3 1251
383 1172
19 1097
49 1032
25 346
6 20
52 108
0 212
21 140
3 46
154 2
4 0
77 2
6 0
19 0
24 0
68 0
34 0
3 1
10 1
0 19
2 84
4 39
55 65
37 19
29 5
19 0
66 7
150 10
358 25
572 4
603 17
538 5
716 17
766 2
1058 6
1001 0
902 0
712 4
630 0
355 11
205 13
125 0
158 2
620 0
678 0
879 2
1116 0
1109 0
928 0
831 0
560 0
508 0
459 0
409 0
267 0
68 0
78 0
233 0
439 0
604 6
815 0
924 0
1437 8
1380 12
1619 4
1733 5
1579 7
1033 26
663 44
438 20
323 27
214 28
95 24
255 4
63 5
98 19
69 30
32 129
59 274
11 302
16 158
82 16
130 5
150 5
362 13
734 22
1961 29
1994 3
2240 9
2293 0
2948 10
2030 1
2076 1
2009 0
2234 9
2417 3
2642 3
2289 2
1979 6
1732 10
1999 37
1913 30
1423 0
1081 0
419 2
1147 6
1593 0
2183 3
2410 0
2752 15
2888 8
2691 1
2185 5
1796 0
1546 0
1494 14
1435 17
1365 109
1257 102
1167 33
1169 14
1035 50
1202 0
1023 13
1006 3
1109 0
1089 0
1016 0
860 0
1167 0
1403 0
1926 0
1848 0
1986 0
1908 0
2057 0
1773 0
1781 0
1379 0
1441 0
966 0
773 0
469 0
350 0
159 0
313 0
138 0
494 0
212 0
475 12
19 81
73 187
602 317
681 400
902 542
707 580
738 618
35 761
64 736
571 507
607 619
786 759
589 759
625 790
309 690
518 542
33 221
129 101
20 67
58 41
295 0
155 8
209 18
129 12
131 0
133 43
236 24
451 5
468 1
524 0
723 30
623 0
900 24
854 15
887 3
712 0
532 0
273 0
268 0
206 0
187 4
437 0
416 3
450 1
306 0
324 10
185 8
379 67
646 78
951 60
1115 106
1171 149
893 249
889 566
574 1017
699 1423
260 1639
421 1769
572 1775
506 1783
196 2166
829 1901
705 1598
895 1555
687 1303
742 1221
111 522
105 322
179 90
311 113
563 181
420 136
738 265
416 465
620 580
271 586
359 578
213 517
267 326
274 349
475 315
520 345
736 310
656 305
784 511
608 443
596 601
479 313
669 192
464 41
663 155
706 27
739 11
442 3
450 50
590 71
688 76
779 66
645 59
525 19
363 20
435 12
466 41
290 46
167 28
59 10
85 8
6 14
38 23
2 28
25 7
7 12
19 0
16 2
3 0
1 3
0 0
5 0
5 0
12 0
6 0
35 2
11 0
53 3
72 3
67 3
78 3
74 2
8 2
35 4
0 0
1 0
0 0
26 2
5 1
55 4
8 0
72 3
8 0
41 0
18 0
28 0
0 0
7 0
4 0
36 0
11 0
10 0
3 0
4 0
2 0
6 0
10 2
7 0
7 0
8 1
15 0
3 0
11 0
0 0
53 3
4 0
0 0
0 0
3 0
10 2
9 0
4 0
6 0
0 0
0 0
2 0
0 0
10 0
3 0
54 2
32 2
10 0
13 0
1 0
2 0
0 0
2 0
1 0
0 0
0 0
0 0
0 0
0 0
0 0
0 0
72 4
37 4
55 3
27 0
20 0
0 0
2 0
13 0
1 0
0 0
5 0
4 0
10 0
12 0
5 0
0 0
13 0
8 0
3 0
12 0
3 0
3 0
0 0
3 0
2 0
5 0
52 1
25 2
15 0
255 4
256 5
219 7
113 7
90 6
58 6
15 0
0 0
5 0
1 0
2 2
37 3
94 15
96 6
120 5
171 6
167 8
139 8
129 6
0 4
51 2
4 0
0 2
3 0
2 0
11 0
1 0
6 0
5 0
2 0
9 0
3 0
8 0
0 0
11 0
1 0
4 0
0 0
0 0
6 0
0 0
11 0
8 0
15 0
1 0
23 0
24 0
99 7
145 7
156 5
189 5
141 7
93 6
62 5
34 3
43 0
4 0
4 0
0 0
3 0
1 0
78 2
139 5
198 6
92 1
70 0
4 0
4 3
16 0
7 0
25 1
13 0
9 0
5 0
16 0
4 0
21 0
60 3
14 3
11 4
53 19
95 18
42 6
38 2
21 5
73 2
91 9
84 12
74 9
56 12
30 12
130 15
187 17
338 23
354 19
408 21
457 9
742 0
658 0
721 0
855 0
968 1
821 0
810 8
689 31
542 33
379 21
277 10
274 19
424 17
454 18
688 16
793 1
843 0
619 0
419 0
605 3
798 0
933 0
808 0
822 0
534 0
403 0
407 0
613 0
952 4
879 1
1014 0
1058 0
1255 3
1189 1
1208 0
908 1
887 0
917 2
841 0
746 0
784 0
754 0
735 1
613 0
493 0
332 1
324 0
303 0
421 1
270 0
430 0
746 2
731 0
795 0
866 2
1023 0
882 0
752 0
348 0
197 2
594 5
769 0
873 0
953 0
970 0
911 0
1017 0
793 0
788 0
468 0
603 0
566 0
792 0
723 0
815 0
679 0
755 0
636 0
307 0
144 0
159 0
42 0
3 0
7 0
2 0
0 0
10 0
0 0
11 0
5 0
0 0
1 0
0 0
0 0
2 3
0 0
0 0
1 0
5 2
0 0
9 0
34 0
79 0
98 0
103 0
90 0
96 0
201 0
278 0
268 0
397 0
339 0
288 0
577 0
601 0
692 0
844 0
973 0
1019 0
765 0
937 0
1061 0
992 0
836 0
269 0
503 0
857 0
866 0
849 0
624 0
189 0
602 0
540 0
415 0
12 0
113 0
379 6
438 0
543 0
177 0
511 1
679 0
539 0
366 3
391 0
384 0
135 0
189 0
548 0
498 0
434 0
397 0
380 0
269 0
76 0
4 0
187 0
30 0
13 0
13 0
2 2
1 0
19 0
31 0
96 0
343 0
418 0
469 0
371 0
335 0
326 0
492 0
531 0
456 0
265 0
90 0
444 0
524 0
54 0
496 0
598 0
430 0
147 0
151 0
515 0
647 0
446 0
121 0
510 0
447 0
189 0
118 0
114 0
59 0
135 0
22 0
108 0
71 0
234 0
366 0
464 0
409 1
330 0
171 0
59 0
49 2
42 0
57 0
38 0
103 0
67 0
15 0
17 0
203 0
149 0
276 0
199 1
290 4
248 4
338 0
239 5
234 0
301 0
327 0
353 0
351 0
205 1
506 0
514 0
569 2
656 0
858 0
1014 0
1140 0
1111 20
933 13
780 16
668 11
651 9
740 9
775 3
645 0
600 0
620 0
684 5
563 0
540 0
719 0
875 0
1062 0
1213 2
1384 0
1343 18
933 16
506 13
270 14
164 2
139 0
362 10
427 13
672 15
791 15
910 0
734 0
803 0
881 0
986 0
1071 0
1197 0
1275 0
1384 0
1436 0
1664 0
1720 0
2010 0
2077 0
2454 0
2389 0
1899 0
1290 0
993 1
128 0
723 0
975 0
968 0
1289 0
1334 0
1455 0
1132 0
1015 0
577 0
700 0
812 0
874 0
645 0
491 0
624 0
702 0
1030 0
1128 0
1390 0
1178 0
1102 0
676 0
571 0
727 0
850 0
835 0
141 0
7 0
449 0
498 0
707 0
459 0
279 0
29 0
430 0
754 0
830 0
1062 0
884 0
955 0
774 0
756 0
600 0
620 0
570 0
560 0
273 0
139 0
19 0
84 0
366 0
203 0
303 0
164 0
416 0
365 0
477 0
315 0
626 0
814 0
1084 0
1075 0
1214 0
746 0
357 0
772 0
789 0
786 0
558 0
204 0
256 0
427 0
742 0
584 0
613 0
50 4
4 0
385 0
303 0
424 0
40 0
12 0
93 0
39 0
193 0
21 0
32 0
112 0
81 0
88 0
2 0
87 0
268 0
574 0
625 0
960 0
954 0
1063 0
1005 0
1003 0
938 0
845 0
463 0
405 0
33 0
0 0
163 0
287 0
648 0
728 0
826 0
771 0
912 0
1044 0
1327 0
1389 0
1335 0
374 0
905 0
1011 0
882 0
904 0
73 0
201 0
777 0
765 0
853 0
658 0
428 0
170 0
379 0
904 0
1123 0
1443 0
1649 0
1991 0
2107 0
2069 0
1826 0
1785 1
1272 15
962 21
372 15
433 8
250 10
361 5
343 12
438 15
311 11
287 11
252 5
258 2
106 0
29 0
25 0
7 0
10 0
27 1
45 0
90 4
102 4
80 7
36 0
13 0
2 0
8 0
6 0
7 0
3 0
20 0
4 0
53 0
17 0
39 0
92 0
66 3
34 4
48 2
28 3
18 2
147 2
176 2
243 5
262 11
314 13
391 13
348 15
501 9
798 13
927 0
1048 0
1068 0
1407 0
1845 1
1876 0
2057 0
2100 4
2522 4
2306 4
2526 1
2397 3
2810 6
2504 11
2103 35
1627 41
1222 34
672 17
465 10
181 8
278 5
39 3
228 7
393 10
465 11
556 18
462 13
395 18
151 12
202 20
492 16
434 16
584 13
436 47
468 279
166 598
148 789
88 1089
114 1239
26 1405
62 1634
0 1910
16 2191
32 2633
2 3007
36 3261
0 3684
31 4402
25 4780
58 5029
177 5115
152 5525
89 5852
84 5507
44 4944
263 4364
79 3779
139 3168
12 2821
399 2551
695 2847
724 3440
539 3369
250 3475
148 3457
522 2793
704 2683
1211 2392
1412 1969
1897 1026
2172 1050
2265 1450
1954 1799
1911 1641
1729 1127
1797 707
1577 953
1668 1694
1357 2303
1483 2910
1253 2788
1218 2632
1051 2488
1414 2282
1491 1933
1871 1833
1858 1988
2199 2215
1910 2313
2215 1998
1677 1651
1924 1335
1692 1345
1911 1393
1803 1136
1438 897
768 577
435 362
255 511
207 645
272 928
29 1223
141 1170
540 1001
416 887
493 689
145 796
27 1292
30 1725
4 2199
12 2526
5 2551
6 2316
0 1988
0 1814
2 1723
9 1757
1 1762
3 1434
4 1204
2 943
38 536
307 258
722 33
1112 3
1096 46
1192 143
941 209
849 222
666 236
390 206
168 165
577 186
812 81
1173 5
1601 2
1471 104
1111 245
622 246
686 66
1000 46
956 15
964 4
618 60
509 52
291 51
252 105
27 173
236 87
771 6
923 2
1214 1
1047 2
837 1
24 0
407 11
654 0
602 1
599 0
8 0
26 0
460 0
265 1
353 0
1 0
11 0
200 0
13 0
28 0
4 0
0 0
124 0
659 0
758 0
882 0
736 0
713 0
442 0
344 0
75 0
60 0
12 0
66 0
13 0
57 0
1 0
175 0
22 0
75 0
4 0
7 0
60 0
38 0
0 0
7 0
98 0
2 0
1 0
177 0
22 0
16 0
32 0
22 0
0 0
0 0
170 0
23 0
190 0
170 0
550 0
630 0
805 0
771 0
787 0
498 0
33 0
475 0
532 0
609 0
307 0
59 0
186 0
192 0
411 0
102 0
169 0
3 0
25 0
83 0
11 0
43 0
7 0
5 0
11 0
6 0
2 0
9 0
11 0
7 0
0 0
5 0
0 0
9 0
6 0
130 4
305 0
950 0
1255 0
1731 0
2327 0
2632 0
2484 0
2217 1
1595 23
1385 19
807 20
618 12
288 0
348 2
255 5
182 5
70 4
92 2
107 0
90 2
158 6
154 3
215 5
241 14
651 13
781 3
993 16
1530 22
1815 0
1833 3
2085 0
2446 0
2168 2
1568 0
1179 0
1506 2
1263 3
1153 0
802 0
733 5
1132 4
1179 0
1246 0
1002 0
735 9
591 0
845 0
911 0
831 0
803 0
18 0
344 0
764 0
643 1
690 0
221 0
4 0
484 7
522 0
801 0
701 0
789 0
505 0
538 0
378 0
437 0
210 0
309 1
151 0
303 0
47 0
169 0
0 5
14 0
5 0
24 0
26 0
10 0
33 0
33 0
73 3
32 0
265 0
7 0
115 1
18 0
142 0
13 1
147 0
20 0
34 2
16 0
11 7
11 0
8 0
35 0
5 0
47 3
146 0
172 0
399 0
417 0
489 1
420 0
414 0
363 0
476 0
448 0
464 0
355 5
402 0
327 0
407 5
306 1
515 0
618 0
411 0
225 3
24 1
34 0
536 0
315 0
364 0
38 0
38 0
4 0
38 0
0 0
45 0
5 0
3 0
5 0
2 0
2 0
0 0
0 0
0 0
0 0
1 0
0 0
1 0
2 0
2 0
1 0
10 0
3 0
4 0
4 0
0 0
0 0
0 0
3 0
0 0
4 0
0 0
0 0
6 0
7 0
5 0
0 0
2 0
253 0
782 0
1114 0
1139 0
973 0
629 0
257 0
594 0
688 0
883 0
1056 0
1260 0
808 0
403 0
760 0
640 0
347 0
329 0
584 0
722 0
550 0
271 0
53 0
193 0
357 0
14 0
3 0
100 0
3 0
50 0
1 0
4 0
20 0
3 0
6 0
11 0
18 0
12 0
16 0
0 0
3 0
4 0
6 0
8 0
0 0
0 0
4 0
9 0
2 0
2 0
2 0
8 0
7 0
9 0
12 0
6 0
11 0
19 0
41 0
5 0
6 0
3 0
15 0
0 0
5 0
1 6
0 261
0 522
0 729
0 885
2 1080
5 1265
7 1326
3 1258
3 1083
4 768
2 338
0 267
0 483
0 840
0 1011
2 810
4 429
4 61
4 186
2 129
0 51
2 6
3 10
0 10
1 0
0 0
0 8
1 9
0 0
8 59
17 46
17 105
5 202
26 371
219 464
54 510
28 492
25 562
23 682
3 658
23 405
12 144
0 0
79 0
1 2
5 2
2 2
0 0
1 0
4 0
2 11
5 1
3 1
0 0
2 0
2 0
5 0
3 0
6 9
0 1
0 0
8 0
2 0
0 0
0 0
6 0
3 0
5 0
4 0
6 0
7 1
4 1
7 0
3 1
5 0
0 0
7 0
0 0
0 0
0 0
0 0
1 0
0 0
0 0
0 0
0 0
0 0
3 0
2 0
3 0
0 0
5 0
2 0
17 0
12 0
3 0
14 0
4 0
4 0
0 0
5 0
0 0
0 0
0 1
0 0
2 2
5 0
8 0
8 0
3 0
0 6
0 0
5 0
7 0
3 0
5 0
3 0
2 0
2 0
0 0
10 0
3 0
4 0
1 0
0 0
0 0
0 0
0 0
0 0
5 0
7 0
11 0
2 0
4 0
4 0
3 0
4 0
3 0
6 0
50 0
516 0
506 0
623 0
304 0
82 0
283 0
341 0
610 0
617 0
735 0
220 0
263 0
298 0
15 0
36 0
103 0
9 0
0 0
0 0
0 0
4 0
0 0
3 0
2 0
0 0
2 0
65 0
308 0
532 0
322 0
240 0
4 0
177 0
119 0
179 0
18 0
100 0
13 0
76 0
186 0
377 1
604 2
431 0
435 0
49 0
46 0
154 0
71 0
141 0
371 3
323 2
295 0
995 0
1314 0
1841 0
2091 0
2132 0
2211 0
2118 17
1006 17
759 6
365 12
178 4
76 4
51 0
5 0
30 0
147 2
268 6
428 12
678 10
884 19
1276 15
1537 0
1340 0
1339 0
825 0
540 0
880 0
917 0
1109 0
1121 0
1005 0
785 0
817 0
657 0
671 0
590 0
644 6
517 7
624 6
639 13
767 19
1174 4
1531 0
1554 0
1729 0
2164 0
2417 0
2471 0
1493 0
923 0
442 0
715 0
880 0
722 0
452 0
262 0
240 0
181 0
188 0
100 0
51 0
193 0
191 0
399 0
281 0
356 0
197 0
268 0
3 0
22 0
2 0
0 0
4 0
0 0
0 0
46 0
0 0
0 0
0 0
0 0
64 0
578 0
912 0
1090 0
1231 0
973 0
886 0
474 0
577 0
340 0
389 0
230 0
73 0
621 0
943 0
1239 0
1310 0
1346 0
942 0
432 0
679 0
712 0
865 0
591 0
316 0
174 0
569 0
670 0
900 0
877 0
920 0
965 0
1123 0
1322 0
1393 0
1159 0
1101 0
956 0
864 3
679 9
640 8
444 6
300 10
98 8
42 2
6 2
21 2
27 0
4 0
4 0
2 0
2 0
9 0
10 0
12 0
13 0
22 2
34 1
72 4
278 9
418 8
644 4
837 4
997 0
802 6
455 0
320 0
493 0
728 0
663 0
829 0
851 0
875 0
1018 0
1083 5
988 0
979 0
880 0
1049 0
1382 0
1550 0
1702 0
1070 0
672 0
335 0
459 0
519 0
191 0
236 0
538 0
460 14
515 17
124 38
26 8
136 0
6 0
186 0
32 0
75 0
47 0
6 0
4 0
74 0
19 0
51 0
3 0
5 0
267 0
149 0
295 0
40 0
66 0
33 0
33 0
0 0
144 0
1 0
8 0
15 0
15 0
2 0
11 0
2 0
27 0
15 0
18 0
9 0
14 6
10 32
3 0
1 0
1 0
1 0
19 0
15 0
151 0
475 0
499 0
600 0
583 0
575 0
460 0
550 0
487 0
598 0
478 0
468 0
311 0
352 0
190 0
288 0
299 0
332 0
230 0
228 0
141 0
162 0
80 0
100 0
41 0
47 0
80 0
148 0
373 0
444 0
519 0
181 0
391 0
516 0
333 0
214 0
42 0
130 0
289 0
308 0
305 0
148 0
397 0
430 0
530 0
817 0
1178 0
1283 0
1059 0
618 0
797 0
865 0
808 0
615 0
529 0
756 0
856 0
692 0
520 0
26 0
291 0
444 0
103 0
40 0
3 0
57 0
103 0
2 0
0 0
2 0
1 0
2 0
4 0
2 0
0 0
0 0
1 0
106 0
76 0
447 0
328 0
392 0
2 0
139 0
48 0
139 0
8 0
13 0
455 0
425 0
628 0
514 0
393 0
136 0
60 0
164 0
1 0
0 0
144 0
3 0
2 0
4 0
16 0
6 0
14 0
11 0
0 0
0 0
0 0
0 0
0 0
0 0
10 0
3 0
0 0
10 0
10 0
0 0
7 0
4 0
1 0
2 0
4 0
6 0
9 0
9 0
0 0
3 0
3 0
8 0
3 0
11 0
1 0
3 0
0 0
0 0
0 0
0 0
0 0
0 0
1 0
3 0
6 0
4 0
12 0
4 0
6 0
102 0
328 0
580 0
411 0
518 0
326 0
296 0
3 0
125 0
253 0
174 0
61 0
14 0
22 0
0 0
22 0
23 0
21 0
168 0
271 0
570 0
492 4
518 3
230 0
56 8
391 0
510 0
729 0
740 0
756 0
156 0
386 0
492 0
199 0
164 0
8 0
8 0
6 0
372 0
325 0
517 0
434 0
509 0
244 0
254 0
13 0
41 0
19 0
182 0
9 0
36 0
101 0
46 0
101 0
1 0
225 3
341 0
596 0
538 4
610 3
199 0
1 0
260 0
30 0
2 0
73 15
28 2
153 0
0 0
4 0
1 0
9 0
1 0
4 0
5 0
1 0
9 0
0 0
8 0
109 0
3 0
65 0
2 0
5 0
1 0
6 0
0 0
3 0
0 0
2 0
0 3
0 0
1 0
2 0
0 0
0 0
0 0
0 0
0 0
8 0
4 0
2 0
3 0
5 0
3 0
4 0
5 0
3 0
2 0
0 0
1 0
0 0
0 0
0 0
0 0
0 0
0 0
2 0
2 0
7 0
5 0
0 0
1 0
11 0
2 0
1 0
4 0
7 0
2 0
11 0
5 0
3 0
5 0
0 0
3 0
0 0
4 0
0 0
2 0
0 0
0 0
0 0
2 0
0 0
0 0
3 0
0 0
1 0
0 0
0 0
0 0
1 0
2 0
2 0
1 0
0 0
0 0
1 0
1 0
8 0
2 0
0 0
1 0
7 0
5 0
0 0
1 0
0 0
0 0
0 0
2 0
0 0
0 0
0 0
0 0
0 0
0 0
2 0
2 0
5 0
2 0
1 0
0 0
5 0
5 0
2 0
6 0
6 0
9 0
1 0
3 0
0 0
4 0
0 0
0 0
0 0
0 0
2 0
3 0
3 0
9 0
6 0
0 0
2 0
0 0
13 0
0 0
0 0
0 0
6 0
6 0
0 0
3 0
0 0
3 0
10 0
7 0
9 0
5 0
0 0
87 0
70 0
352 0
246 0
440 0
245 0
263 0
7 0
201 0
5 0
78 0
2 0
53 0
5 0
4 0
8 0
14 0
4 0
111 0
19 0
116 0
89 0
410 0
469 0
713 0
682 0
630 0
321 0
13 0
508 0
650 0
975 0
1038 0
974 0
488 0
729 0
829 0
619 0
321 0
262 0
332 0
340 0
653 0
867 0
929 0
868 0
852 0
709 0
604 0
265 0
241 0
175 0
272 0
269 0
385 0
384 0
443 0
314 0
381 0
365 0
223 0
92 0
160 0
60 0
255 0
216 0
237 0
168 0
88 0
24 0
35 0
60 0
155 0
518 0
621 0
615 0
193 0
243 0
501 0
523 0
522 0
405 0
462 0
290 0
214 0
37 0
4 0
71 0
209 0
269 0
306 0
251 0
351 0
503 0
621 0
863 0
870 0
675 0
857 0
872 0
988 0
1028 0
1222 0
1325 0
1300 0
983 0
980 0
725 15
616 4
553 9
639 10
550 10
325 4
275 5
363 10
510 5
628 5
531 3
298 0
215 11
112 6
162 9
63 8
35 2
14 0
42 3
8 0
12 0
3 1
17 2
0 0
5 0
6 0
0 0
1 0
0 0
0 0
12 1
15 0
29 5
4 1
0 0
4 0
0 0
2 0
3 0
1 0
5 0
8 0
0 0
4 0
3 0
4 0
4 0
1 0
21 0
11 1
41 0
24 4
48 1
42 0
65 3
135 6
192 6
218 6
264 5
303 6
329 3
278 5
244 2
170 8
85 5
45 3
1 0
25 3
106 9
124 7
138 15
170 9
430 19
617 8
739 4
770 0
833 0
938 0
1159 0
1299 0
1487 0
1438 0
1308 0
886 0
487 0
664 0
773 0
802 0
474 0
345 0
819 0
889 0
760 0
707 0
632 0
604 0
570 0
645 0
468 0
524 0
329 0
195 0
130 0
0 0
13 0
143 0
198 0
238 0
259 0
305 0
324 0
360 0
354 0
296 0
329 0
362 0
513 0
669 0
737 0
425 0
95 0
338 0
643 0
846 0
900 0
819 0
977 0
953 0
763 0
987 0
926 0
859 0
667 0
342 0
830 0
914 0
926 0
733 0
539 0
64 0
637 0
902 0
963 0
1038 0
933 0
932 0
757 0
675 0
476 0
423 0
195 0
253 0
347 0
381 0
585 0
855 0
1042 0
896 0
550 0
559 0
701 0
862 0
812 0
797 0
398 0
318 0
795 0
778 0
809 0
501 0
128 0
332 0
358 0
537 0
204 0
115 0
10 0
3 0
127 0
0 0
17 0
3 0
2 0
104 0
295 0
681 0
776 0
895 0
794 0
812 0
689 0
631 0
516 0
472 0
331 0
334 0
79 0
196 0
587 0
798 0
1109 0
1155 0
1008 0
638 0
774 0
1050 0
978 0
1022 0
922 0
921 0
776 0
764 0
562 0
503 0
378 0
352 0
306 0
364 0
163 0
71 0
352 0
449 0
526 0
461 0
488 0
476 0
541 0
462 0
579 0
687 0
856 0
770 0
778 0
857 0
1031 3
914 0
656 0
445 0
109 0
106 0
530 0
362 0
434 0
80 0
79 0
526 0
604 0
831 0
915 0
1024 0
1030 0
1002 0
1034 0
1065 0
1089 0
1021 0
826 0
552 0
220 0
400 0
677 0
730 0
888 0
865 0
905 0
982 0
1039 0
788 0
675 0
584 0
394 0
280 0
275 0
398 0
547 0
542 0
645 0
763 0
970 0
776 0
745 0
731 0
871 0
798 0
519 0
429 0
308 0
435 0
328 0
454 0
384 0
429 0
314 0
244 0
174 0
187 0
115 0
137 0
141 0
164 0
118 0
148 0
66 0
123 0
37 0
94 0
9 0
35 0
9 0
36 0
2 0
27 0
14 0
27 0
8 0
137 0
27 0
40 0
27 0
108 0
60 0
160 0
57 0
79 0
24 0
81 0
94 0
214 0
29 0
112 0
27 0
27 0
16 0
19 0
6 0
166 0
51 0
128 0
44 0
117 0
1 0
83 0
9 0
35 0
2 0
100 0
33 0
47 0
18 0
30 0
4 0
2 0
17 0
9 0
39 0
13 0
111 0
35 0
56 0
60 0
100 0
103 0
97 0
174 0
311 0
357 0
487 0
644 0
517 0
839 0
902 0
1013 0
462 0
595 1
707 1
1065 2
1143 0
1440 1
1317 2
1449 3
1324 1
1653 1
1268 2
1376 0
1058 0
1135 0
792 0
969 0
1198 0
1327 0
1674 0
1406 0
1308 0
964 0
825 0
634 0
430 0
564 0
428 0
650 0
565 0
419 0
342 0
232 0
297 0
596 0
179 0
457 0
351 0
758 0
855 0
922 0
358 0
113 0
720 0
720 0
1041 0
516 0
536 0
445 0
635 0
717 0
1160 0
1373 0
1866 0
1572 0
1438 0
749 0
651 0
662 0
370 0
142 0
534 0
869 0
1050 0
827 0
917 0
1020 0
1053 0
1154 0
1503 1
1317 0
1351 1
1335 0
1206 0
1032 3
834 6
760 9
652 8
552 4
524 9
551 5
527 8
537 10
376 6
192 3
97 0
17 0
100 5
436 1
435 0
474 1
66 0
170 1
588 2
821 13
1082 16
1072 11
929 6
533 6
339 5
389 1
354 2
225 1
86 3
38 0
3 0
41 0
5 0
2 0
0 0
0 0
0 0
0 0
0 0
0 0
7 0
7 0
18 0
9 0
6 0
15 0
0 0
11 0
3 0
4 0
0 0
1 0
0 0
2 0
4 0
4 0
6 0
0 0
7 0
4 0
9 0
5 0
3 0
6 0
6 0
20 0
1 0
3 0
0 0
5 0
0 0
0 0
4 0
3 0
3 0
0 0
7 0
0 0
23 0
12 0
12 0
86 0
28 3
30 2
2 0
20 0
5 0
44 4
33 0
42 1
9 0
30 0
6 1
39 1
6 0
1 0
4 0
45 0
175 2
114 1
152 0
67 2
145 2
95 1
51 2
52 12
307 24
646 19
650 10
685 13
603 15
516 18
308 18
332 17
191 24
50 14
30 11
106 5
215 0
176 3
127 2
120 4
89 4
28 5
16 0
1 0
4 0
0 0
2 0
0 0
10 0
19 0
132 2
111 2
115 0
49 12
138 15
219 11
240 15
177 16
162 13
223 7
63 5
118 6
2 0
0 0
0 0
0 0
0 0
9 0
0 0
0 0
0 0
20 2
0 0
3 1
0 0
0 0
5 0
59 0
14 0
17 0
1 0
0 0
0 0
7 1
3 0
3 0
8 0
7 0
2 0
3 0
3 0
21 3
0 0
9 4
1 0
5 0
4 0
3 0
4 0
0 0
0 0
3 0
5 0
3 0
9 2
2 0
10 0
1 0
1 0
7 0
0 0
10 1
0 0
0 0
0 0
0 0
0 0
3 0
3 0
0 0
0 0
2 0
4 0
0 0
12 0
6 0
7 3
4 17
0 31
5 48
1 35
2 4
15 42
3 14
3 17
8 32
0 23
58 6
66 5
116 1
33 0
119 4
53 2
75 3
64 3
98 3
99 5
98 4
33 1
108 5
98 8
125 5
80 11
92 7
48 3
16 3
2 0
2 0
1 3
0 0
1 0
2 3
7 0
1 0
1 0
1 4
2 0
10 0
0 2
1 0
0 9
2 0
0 0
6 3
183 9
248 7
272 5
231 11
321 6
251 9
332 10
226 7
173 4
143 5
134 9
70 6
44 4
3 0
0 0
1 0
0 0
0 2
2 0
5 0
7 0
1 0
8 1
0 0
2 0
4 0
11 0
16 0
9 0
8 2
4 0
9 0
0 0
6 0
0 0
2 0
3 0
0 0
0 0
0 0
27 3
10 6
167 10
37 6
162 3
88 10
351 13
325 9
595 3
662 0
749 0
842 22
552 22
323 9
302 3
276 15
58 7
20 6
3 0
51 0
37 0
111 0
10 0
4 0
3 0
0 0
7 0
3 3
6 0
6 0
36 4
52 3
161 3
380 6
385 18
730 19
1407 17
1335 0
1580 0
1708 0
1958 0
2054 0
1992 0
1888 0
1939 0
1875 0
1974 0
1768 0
1518 0
1043 0
455 0
828 0
952 0
1138 0
1042 0
993 0
301 0
2 0
691 0
673 0
789 0
559 0
407 0
17 0
83 0
275 0
88 0
114 0
13 0
11 0
31 1
139 0
330 0
1132 0
1244 0
1757 0
1769 0
1784 0
1481 0
1327 0
1033 0
1062 0
836 0
790 0
542 0
512 0
295 0
301 0
174 0
209 0
164 0
174 0
224 0
305 0
556 0
626 0
900 0
921 0
1027 0
1497 0
1871 0
1870 0
1811 0
1327 0
542 0
751 0
934 0
1107 0
1057 0
1088 0
855 0
487 0
354 0
605 0
887 0
852 0
991 0
852 0
924 0
804 0
927 0
784 0
877 0
837 0
991 0
1085 0
1158 0
1023 0
955 0
737 0
911 0
1159 0
1239 0
1331 0
1491 0
1405 0
1184 0
1225 0
887 0
745 0
498 16
473 0
128 3
10 0
244 1
429 3
887 34
1078 0
1176 8
1240 0
1401 7
1328 18
1321 54
1140 163
1044 176
717 230
348 138
552 321
801 291
1142 317
1270 357
1505 380
1613 426
1742 480
1422 551
1481 581
1108 794
1087 972
784 1095
688 1494
298 1510
214 1440
97 1671
231 1679
131 1810
83 2128
59 2264
80 2554
480 2706
722 2943
1153 3074
977 3037
1043 3079
697 2806
558 2466
437 1985
707 1737
1059 1404
942 1050
934 661
501 557
855 424
1000 568
579 432
757 175
694 220
790 297
943 331
1309 353
1384 275
1520 290
1489 281
1462 253
1106 379
834 460
357 710
196 761
395 791
316 425
484 286
291 174
204 73
18 13
2 4
127 0
10 0
139 8
3 0
44 10
11 39
342 8
346 57
622 4
268 5
593 0
1230 0
1347 18
1699 1
1559 0
1576 0
1132 3
1042 0
638 12
458 0
287 0
256 0
227 0
231 3
261 0
261 0
524 0
490 0
1179 0
1577 0
1924 8
1810 0
1560 0
1166 0
684 3
439 0
525 0
1041 0
1044 0
1197 0
1120 0
878 0
420 0
139 0
188 0
155 0
499 0
334 0
535 0
224 0
257 0
3 0
7 0
17 0
11 0
55 0
13 0
142 0
25 0
157 0
63 0
116 0
350 0
557 1
791 0
1092 0
986 0
1130 0
916 1
886 0
661 0
640 0
365 0
287 0
142 0
119 0
76 0
100 0
70 0
92 0
62 0
41 0
17 0
0 0
4 0
1 0
139 0
282 0
709 0
731 0
750 0
621 0
550 0
473 0
486 0
391 0
500 0
794 0
1006 0
1205 0
1235 1
1104 12
763 29
502 44
152 60
313 157
628 103
651 225
744 374
487 290
306 236
7 136
56 109
274 122
50 56
223 38
9 1
93 0
3 0
10 0
11 0
0 0
9 0
0 3
6 3
10 0
12 1
11 1
6 20
27 107
0 122
64 153
0 92
0 85
10 132
0 94
41 119
3 113
20 50
2 86
0 62
0 71
0 76
4 87
7 102
1 67
7 33
0 39
0 1
2 0
3 0
10 1
2 5
3 42
2 61
4 90
0 57
2 64
19 30
0 32
5 91
3 111
0 75
6 67
0 81
16 55
4 12
2 17
0 10
2 0
8 0
7 0
36 0
18 1
9 0
314 0
412 1
710 1
743 0
1027 10
1006 0
1210 0
1188 0
1128 0
818 0
795 0
544 0
598 0
417 0
359 0
159 0
86 0
337 0
374 1
559 0
778 0
1186 0
1365 0
1566 0
1288 4
1064 57
433 61
229 38
461 7
490 0
731 0
761 0
955 0
969 0
1147 0
1201 0
1429 0
1373 0
1503 0
1197 0
1168 0
1058 0
