"pat" "th"
4086 43
3979 47
3760 42
3082 32
2324 48
2182 10
1790 13
1491 2
2221 17
2277 4
2545 21
2755 33
2779 31
3173 38
3729 72
3879 28
3129 25
1628 30
2064 40
2394 41
1999 36
1956 99
2245 17
2029 63
1426 14
769 83
1871 67
1969 65
1542 31
1288 58
1380 22
836 48
815 81
805 44
1170 23
1711 23
1916 45
1936 9
1742 27
1668 44
1232 20
1523 6
2288 59
2445 12
2488 11
2003 28
1586 55
1414 20
1232 21
1129 10
772 4
700 15
638 6
529 8
287 8
61 10
11 1
12 0
29 0
17 0
20 0
18 0
0 0
2 0
0 0
5 0
0 0
0 0
0 2
3 0
0 0
4 0
0 0
0 0
0 0
1 0
0 0
31 0
18 0
118 0
58 0
29 0
30 0
8 0
66 0
18 11
26 2
56 1
96 1
603 0
1444 4
2997 2
5066 7
5829 32
4422 54
2383 36
2251 31
2206 6
2291 25
1604 33
1296 20
1545 22
1627 17
1706 30
1787 34
1680 17
1391 13
908 11
560 4
325 7
324 6
360 5
268 4
473 14
506 23
547 8
495 15
442 23
309 38
397 86
392 81
533 269
516 586
587 567
746 756
860 1040
915 1099
914 1131
744 1123
601 1050
774 845
763 535
971 430
1189 326
1477 189
1785 168
2265 83
2460 40
2630 85
2934 140
2898 193
2659 304
2338 337
2136 419
2630 356
2351 284
2161 164
2595 71
2826 421
2547 638
2340 911
2480 1103
2548 1237
2975 1425
3383 1487
3677 1862
3471 1720
3133 1189
2840 831
2351 710
1916 901
1391 624
853 497
1123 375
1390 219
1498 364
1357 700
1063 343
834 187
717 140
834 59
1315 84
1314 19
1183 13
958 10
959 10
1161 5
1279 5
1078 5
751 4
860 8
1071 10
1285 20
1380 17
1314 18
1217 16
1199 6
802 5
757 4
493 2
518 2
588 5
660 2
689 21
803 23
842 34
707 5
393 4
355 7
474 7
808 7
1038 41
882 22
860 5
928 5
729 3
761 2
917 3
608 3
649 7
493 6
420 4
493 0
461 4
582 7
788 13
961 13
730 22
663 12
513 17
317 12
611 10
786 18
668 25
508 23
448 13
259 8
227 3
179 2
164 0
123 1
139 11
178 18
380 17
501 21
614 16
645 14
798 20
959 24
1143 40
1188 50
1228 29
1293 25
1276 34
1222 32
1425 40
1278 47
1050 25
978 26
1082 28
1253 31
1352 23
1123 7
768 15
694 18
533 0
205 3
222 1
298 8
338 6
203 1
95 2
394 7
464 33
411 43
501 46
493 40
490 33
323 87
440 115
619 87
652 80
564 23
741 39
841 44
848 59
879 66
822 45
1279 55
1482 45
1012 23
1149 18
948 22
848 32
877 12
796 47
992 34
907 27
768 22
651 21
453 13
287 12
265 17
265 8
216 8
436 22
932 39
1191 33
1073 51
895 50
619 49
580 29
591 28
534 14
500 16
402 8
305 8
262 8
337 11
416 21
607 51
591 19
430 16
593 16
547 14
616 5
604 0
528 2
642 1
588 3
623 10
778 8
776 7
919 10
825 10
889 9
1076 15
1348 15
1162 30
905 9
1015 6
1146 6
1118 0
1075 10
1096 11
1022 10
831 10
260 3
295 11
329 6
296 10
208 15
195 4
288 9
216 13
244 17
285 16
116 5
120 10
118 9
252 10
544 25
836 37
1093 24
1050 18
1097 14
1230 9
1494 23
1727 21
1968 31
1891 26
1794 47
1887 72
2178 80
2159 70
2074 67
2418 63
2714 64
2726 60
2782 51
2736 26
2486 9
2122 8
1882 8
1877 10
1860 11
1832 11
1683 14
1589 16
1369 14
1204 13
1205 11
1153 10
936 8
942 6
663 7
542 2
531 1
644 4
665 12
623 6
592 6
477 7
459 4
474 13
489 5
431 9
375 9
276 1
146 0
171 2
410 2
449 3
456 12
527 12
705 26
947 27
995 31
747 20
504 11
350 8
366 6
473 5
446 2
380 0
314 0
114 0
138 0
345 12
462 16
425 31
404 27
419 30
438 21
502 17
539 17
432 19
479 14
572 13
671 20
642 12
577 24
421 14
207 6
169 9
411 7
506 5
599 0
598 0
559 7
371 6
525 7
564 19
535 26
540 6
523 3
579 22
616 18
589 17
549 16
496 13
663 20
938 47
1016 16
1138 11
1382 13
1856 18
2541 25
2726 23
2664 15
2550 17
2234 26
1816 21
1379 22
1170 27
1328 28
1645 12
1829 14
2074 12
2111 14
1925 17
1776 36
1808 41
1763 30
1656 37
1608 32
1641 15
1424 14
1035 21
1053 19
1187 13
1401 18
1268 7
1279 13
1206 11
890 15
1065 2
884 4
749 7
723 6
964 3
745 1
906 6
1310 0
759 5
483 27
465 66
337 153
347 424
332 716
558 732
466 1028
592 1197
731 1382
612 1435
777 1597
623 1537
628 1363
888 1237
1110 1138
1347 1207
1565 1236
1544 1661
1317 1706
918 1698
610 1452
545 1682
435 1569
384 1498
427 1058
286 1025
373 839
296 1242
661 901
773 1299
969 933
1137 1473
1383 1206
1282 1644
1193 1070
750 1496
406 1036
542 1701
376 1330
512 1929
250 1629
221 2440
344 2404
441 2438
454 2312
731 2708
1030 1732
1211 2166
1026 1897
1098 2500
1091 2301
742 2883
654 2457
436 2669
782 1462
1433 1048
1306 669
945 557
885 543
1019 350
1155 363
1294 562
1326 690
1481 840
2054 666
2649 522
2327 425
2561 317
2603 181
2506 200
1988 318
2122 258
2435 362
2872 253
2584 93
2635 124
2001 268
2079 169
2031 77
1665 96
1330 35
1171 6
874 5
654 21
904 54
1059 175
1021 32
1201 31
1202 31
1058 35
1081 19
1005 28
590 14
680 17
576 12
586 8
254 3
157 0
306 8
607 21
592 7
748 17
657 13
748 126
780 12
766 17
685 21
974 24
1076 10
875 17
1336 8
1585 34
1342 58
1174 36
907 21
1019 25
1027 16
1092 15
925 36
913 15
978 24
1086 17
809 44
894 55
1128 82
1137 78
1262 44
1029 74
1073 132
1208 58
1544 78
1875 44
2733 99
2238 68
2007 33
1946 111
1911 134
2161 10
2292 30
2396 17
2661 19
2452 13
2212 1
2443 6
2442 19
2133 8
1733 12
1584 20
1521 16
1540 33
1445 31
1605 49
1690 40
1623 17
1550 5
1574 5
1769 3
1833 2
1620 3
1561 3
1490 5
1445 9
1343 10
1416 6
1376 7
1464 8
1633 7
1957 12
1611 8
1339 8
1061 7
998 17
929 25
876 8
822 15
655 10
751 63
727 32
731 105
701 247
568 357
376 448
251 622
226 685
131 816
130 825
186 1001
156 965
202 1090
144 1106
208 1117
225 1163
219 1218
251 1230
337 1292
416 1227
421 1310
707 1084
793 1192
779 1035
791 1102
841 1141
650 1118
617 1070
465 1220
580 997
571 1085
543 839
311 908
209 644
350 674
493 520
521 705
525 753
375 1136
328 1227
548 1640
922 1737
992 1860
1015 1756
1135 1532
1077 1172
1078 1010
1163 746
1364 716
1359 597
1500 800
1585 811
1565 817
1295 815
1195 766
1268 635
1125 462
903 404
911 376
1181 402
961 211
960 156
817 258
844 273
846 348
816 849
670 731
675 1206
622 1354
646 1396
767 1500
792 1627
794 1684
666 1901
551 1971
719 2594
628 2489
576 2984
426 3174
492 3540
478 3451
432 3324
424 2908
450 2709
423 2037
439 2113
377 1840
340 2177
295 1704
261 2016
247 1905
229 2228
301 1937
271 1576
259 1028
337 563
270 198
276 865
209 951
178 1200
277 1193
271 1003
262 1055
282 945
419 1341
350 1113
263 1564
368 1265
476 1342
758 994
1113 937
1896 1098
2441 1192
2572 1121
3156 1235
3668 1408
5069 1603
5947 1770
6568 2035
5887 1985
5402 2719
5049 2413
5240 3023
4291 2571
4047 2906
3897 2410
2988 2414
2081 2052
1829 2164
2369 2032
3260 2249
4304 1646
4486 1602
4117 1141
3769 1218
3792 739
5466 1123
7737 595
8322 827
7516 1242
7638 1723
7165 1824
6123 2058
5001 2641
3349 2698
3027 2897
3644 2571
4087 2213
4100 1983
4362 2017
4721 1475
4143 1503
4161 1390
4246 923
4705 793
4365 747
4268 1358
4461 897
4527 979
4100 415
3841 275
3316 472
3425 280
3093 290
2836 284
2530 123
2359 61
2130 137
1889 177
1207 265
957 103
589 268
592 223
582 421
997 296
952 341
948 253
867 410
1050 103
794 239
692 22
429 340
401 363
662 359
600 358
690 297
716 158
1226 127
1577 51
2224 85
2709 163
2982 214
2817 72
2276 78
1591 170
1298 119
1329 92
1225 33
1008 23
975 88
800 243
481 69
453 33
442 47
883 127
1097 96
757 143
1283 72
1266 111
924 38
756 108
511 41
275 131
457 24
603 28
292 33
272 25
453 36
238 30
129 9
238 9
289 13
229 11
348 85
507 8
393 92
480 21
792 51
748 64
392 90
460 40
737 11
741 3
514 14
518 18
599 19
904 16
734 3
645 103
761 4
578 7
481 42
689 48
833 27
810 52
620 16
477 4
244 8
191 20
128 23
199 34
365 17
437 28
873 53
1485 18
1398 17
1165 8
712 15
1045 10
765 29
557 44
535 114
221 14
300 43
208 24
298 46
155 42
265 46
90 20
41 19
37 21
26 33
23 18
60 22
91 9
73 93
106 35
12 108
19 35
15 153
62 17
56 279
83 69
8 75
24 36
9 105
0 231
42 309
34 501
6 643
49 591
9 698
43 724
28 835
22 881
37 849
18 721
27 546
15 566
50 430
26 419
4 174
51 190
45 175
88 78
111 36
53 23
35 107
154 170
62 203
48 165
30 40
204 43
161 35
76 10
83 8
65 22
176 17
182 3
227 12
122 22
1 68
180 71
371 2
497 33
630 15
810 0
861 19
779 12
556 19
614 13
635 5
401 3
372 30
170 24
128 3
207 6
101 0
22 0
117 41
59 32
4 24
54 30
12 26
66 35
107 31
120 32
452 21
535 26
710 51
906 49
863 115
564 11
623 18
765 12
814 10
889 10
655 114
720 30
848 40
691 75
590 119
510 25
509 94
496 136
356 63
204 57
89 81
184 64
251 58
226 53
307 43
244 9
190 3
181 36
374 75
517 24
721 28
1080 15
1739 0
1900 24
1671 32
1653 103
1587 73
1290 33
1183 17
1512 68
1230 18
895 11
780 22
656 60
624 68
609 15
564 17
326 15
555 3
539 82
539 88
811 91
696 68
371 88
322 5
286 0
183 4
268 14
158 2
198 1
282 120
410 125
444 34
496 85
421 0
446 75
949 147
958 115
1052 28
1050 1
1178 109
1042 29
640 100
700 127
796 170
922 107
533 118
892 73
1076 70
1059 14
1008 46
923 5
851 42
1037 80
1313 78
1267 23
1058 35
874 64
559 25
576 60
702 70
1014 44
1265 87
1199 61
1023 194
682 121
953 176
1454 255
1654 248
1413 97
1473 168
1815 121
1191 49
1546 158
1163 15
1139 45
1206 23
1322 36
1339 147
1908 54
2110 58
1579 29
1196 53
999 39
664 36
816 44
1040 80
1504 89
1881 120
2402 87
2397 116
1856 102
1795 174
1695 127
1550 223
1917 118
1586 103
1008 34
737 211
840 25
1267 45
1281 39
1763 95
2406 8
2418 91
1957 178
1715 564
2063 430
2468 501
2723 213
2303 188
1721 178
1709 152
1924 238
2267 142
1906 55
1622 374
1600 146
1685 259
1472 202
1267 279
1292 132
1149 204
914 103
749 153
626 44
540 302
529 101
578 68
504 238
630 278
778 331
824 204
1128 235
1389 159
1650 311
1853 352
1916 645
2149 420
2222 494
2268 268
2321 463
2176 324
2145 573
2101 330
2188 418
2042 355
1680 491
1584 441
1518 338
2152 303
2425 363
2137 261
1829 598
1674 817
1469 1045
1386 961
1456 1204
1134 1162
879 1514
1273 1156
1299 1662
1006 1577
880 2009
701 1832
918 2119
993 1959
1106 2139
1032 1954
857 2108
1128 1645
1168 1599
1156 1249
1155 1714
822 1559
840 1815
813 1659
1514 1781
1862 2169
2301 2725
2319 3237
2144 3292
2147 3155
1708 2990
1788 2928
1889 2886
1368 2564
1131 1486
1151 1406
928 663
513 811
291 467
480 911
451 342
537 511
598 439
697 806
570 872
461 1035
361 773
611 865
373 817
472 732
822 599
1069 451
1219 395
719 406
808 475
968 518
889 461
853 325
1058 347
799 390
580 193
993 274
1127 106
1142 199
1054 141
1236 186
1239 52
992 98
824 86
732 200
798 160
781 130
910 63
1010 151
1192 140
1439 178
1343 84
1362 135
1572 47
1726 116
1771 14
1877 70
1977 30
1809 209
1553 33
1020 102
1028 45
1646 124
2208 46
2040 93
2033 57
2441 24
3011 21
3116 44
2687 51
2244 51
2159 44
2284 29
1649 16
1264 17
1699 16
1671 15
1298 11
1014 18
757 23
904 23
1215 38
1191 75
1327 59
1336 67
1014 40
1086 58
1130 47
1317 30
1636 63
1553 45
1449 71
1531 31
1260 39
1083 5
1333 74
1093 20
1172 15
1090 30
1359 22
1228 68
1128 51
976 85
919 54
998 73
1269 80
1529 41
1752 65
1627 70
1466 74
1558 69
1856 74
1510 52
1333 44
1432 33
1403 51
1110 27
1047 30
1230 54
964 47
1077 83
1033 48
925 90
1388 79
1455 59
1236 52
1686 65
1396 88
1387 44
1484 63
1465 46
1115 73
1017 45
1207 42
1258 9
1965 12
2288 33
2059 35
1632 32
1496 23
1082 52
1128 29
1176 31
813 35
858 90
1230 136
1276 77
1418 92
1437 28
1783 64
2102 27
1992 61
2071 25
2239 137
1622 114
2085 261
2272 236
2221 236
2049 306
1671 390
1226 492
942 534
1220 593
728 599
910 569
1184 643
1119 747
770 641
1038 565
1212 456
1407 408
1676 179
1083 179
1203 101
1617 219
1587 168
1373 406
1336 224
1103 319
853 135
876 75
928 40
763 3
441 3
611 23
635 28
277 29
782 38
201 25
628 73
529 37
686 63
100 41
180 1
152 9
390 69
752 26
565 58
357 67
343 100
360 64
449 25
559 25
369 7
178 18
174 11
230 7
368 25
304 27
284 40
579 22
534 25
525 3
440 5
359 1
256 2
161 0
227 8
197 12
250 0
286 9
170 6
116 7
192 0
283 0
175 0
273 2
400 0
455 1
552 0
836 0
1066 2
1211 3
1408 0
1259 0
1256 0
1328 0
904 3
413 0
81 0
78 0
288 0
410 0
528 0
443 1
532 7
346 9
317 11
387 19
516 12
673 23
541 16
313 16
172 15
79 13
292 13
358 17
341 15
244 14
177 12
183 12
200 13
65 8
6 10
2 4
58 7
300 9
982 5
1776 10
2775 10
2646 40
1851 45
1014 39
389 23
388 21
561 28
982 39
1023 35
900 13
757 11
676 7
685 8
932 12
912 13
875 14
1087 21
977 18
567 6
826 28
965 29
1476 27
2264 26
2870 10
2826 0
2207 1
2067 4
1660 3
1777 4
2093 11
2599 22
2353 10
1663 25
1418 8
1034 10
885 15
943 17
957 31
1068 80
1167 77
1159 99
1158 130
1366 56
1265 121
2201 54
2408 92
2011 70
1873 117
1737 240
2257 282
2459 400
2950 544
2939 614
2804 728
2398 592
1598 511
1621 452
1504 334
1291 273
1047 153
335 79
231 48
1036 0
1190 38
1251 86
2026 78
2196 36
1630 10
1432 9
946 43
1097 39
954 13
1206 24
814 42
721 13
464 2
768 18
831 5
763 13
836 9
856 10
532 16
834 108
894 51
976 32
1282 33
1253 7
994 25
848 98
776 48
968 52
1121 105
1102 96
977 94
597 110
710 183
864 377
890 379
1054 267
1193 194
1323 144
1162 80
999 62
910 24
817 165
414 62
395 116
545 21
425 22
382 35
379 119
322 65
214 134
42 181
30 526
6 650
182 973
332 1015
341 1022
333 963
352 1037
268 976
276 1271
285 1385
349 1377
422 979
592 764
802 195
1047 581
1422 1040
1783 1338
2329 1814
2492 1805
2483 1574
2576 1054
2465 706
2283 57
2252 300
1903 857
1821 1105
1468 1430
1449 1542
886 1708
1160 1671
1674 1827
1867 1473
1973 1254
1885 1402
1733 1232
1581 1230
1151 1001
1133 899
1159 639
1163 155
823 243
539 269
768 214
1336 134
1689 57
1776 173
1501 134
1066 137
822 91
933 96
1164 78
1212 63
1231 146
1455 200
2223 101
2352 167
2158 53
1734 69
1471 210
1457 78
1550 81
1734 210
1714 276
1475 113
1350 101
1096 57
831 78
702 154
604 532
437 1075
512 1504
563 1865
879 1906
1343 1725
1578 1446
1818 1537
1894 1709
1858 1400
1824 1365
1916 1056
2104 927
2301 638
2140 523
2096 353
1905 100
1551 99
1234 113
1085 188
855 170
769 125
849 131
1334 121
1628 108
1724 79
1732 89
1649 99
1544 148
1605 73
1703 74
1521 37
1478 131
1545 37
1447 82
1380 21
1383 29
1448 40
1509 46
1469 67
1304 35
1109 79
830 83
466 46
255 29
297 56
487 49
721 71
529 33
592 23
475 37
138 60
119 48
763 87
1249 71
1164 106
1089 93
1138 69
809 98
858 103
789 127
1048 118
1192 196
1192 145
981 99
1104 53
1563 79
2134 55
2632 49
2498 64
1981 41
1362 37
1026 24
644 32
525 7
529 19
568 15
666 45
1021 10
912 48
1103 36
1138 55
979 61
755 48
559 32
660 39
666 74
734 72
768 187
904 214
938 421
829 540
744 629
547 575
760 793
1546 669
2126 712
2637 687
2818 861
2469 731
2141 840
1990 593
1550 630
1433 515
1415 685
2240 567
3086 646
3092 357
2666 489
1639 301
1025 428
2212 600
3208 637
4167 531
4667 633
4083 700
4072 727
3809 807
3264 1025
2446 1204
1807 1164
1677 1128
1563 1083
1419 1184
1281 1194
961 1030
982 885
836 600
515 477
533 302
469 277
436 197
700 129
1191 318
1609 239
1914 348
2440 222
2882 362
2830 152
2071 254
1355 143
1079 156
1380 49
1784 122
1986 146
2294 175
2764 213
2714 217
2390 80
1974 42
2070 76
1720 91
1519 57
1278 75
1208 39
1193 94
1044 38
930 124
996 78
784 50
643 87
813 35
538 34
424 20
451 63
120 40
87 14
61 15
57 12
45 183
23 43
202 35
379 50
409 13
645 64
1472 11
1738 8
1308 5
1094 132
958 44
627 120
486 232
832 327
1015 462
955 347
698 194
377 52
544 63
619 20
628 29
527 17
652 48
562 44
133 130
151 82
143 17
234 4
350 28
324 54
338 164
236 112
102 184
231 31
262 72
375 106
268 59
188 30
257 18
351 34
207 26
289 76
452 20
518 13
548 38
821 11
710 16
658 10
740 20
901 14
909 74
941 24
965 24
1288 125
1438 19
1394 36
1389 42
1338 20
1275 9
1160 14
1016 11
873 23
858 98
729 18
656 21
613 35
576 16
527 21
641 61
708 11
753 35
668 18
622 20
601 22
626 16
550 31
434 9
305 7
272 26
206 26
169 21
249 5
279 8
289 15
273 31
247 18
276 16
195 17
110 8
33 79
29 43
30 37
18 60
13 27
4 47
0 28
3 53
1 34
9 39
17 66
86 55
58 70
129 30
129 57
240 15
301 39
374 82
343 40
350 49
313 68
505 47
559 84
489 81
303 68
1223 21
199 22
446 16
607 8
673 11
682 16
619 23
671 136
737 158
849 131
1018 66
1240 84
1342 100
1297 46
856 37
583 29
287 16
490 14
366 11
203 46
135 5
109 16
146 130
29 113
72 43
13 72
5 8
0 25
10 63
63 44
128 36
119 7
183 12
276 16
438 14
645 23
786 37
846 31
943 14
980 18
1076 23
1205 28
1399 22
1579 24
1694 29
2042 61
2363 31
2579 31
2828 27
2573 28
2269 49
2293 35
2484 34
3064 36
3409 30
3576 59
4087 70
4591 37
4480 38
3705 38
3244 18
2149 30
929 4
1838 21
2563 80
4632 7
4794 19
4234 15
4065 64
3826 57
2771 85
2380 87
2425 131
2504 77
2316 121
2274 36
2207 62
2043 63
2021 38
1789 116
1446 75
1433 77
1544 53
1638 48
1536 41
1812 33
1839 70
1841 54
1761 15
1106 73
236 26
766 92
1071 40
1177 38
1357 27
1160 27
1016 45
736 101
823 131
998 95
910 223
580 33
463 125
401 301
524 263
788 399
824 389
755 503
524 188
303 214
163 336
421 457
483 484
515 271
808 217
900 33
1016 85
1030 210
976 494
684 850
271 1382
52 1805
61 2200
95 2626
135 2421
37 2153
119 2045
91 1868
52 1794
22 1642
0 1544
1 1507
17 1280
19 826
0 717
0 334
11 308
0 159
0 61
3 163
0 164
0 343
0 389
1 553
15 645
18 670
4 780
92 813
137 706
227 537
97 466
141 664
175 589
389 698
407 513
494 450
646 384
862 696
1077 413
1291 216
1463 495
1553 474
1441 208
1224 518
1019 143
1078 295
1315 512
1212 447
986 338
758 258
520 303
332 485
238 666
124 973
96 1039
20 1081
42 848
59 882
42 910
72 877
141 693
124 760
152 575
148 504
170 360
159 200
214 295
331 180
331 152
533 147
496 102
353 80
398 57
678 50
1346 99
1648 109
1997 348
1947 237
1798 352
1520 263
1212 450
944 229
451 400
740 152
1326 399
1677 109
2013 225
1994 109
1934 90
1773 54
1251 61
729 157
741 138
995 92
1269 100
1143 113
998 152
796 137
554 221
528 131
598 218
618 347
499 514
530 858
621 1455
702 2615
823 3172
964 3112
1098 2618
1380 2444
1333 2957
1662 2111
2439 2656
3336 1642
4034 2470
4572 2091
4538 2556
4135 2154
3605 2721
3107 2833
2396 3447
2021 3370
1629 3819
1757 4192
1966 5319
1714 5508
1265 6124
1350 6107
1208 6070
1010 5906
967 6265
1022 5264
888 5240
675 4174
543 4536
534 4078
1876 4255
2511 3415
2438 3235
1866 2487
2880 1865
4307 1684
2884 1498
3899 1202
4304 1270
4453 922
4052 1275
3098 799
2414 1205
2355 673
2444 1191
2752 429
2724 559
2135 317
1552 113
1865 28
1693 24
1383 96
1410 242
1464 436
1241 976
864 1336
723 1556
867 1698
863 1800
682 1901
518 1921
353 1616
107 1629
74 1383
54 1258
40 998
56 798
132 469
81 318
154 436
106 798
117 1149
56 1404
30 1583
14 1863
49 2033
44 2531
29 2904
25 3387
17 3835
9 4186
8 4685
29 4955
27 5009
45 5431
48 5468
16 5207
63 4607
84 4303
89 4359
65 4122
58 4157
21 4056
25 3879
11 3077
10 3059
20 2280
10 2262
13 2356
4 2655
12 2666
5 2497
12 1620
35 1533
4 1424
7 1466
0 1571
47 1296
73 1243
91 1174
151 1097
111 2095
308 1505
321 2300
347 2202
198 2537
321 2588
283 2727
283 2282
226 2067
150 2267
21 2468
30 2939
10 2143
35 2719
36 2469
27 3247
31 2480
70 2925
28 2486
42 3223
45 2957
102 3599
175 2494
233 3084
273 2195
155 2475
223 1568
227 1889
107 1005
136 1300
180 518
266 624
154 101
9 193
58 30
70 23
65 12
57 17
16 23
18 22
9 30
15 27
6 12
4 42
1 27
43 32
9 38
7 46
6 41
17 38
7 29
15 24
6 21
4 18
1 46
6 46
7 59
9 61
31 31
95 13
90 0
104 0
29 0
21 0
61 0
12 0
57 0
156 0
100 0
22 0
32 0
21 0
51 0
40 0
38 0
5 0
25 0
21 0
22 0
2 0
43 0
70 0
14 0
22 0
1 0
10 0
15 0
46 0
66 0
14 0
5 0
1 0
3 0
7 0
7 0
14 0
4 0
0 0
5 0
2 0
2 0
2 0
3 0
7 0
13 0
8 0
0 0
0 0
10 0
7 0
0 0
0 0
0 0
0 0
4 0
0 0
0 0
0 0
0 0
0 0
0 7
0 0
0 0
8 0
45 21
51 0
40 1
21 16
0 35
0 51
1 24
0 15
4 13
2 38
5 85
0 66
3 41
0 36
0 61
0 40
11 27
10 64
9 39
26 32
63 86
28 86
22 105
116 72
63 32
19 16
35 25
103 166
9 113
27 38
30 14
2 62
24 57
46 70
36 11
6 0
10 18
37 17
24 70
8 58
3 11
0 22
13 8
0 0
0 23
0 0
2 3
1 6
0 0
0 0
10 5
0 0
0 0
0 0
8 2
14 0
0 0
0 9
0 11
65 1
151 2
239 7
247 2
292 0
315 68
228 335
280 605
194 741
198 775
150 700
95 616
64 333
76 230
44 122
20 45
7 26
43 2
43 10
35 12
10 0
33 6
49 3
51 11
23 9
7 182
50 387
50 419
26 633
15 780
9 946
48 1019
76 731
149 537
123 584
207 640
153 750
174 671
73 524
9 600
38 402
40 645
13 425
38 123
59 220
53 290
79 148
110 276
181 132
227 37
149 183
72 41
174 242
235 220
70 380
186 141
426 578
742 461
996 1115
1188 1050
1372 1418
1377 479
1516 378
1578 575
1668 677
2056 1223
2731 938
2708 1841
2164 1741
1967 2835
1616 2338
1456 3128
1211 2817
1109 3534
1319 3575
1697 3601
1984 2789
2023 2500
1906 1860
1564 1740
1461 1610
1403 1445
1272 1093
1146 248
1089 750
918 406
866 400
898 628
901 646
1139 816
1532 1224
1311 1468
706 1531
322 1920
621 1950
823 2327
1026 2861
902 3205
218 2721
713 2520
853 2497
801 2231
925 1955
1208 1672
960 1464
840 1191
1016 908
1005 616
1090 424
997 259
793 70
833 207
796 380
738 539
749 391
879 400
1008 197
905 45
781 54
704 40
566 223
543 680
469 1404
321 2144
227 2943
118 3658
45 3912
15 3766
9 3142
15 3048
23 2851
48 3034
47 2598
64 1888
85 2159
10 2170
31 1813
32 1915
7 1976
3 1328
12 1222
22 1803
29 1743
67 2006
92 1680
159 1890
110 1874
74 1849
162 1896
228 1754
384 1463
532 1205
499 950
621 561
662 484
721 62
730 184
786 63
806 73
776 169
730 64
668 259
587 46
408 216
344 55
150 181
78 91
17 63
0 43
6 91
4 47
6 92
8 39
10 102
1 39
70 83
11 30
13 56
1 41
7 26
3 22
9 19
11 15
2 12
3 8
17 11
0 18
0 9
0 43
0 29
0 11
20 34
0 36
0 36
10 30
1 20
0 9
1 10
0 34
0 28
0 18
0 14
3 6
9 32
0 5
16 75
0 9
4 102
0 25
0 78
0 37
0 49
0 43
0 29
0 15
0 41
2 26
0 3
0 0
0 6
0 0
0 0
0 0
45 2
37 0
5 0
11 7
0 2
14 0
3 0
14 0
18 13
25 0
10 0
3 1
1 0
49 0
7 0
13 0
22 0
0 0
2 0
0 0
0 0
0 0
0 0
0 0
0 0
0 0
2 0
0 0
0 0
0 3
0 1
6 9
0 11
22 14
10 17
3 5
8 28
5 8
32 11
45 44
79 8
6 5
0 20
14 19
9 0
10 0
0 0
14 0
25 0
30 0
24 0
26 0
39 0
15 0
0 0
19 3
30 0
10 9
23 4
34 0
16 0
2 0
31 0
1 0
0 0
0 0
0 0
0 10
10 3
0 0
0 0
6 0
4 1
0 0
3 0
6 0
0 0
2 0
0 2
1 10
0 31
0 48
0 4
0 24
0 27
0 46
0 17
22 87
24 107
25 183
35 263
0 380
2 532
42 698
20 700
13 745
11 804
0 880
18 786
0 815
0 658
18 537
12 348
82 286
43 257
39 95
2 51
0 3
0 8
40 0
119 18
103 28
223 43
291 35
363 90
313 13
330 27
219 35
218 30
94 4
69 18
0 2
6 7
4 0
16 1
46 3
82 3
118 4
106 4
151 49
167 35
166 47
142 93
101 47
74 56
71 81
46 53
34 76
13 130
12 296
0 537
0 799
0 1119
13 1490
0 1545
0 1657
2 1592
0 1550
0 1385
0 1202
0 790
3 564
0 182
0 232
6 25
45 94
82 18
36 37
16 14
89 37
12 27
0 34
2 43
0 26
12 40
43 20
35 15
69 10
44 28
20 24
32 18
34 19
11 20
0 18
7 26
20 16
14 167
29 37
6 89
48 36
44 281
55 311
100 206
70 200
78 257
100 398
75 375
75 310
113 554
162 560
200 851
293 1040
247 1099
200 979
95 776
203 603
311 373
325 263
301 134
358 215
461 68
454 101
510 109
358 39
404 34
329 32
247 15
100 28
88 18
65 0
25 38
0 22
26 143
36 11
15 34
27 6
18 38
19 6
6 36
8 5
21 11
12 13
7 15
18 37
30 10
14 55
14 8
22 13
20 11
17 14
17 19
17 42
3 116
0 64
26 255
2 138
8 367
7 169
15 333
11 113
4 202
0 55
63 103
19 42
37 58
64 18
17 28
20 21
45 54
1 42
0 46
2 41
9 35
0 12
0 29
26 28
0 27
10 22
32 16
9 8
64 27
117 12
24 19
67 15
94 32
103 25
121 58
193 87
468 83
894 68
1485 51
1761 45
1903 46
2188 48
2058 52
2111 23
1856 26
1451 27
961 19
909 13
1038 12
1114 6
878 11
632 29
422 9
385 34
157 0
124 46
385 2
261 6
69 2
72 13
76 6
134 52
56 15
84 11
62 9
48 21
40 10
69 35
62 16
322 56
705 23
1108 111
1581 16
1585 26
1399 14
1242 32
903 10
464 30
412 12
506 14
447 17
422 15
455 6
400 5
400 2
182 2
183 4
56 1
26 2
4 0
31 0
95 3
70 0
48 3
35 0
30 0
26 0
73 0
48 0
0 0
0 1
0 0
162 0
203 5
248 1
262 2
172 4
56 0
61 0
3 0
13 0
31 2
0 0
0 0
0 0
0 4
0 0
18 0
0 0
5 7
0 0
0 0
3 0
1 0
5 4
0 0
3 0
4 0
2 1
14 5
0 0
2 0
0 0
0 0
1 0
0 0
3 0
0 0
0 0
2 0
0 0
0 0
16 0
1 0
0 0
7 0
30 0
86 1
94 0
193 1
439 3
474 4
483 8
561 8
599 12
632 13
667 13
640 13
600 11
596 8
490 13
436 21
200 7
91 2
24 1
27 0
15 1
94 1
109 3
88 5
119 3
54 3
18 5
18 0
31 1
14 0
1 2
1 0
1 1
9 0
1 0
0 0
0 1
0 0
0 5
1 1
9 19
3 1
38 18
55 30
15 8
13 0
23 5
16 1
36 0
71 5
85 3
125 3
74 3
142 2
105 4
70 4
24 1
9 0
11 0
10 12
0 0
1 0
10 0
3 0
4 1
145 31
436 27
821 92
1106 195
1331 66
1323 90
1294 112
1114 89
1358 103
1410 73
1643 66
1848 74
1801 51
1650 74
1487 27
1728 22
1606 46
1832 15
1068 11
411 7
482 1
714 4
700 4
382 0
234 4
624 110
778 46
617 612
564 452
424 1214
372 538
482 1584
482 1386
299 1914
158 1990
87 2078
91 1520
76 1837
168 1733
188 2179
226 1952
182 2458
201 2191
172 2457
242 2079
274 2371
293 1974
278 2047
273 1856
383 2206
295 1958
125 1802
155 1394
173 1302
119 1331
134 1152
202 1327
172 1283
265 1380
306 1432
284 1101
227 1214
221 1374
176 1203
146 822
225 603
223 383
114 89
12 30
7 18
17 68
32 69
7 77
8 71
12 50
10 119
0 6
16 10
0 32
0 9
0 0
0 4
0 0
0 5
0 0
0 6
0 0
0 0
0 3
0 0
0 12
0 30
0 70
0 40
0 117
0 259
0 264
0 324
0 331
0 276
2 323
0 246
0 216
0 221
0 35
0 12
0 0
0 82
0 202
9 128
11 89
18 90
17 53
2 158
64 187
169 313
112 373
38 389
4 321
84 288
163 213
192 11
325 15
565 75
807 97
1071 58
1116 19
983 8
909 20
541 147
538 197
794 468
1147 486
1387 860
1545 547
1825 461
1781 300
1619 278
1470 346
1376 350
1261 349
1189 139
1124 224
1042 458
924 973
825 1016
848 792
769 487
679 331
576 479
517 564
517 535
457 472
374 193
390 105
426 227
345 177
348 416
371 395
270 426
247 377
280 232
236 238
235 326
196 320
176 541
83 638
118 879
49 950
20 920
2 748
2 296
0 246
0 77
0 261
0 437
0 486
0 450
0 463
0 932
0 1508
0 1816
0 2084
0 1639
0 2718
0 2326
0 3281
0 2775
0 3473
0 3703
0 4141
0 3534
0 4497
0 4312
0 4283
0 3642
0 4005
0 3862
0 4167
0 3708
1 4204
0 3799
0 3414
11 2339
0 2561
1 1630
0 1521
9 1019
0 866
0 335
14 551
0 345
0 319
0 236
5 273
0 128
0 11
0 16
20 21
6 35
9 57
0 75
11 63
10 92
0 70
13 68
0 30
9 76
14 23
1 20
4 23
3 15
0 22
0 22
1 13
0 11
0 0
0 0
0 1
11 0
0 0
0 0
18 0
0 0
1 0
10 0
3 3
0 0
0 4
0 6
0 13
0 9
0 31
0 85
0 79
0 74
0 69
0 89
0 32
0 26
0 0
0 1
0 0
0 0
0 7
0 0
0 0
0 0
0 0
0 0
0 0
0 0
3 0
0 0
2 0
0 0
0 0
15 0
17 0
11 0
11 0
24 1
1 0
28 0
10 0
9 0
26 0
1 0
0 0
0 0
0 0
4 0
13 0
0 0
13 0
92 0
35 0
46 0
18 0
79 0
96 1
84 0
54 0
11 0
17 0
77 0
70 0
55 0
18 0
0 0
23 0
83 1
59 0
63 0
127 0
190 0
266 6
303 13
331 31
341 39
395 70
465 85
443 66
516 79
807 28
1238 62
1517 59
1730 113
1709 188
1384 147
1078 41
780 34
1276 74
1727 132
1812 206
1653 146
1306 88
1129 34
913 44
828 57
762 157
716 166
812 169
888 43
826 56
869 24
987 151
997 182
1092 131
1054 66
820 42
544 17
474 35
473 166
455 126
396 216
430 178
272 214
81 337
144 223
206 548
145 400
148 521
267 230
316 134
249 37
361 99
348 208
400 248
391 257
387 160
334 127
559 220
562 335
439 308
332 187
258 48
284 59
362 75
299 88
221 56
270 62
313 28
491 8
553 24
601 35
720 20
781 27
742 13
884 44
915 86
989 103
912 63
947 30
838 14
784 13
643 17
484 8
554 5
476 3
308 3
71 1
9 0
1 0
25 0
93 4
188 5
190 11
194 6
123 344
159 681
208 632
266 527
321 391
437 245
551 248
539 212
639 146
618 225
613 211
624 113
494 112
365 149
235 149
141 267
74 159
15 287
10 256
45 230
80 41
209 120
267 106
515 226
727 267
970 330
1106 402
1187 353
1183 258
1127 186
966 97
701 113
570 210
485 125
420 190
359 60
331 391
321 430
230 531
212 764
170 808
159 737
80 378
71 448
32 493
40 288
2 168
23 271
10 363
12 543
12 347
39 415
89 285
111 165
128 100
90 330
96 49
40 193
7 63
2 410
6 151
1 453
4 272
35 422
19 548
9 580
36 554
2 659
3 658
2 592
0 562
1 531
0 331
0 69
1 35
0 110
0 48
3 117
1 58
0 0
0 0
1 63
0 30
0 48
0 154
0 107
0 91
0 5
1 50
9 0
7 0
9 4
2 85
0 16
3 1
0 14
0 38
0 4
0 2
0 28
0 0
0 3
0 0
0 27
0 35
0 0
3 1
3 10
2 12
0 0
0 5
1 26
0 59
0 25
0 27
11 0
5 4
0 21
0 20
5 2
0 1
2 56
5 81
10 81
4 34
12 31
1 37
1 24
1 45
0 62
0 111
0 33
1 97
3 26
37 69
22 109
19 40
4 185
23 28
41 100
37 67
19 29
1 35
33 7
48 41
29 87
0 38
5 28
19 10
5 21
0 61
19 31
32 28
15 49
0 104
12 13
32 36
9 11
0 13
0 26
12 21
8 21
0 37
5 42
3 18
6 12
0 14
0 13
12 56
0 44
0 11
1 44
15 4
7 42
2 30
0 29
0 56
0 61
0 18
0 33
1 42
17 28
9 20
3 41
1 68
3 32
1 27
0 13
0 21
2 114
2 59
2 29
3 92
0 66
1 35
1 31
7 43
1 36
1 41
0 53
0 47
0 22
0 26
0 22
0 27
4 51
12 15
1 25
53 35
56 134
42 134
6 114
4 50
4 38
1 39
4 22
4 63
7 47
3 11
0 25
0 19
0 13
0 6
0 6
1 9
15 38
11 44
0 62
2 12
14 14
3 28
11 16
43 38
41 10
26 26
0 4
1 3
16 37
13 28
2 13
2 8
12 135
8 57
1 0
0 0
0 1
12 0
5 0
0 47
0 2
1 0
0 0
10 6
5 41
27 0
11 38
5 83
0 124
0 59
0 39
0 40
0 8
0 64
0 82
0 124
0 99
13 224
0 80
7 145
3 44
15 16
23 31
21 0
25 0
22 88
1 253
11 282
1 205
22 70
3 2
2 0
3 4
9 73
1 71
0 5
1 35
10 75
0 8
5 6
0 5
0 38
4 0
0 0
0 3
0 0
3 23
0 12
0 3
2 25
1 85
0 0
1 61
7 70
10 0
0 0
0 0
1 35
23 1
9 0
12 0
1 1
0 1
5 0
9 0
0 4
6 0
15 2
0 0
0 14
0 0
9 2
0 2
0 0
9 0
14 1
0 0
0 0
0 0
0 0
0 0
0 13
0 0
0 0
0 12
0 14
0 1
0 0
0 0
0 2
0 0
0 0
0 47
0 0
1 13
0 0
0 0
0 0
0 0
0 0
1 0
3 0
0 0
0 0
0 0
0 19
0 0
0 0
0 0
0 0
0 0
0 0
3 0
0 0
0 0
0 0
0 3
8 1
0 7
13 79
18 145
88 212
134 158
180 200
256 51
335 113
391 85
352 11
258 9
206 21
212 10
220 32
279 80
266 150
219 250
314 164
865 261
913 281
1053 225
1324 250
1511 144
1750 82
1768 208
1469 343
966 456
676 404
450 130
288 108
319 146
267 73
264 110
163 33
142 64
155 56
141 102
193 110
228 353
234 258
126 292
152 190
156 215
153 168
110 138
247 246
405 235
500 141
785 200
1125 91
1138 72
862 39
560 31
484 117
476 31
801 63
1044 173
967 35
729 113
275 77
351 98
386 37
287 98
176 42
316 12
378 150
389 76
438 263
481 162
537 236
798 217
1016 351
1163 432
1258 247
1065 280
854 168
764 156
732 50
784 410
903 271
1263 442
2329 344
3157 429
3510 254
2673 632
1973 417
1597 675
1257 407
854 501
796 301
801 498
648 427
511 459
693 260
1025 69
1156 61
1338 153
1320 136
1243 58
991 193
1146 231
1281 302
987 266
1205 535
1173 541
960 610
600 558
100 722
97 552
367 422
298 198
254 182
183 205
300 208
381 142
293 145
220 415
197 82
158 286
250 47
251 202
276 57
253 160
275 136
167 101
1 47
66 135
151 32
100 79
61 109
29 38
12 71
18 29
71 16
108 105
140 20
20 53
77 24
52 13
30 20
111 8
105 17
124 16
142 9
46 8
4 9
55 30
89 33
32 34
50 39
7 20
135 0
32 0
253 3
385 5
400 5
384 3
346 6
563 7
716 7
621 8
403 7
357 9
281 9
453 8
611 9
764 7
567 4
407 3
33 0
322 0
412 0
431 0
501 4
616 3
571 3
506 5
380 8
216 4
126 3
137 3
158 6
88 6
93 3
65 4
54 0
34 0
13 1
0 2
0 0
1 5
0 0
0 0
5 1
0 0
0 0
0 6
0 48
3 165
4 253
10 314
13 344
13 391
11 376
8 400
8 379
12 421
14 541
0 706
0 786
5 834
3 915
2 1033
0 1201
0 1457
10 1517
0 1512
1 1422
46 1366
160 960
139 818
43 684
18 435
11 584
9 499
2 345
11 171
18 77
5 26
0 27
1 16
0 17
13 2
14 0
0 0
0 1
1 10
0 12
0 2
0 0
0 0
0 2
0 0
0 0
0 0
0 0
0 0
0 1
0 0
10 6
0 0
0 3
0 0
0 0
0 0
0 2
1 0
1 0
0 0
0 0
0 0
0 0
0 0
0 0
0 0
0 1
0 5
0 7
3 5
0 18
0 21
8 67
0 56
0 138
0 177
0 134
0 40
0 8
0 2
0 0
0 0
0 6
0 14
0 30
0 8
0 29
2 22
1 3
0 16
0 0
0 0
0 0
0 0
0 0
0 3
0 6
0 9
0 4
0 0
2 5
4 0
6 0
9 0
0 0
0 0
0 1
107 1
193 0
107 3
103 6
84 17
102 19
73 25
68 20
30 2
54 44
58 121
79 216
114 203
85 76
58 47
161 11
237 5
264 43
352 17
387 23
540 57
591 35
737 19
952 9
923 0
800 15
742 15
733 5
355 12
325 15
335 13
417 2
368 3
309 7
197 0
85 1
72 0
20 0
35 0
51 0
45 0
0 0
11 0
47 1
41 0
31 0
0 0
39 0
32 0
22 0
0 0
0 0
15 0
15 0
0 0
0 0
14 0
2 0
0 0
0 0
8 0
7 0
0 0
11 0
46 0
30 0
16 0
0 0
10 5
0 0
12 0
19 2
28 1
46 0
14 0
24 0
32 0
18 0
21 0
0 0
1 0
7 2
1 0
0 0
0 0
0 0
0 0
0 0
0 0
2 0
0 0
0 0
0 0
0 0
0 0
0 0
4 0
0 0
0 0
0 0
0 0
2 2
15 1
45 2
37 0
13 0
14 0
50 0
118 0
181 0
230 2
147 0
173 0
151 0
155 0
112 0
18 0
26 0
96 0
67 0
11 0
163 0
525 2
628 3
585 0
344 0
201 0
564 1
712 1
524 1
310 1
259 2
148 6
311 5
203 5
562 3
815 4
718 0
443 0
24 0
427 0
606 0
667 0
560 0
322 0
22 1
13 0
30 0
62 1
236 2
293 2
154 0
64 0
9 1
3 3
13 2
22 6
59 79
20 147
0 309
0 523
0 740
0 889
31 1207
65 1363
98 1697
29 1499
41 1426
144 1628
126 1373
89 1216
26 1011
26 857
18 833
7 838
12 692
27 614
2 697
1 598
6 474
17 322
37 99
21 98
0 7
2 75
82 95
62 99
1 86
1 141
0 138
0 167
0 124
0 6
0 10
0 50
0 3
0 0
2 36
0 0
1 7
0 21
0 0
24 0
0 7
0 0
0 0
0 0
0 0
0 0
0 0
0 0
0 0
7 0
7 0
3 0
9 0
45 0
9 0
35 0
1 0
0 0
0 0
0 0
0 0
0 0
0 0
18 0
108 0
94 1
39 0
10 0
1 10
0 39
6 84
6 114
3 250
18 372
3 438
4 381
7 143
2 60
2 37
0 19
5 98
0 143
0 223
1 99
2 97
3 107
4 3
4 35
44 42
34 15
108 10
123 10
149 17
218 0
224 5
292 3
511 3
648 28
753 56
648 9
586 3
469 16
461 34
244 14
343 5
589 4
369 11
534 24
707 15
633 2
417 4
407 1
354 2
235 3
221 1
246 0
67 0
246 0
267 0
35 0
160 0
279 0
297 3
330 1
354 1
420 1
262 2
98 3
107 0
57 0
82 0
59 0
17 0
6 0
26 0
15 0
0 0
0 0
25 0
21 0
1 0
13 0
10 0
40 0
1 0
3 0
16 0
11 0
16 0
48 0
246 4
474 5
558 4
624 4
534 24
322 42
319 1
460 10
454 7
448 2
266 4
186 57
165 60
271 4
314 13
277 20
209 13
126 23
197 3
247 2
261 1
223 16
263 4
183 9
134 3
80 4
104 1
120 10
124 0
25 4
89 3
72 0
40 0
13 0
14 0
43 0
36 11
1 5
6 10
23 3
1 0
0 0
1 0
4 0
30 2
21 0
34 2
65 1
13 0
14 3
9 1
22 3
3 4
11 0
26 0
14 4
0 0
4 1
46 1
47 1
63 0
67 0
60 0
48 0
31 0
14 0
18 0
0 0
0 0
2 0
0 0
0 0
5 0
3 0
10 0
0 0
0 0
0 0
0 0
0 0
15 0
29 0
113 0
42 0
72 0
80 0
101 0
144 1
68 0
46 0
20 0
9 0
4 0
2 0
0 0
1 0
76 0
8 0
10 0
0 0
0 0
0 0
0 0
0 0
0 0
1 0
3 0
18 1
0 0
7 0
18 0
43 0
26 0
12 0
19 0
9 0
15 0
3 0
0 0
10 0
3 0
2 0
0 0
7 1
0 0
0 0
2 0
0 0
0 0
0 0
0 0
0 0
0 0
0 0
0 0
0 0
0 0
0 0
0 0
0 0
0 0
0 0
0 0
0 0
0 0
0 0
0 0
0 0
0 4
0 0
0 12
0 3
0 111
1 474
6 752
3 780
5 703
4 475
1 85
2 119
0 30
0 0
0 234
0 393
1 425
1 378
0 418
0 381
0 367
0 187
2 113
0 28
0 6
0 3
0 8
0 30
0 19
0 21
3 1
4 3
31 12
0 0
87 0
121 0
91 4
71 0
36 0
7 0
1 0
0 0
0 8
1 2
42 0
6 2
37 0
104 0
274 1
339 2
438 0
476 0
531 1
454 0
82 0
134 0
387 2
329 0
316 0
302 0
132 1
6 0
50 0
9 0
13 0
19 0
16 0
25 0
40 0
46 0
68 0
35 0
41 4
60 159
64 235
136 54
106 82
89 70
75 25
72 1
82 2
36 12
49 12
42 0
42 6
13 6
8 0
7 0
2 12
0 0
0 0
0 0
1 0
0 0
1 0
0 0
0 0
0 0
0 0
2 0
1 0
0 0
0 0
0 0
0 0
0 0
0 0
26 0
0 0
0 0
4 0
1 0
0 0
0 0
1 10
0 10
0 1
4 18
0 148
1 265
0 109
15 20
24 18
0 0
0 0
0 0
0 2
0 0
0 0
2 2
5 0
0 0
2 3
0 0
0 0
0 0
0 0
0 0
0 0
0 0
0 0
0 1
0 0
0 0
2 0
34 0
1 0
0 0
18 0
5 0
3 6
2 5
0 82
0 71
0 92
0 41
8 31
4 76
0 7
0 18
2 0
2 8
49 18
257 3
312 10
296 3
280 0
345 0
387 3
342 91
307 87
138 20
146 25
75 18
94 28
53 102
25 75
7 70
2 38
3 15
40 23
44 14
43 28
47 2
100 10
65 0
128 4
88 3
107 0
162 3
283 8
257 9
291 6
291 5
261 7
172 16
197 3
200 4
127 7
50 14
55 0
60 1
31 5
16 0
13 1
1 0
0 2
13 0
4 0
10 0
21 0
43 0
107 1
205 2
281 8
230 3
195 4
138 2
23 1
30 0
23 0
35 0
17 0
1 0
0 2
15 0
4 1
0 0
0 0
0 0
3 0
11 0
2 0
0 0
8 0
0 0
0 0
2 0
2 0
0 0
0 0
1 1
0 5
0 0
11 0
24 0
21 3
10 0
1 10
0 0
1 0
17 0
9 0
2 0
8 0
15 0
27 0
69 1
53 0
44 0
9 0
84 0
127 0
51 0
66 0
64 0
41 2
96 0
242 3
270 5
324 3
361 3
255 2
147 1
68 1
173 2
228 4
293 10
304 7
223 16
213 6
271 12
235 13
162 12
27 0
4 0
1 0
24 0
97 1
204 0
193 0
226 0
210 5
166 8
160 7
136 29
103 11
211 20
132 12
98 3
46 1
27 0
32 0
25 0
21 0
78 2
141 10
218 4
208 5
255 8
204 3
138 2
49 0
32 0
23 0
43 1
38 2
10 0
4 0
14 0
14 0
1 0
7 0
0 0
2 0
7 0
5 0
9 0
6 0
17 3
0 4
2 0
6 0
11 0
47 0
18 0
0 0
2 0
30 0
59 3
97 1
38 0
33 0
62 0
75 0
68 0
41 0
11 0
3 0
6 0
13 0
1 0
29 0
12 0
12 0
295 4
519 13
562 20
436 12
335 13
238 6
67 0
29 3
70 0
40 0
107 1
82 0
52 1
73 0
143 0
114 3
53 508
54 1
69 0
40 0
5 0
54 0
96 0
31 0
0 0
20 1
35 0
31 0
0 0
3 0
0 0
1 0
2 0
10 0
0 0
10 0
18 0
68 0
64 0
16 0
21 0
98 0
120 1
153 3
56 0
44 0
58 0
98 0
116 0
126 1
152 0
126 4
175 4
227 4
296 9
418 17
411 36
303 21
194 4
383 19
238 18
144 11
160 9
111 1
140 6
81 64
74 49
92 66
101 1
60 2
21 0
66 0
68 6
42 2
4 14
44 8
66 9
56 7
1 0
0 0
20 0
93 20
54 93
17 59
27 2
53 0
69 0
51 12
19 3
111 12
135 2
76 0
49 1
111 2
61 0
53 4
110 0
100 0
43 0
24 0
19 1
20 0
67 6
11 5
0 5
2 1
16 0
9 59
9 255
32 241
5 15
3 15
7 219
29 314
6 316
102 108
317 23
637 301
935 242
1199 83
826 24
365 26
281 159
265 143
62 5
45 0
144 53
221 86
153 2
164 17
71 99
28 89
77 0
175 59
326 100
272 58
293 3
146 0
39 2
4 15
25 35
19 1
11 0
16 26
0 0
0 0
0 24
1 19
0 21
0 1
3 0
3 0
1 6
0 0
0 28
0 0
0 0
0 2
0 0
0 0
0 1
0 3
0 0
0 0
0 0
0 0
1 0
13 0
3 0
0 0
0 0
0 0
0 0
0 0
0 0
0 0
25 0
9 1
0 0
2 220
0 576
0 847
2 1078
3 1548
5 1807
14 2472
37 3294
3 3663
7 3578
5 3508
0 3941
2 3741
14 3100
77 2765
6 2177
0 2098
104 1757
278 958
343 722
355 1137
238 1507
23 1439
1 1395
24 795
84 577
7 341
13 326
156 352
381 197
537 236
585 104
460 48
393 21
296 26
241 79
129 78
103 148
262 181
240 145
242 48
272 6
248 40
305 51
343 24
378 18
522 40
534 11
654 18
739 12
864 3
933 26
1003 24
1044 105
952 130
346 219
551 232
731 231
421 135
200 81
501 95
406 168
393 123
659 86
739 38
622 2
437 58
303 229
77 333
269 368
327 269
268 135
404 59
567 60
826 20
852 10
1378 8
1926 4
3618 0
4459 1
3919 7
3099 13
1688 19
3262 21
4370 21
4048 18
3156 21
1683 20
1542 36
2426 14
2910 12
3029 10
2342 6
1889 6
3423 10
3738 12
2768 10
1476 12
1460 21
1493 19
1654 17
1339 18
1220 16
1129 14
1001 19
811 15
697 12
719 7
346 1
541 5
851 2
975 2
772 4
508 5
410 7
447 8
494 4
204 2
71 0
82 2
64 0
45 0
45 0
81 18
17 0
24 0
16 0
1 29
9 64
28 231
9 365
0 596
0 570
25 754
17 629
4 332
0 161
19 878
7 1731
70 2319
91 2821
236 2724
306 2452
355 1583
486 940
687 251
682 341
445 470
364 449
532 139
596 379
588 593
540 473
289 255
439 23
486 36
380 152
124 232
130 207
180 164
206 133
137 135
180 90
285 99
300 53
260 137
187 152
134 294
91 491
155 612
53 1384
72 1932
117 2086
132 1762
93 1616
70 2018
105 2754
124 2649
157 1621
235 2113
301 1951
447 1970
733 2996
778 3486
816 3390
648 2388
633 783
553 1247
625 2435
505 3163
336 3519
350 3164
567 2238
461 1600
351 1043
116 983
148 754
360 487
408 482
271 408
250 346
162 141
58 135
61 95
41 27
19 15
11 4
5 46
3 42
0 8
30 26
5 0
17 0
0 8
2 1
4 0
0 9
12 4
18 1
3 0
0 11
0 0
21 1
24 1
3 0
0 0
2 9
1 0
17 0
0 0
0 0
0 0
1 1
0 4
0 2
3 1
3 14
0 10
0 0
0 1
20 7
46 35
64 10
53 0
27 0
6 1
44 0
28 0
57 3
28 12
36 2
79 5
42 3
72 11
110 8
26 4
23 4
14 0
7 5
60 7
27 150
46 339
39 586
49 616
11 563
12 423
12 374
3 284
15 367
26 356
12 312
12 241
7 272
12 314
0 165
0 84
0 3
0 1
0 0
0 1
0 6
2 0
2 0
13 0
119 8
204 25
382 10
613 28
769 42
635 71
541 68
363 192
191 187
41 118
34 52
93 3
137 4
156 0
175 13
185 8
235 75
177 254
244 269
186 417
65 530
47 441
135 479
430 196
628 107
675 305
763 414
801 442
695 239
501 418
344 791
287 989
288 810
461 479
388 235
532 651
426 447
363 145
77 194
65 531
47 713
27 922
65 1113
121 1033
105 806
86 666
26 488
39 294
39 123
30 37
22 70
26 261
13 522
5 508
8 525
23 334
25 313
40 499
19 521
39 819
48 782
102 597
39 561
134 631
106 823
32 816
26 839
26 1018
97 862
85 566
113 376
106 116
42 141
42 192
42 68
4 102
9 130
12 65
15 90
14 61
36 48
8 49
16 16
25 14
6 0
19 21
8 1
35 5
9 13
51 2
6 14
16 15
16 20
49 56
79 44
68 18
9 27
1 4
0 12
0 4
9 8
0 0
0 0
12 5
3 8
39 6
26 19
0 0
6 10
0 10
0 11
0 9
0 0
0 0
0 2
0 0
1 0
0 0
1 0
1 0
0 1
0 2
0 0
0 0
0 0
7 0
75 0
38 0
23 2
18 1
74 2
74 14
81 3
143 19
214 21
177 17
197 7
236 5
252 5
355 8
349 13
320 6
322 1
363 11
315 12
263 5
350 10
253 8
273 7
226 7
170 4
68 2
98 3
53 2
59 7
34 1
58 5
25 11
26 16
12 0
4 0
0 0
2 2
0 0
0 2
0 0
0 0
3 0
1 1
0 1
0 0
0 0
0 0
7 0
2 0
2 0
10 1
0 4
16 1
0 0
5 5
0 0
0 0
0 7
5 13
0 0
3 3
0 22
14 155
6 116
36 54
207 85
178 56
114 37
111 100
116 38
139 30
132 75
387 31
457 18
450 67
337 1
49 9
61 29
55 6
28 6
298 22
298 0
343 0
419 7
339 0
309 7
710 37
845 12
710 127
444 204
507 607
378 918
119 1093
172 1248
124 1317
84 1268
82 1127
80 1032
92 1223
169 1175
162 1080
139 925
343 717
286 423
433 406
701 429
1037 483
1490 402
1343 350
1230 295
1425 163
1391 278
1502 160
1512 449
1260 201
1404 237
1126 134
1180 151
1447 270
1512 387
1350 230
1034 227
539 102
573 13
502 28
721 19
1157 136
1537 139
1756 455
1897 529
1817 949
1721 687
1802 898
1657 596
1305 405
930 174
1300 355
1684 788
1759 1026
1651 1135
1404 1196
746 1268
400 1246
350 1370
374 1383
972 1554
1093 1703
863 2214
643 2470
625 2266
661 1820
982 1834
1184 1181
1271 777
1141 550
1014 513
699 573
634 675
568 549
638 587
721 432
978 321
1184 248
1306 397
1402 396
1520 533
1583 462
1615 253
1575 128
1375 191
873 282
493 261
759 248
773 207
717 111
644 171
385 72
29 88
64 127
607 108
858 105
984 38
900 33
760 29
702 36
669 43
466 25
334 33
792 18
808 0
789 0
688 0
245 0
526 0
927 0
965 0
925 0
835 0
703 0
544 0
178 0
101 0
199 0
440 0
430 0
383 0
242 0
211 0
133 40
93 159
17 329
7 495
44 714
15 835
13 702
64 459
30 287
0 544
0 582
0 608
20 488
8 418
14 338
8 328
9 124
6 110
12 56
4 5
11 1
7 60
0 71
4 0
0 4
0 0
0 16
0 0
0 0
0 0
2 0
0 1
0 0
0 0
0 2
0 0
0 0
0 0
0 0
0 0
0 0
0 0
0 0
0 1
0 3
0 0
0 0
0 0
0 0
0 0
0 0
0 0
0 0
0 0
0 0
5 4
1 0
0 0
0 0
0 0
0 0
0 0
0 0
0 0
0 0
0 0
0 0
0 0
0 0
0 0
0 0
0 0
0 0
0 0
0 0
0 0
8 0
0 0
8 0
45 0
151 0
218 0
335 0
534 4
695 5
804 5
826 6
1253 5
2875 84
667 5
643 5
896 5
1202 6
1284 4
1289 1
1190 7
1173 3
1018 5
915 8
835 6
596 6
353 6
317 6
148 6
182 5
231 1
283 1
492 2
512 5
442 7
427 14
847 14
1096 20
1179 8
1137 0
705 0
235 2
189 0
49 0
16 0
8 14
123 24
168 13
104 3
14 3
0 6
41 1
3 2
2 17
15 19
17 32
5 0
37 6
5 71
2 80
3 53
13 12
0 1
12 14
17 0
1 9
1 1
9 0
95 0
122 0
75 6
9 0
10 0
36 0
79 0
302 1
138 2
109 4
47 7
26 2
50 0
27 6
48 4
7 0
10 4
9 22
0 42
0 11
11 1
0 0
0 5
8 11
0 1
0 0
0 0
0 3
0 0
0 0
5 4
0 0
0 0
3 0
0 0
0 0
0 0
0 0
0 0
0 0
0 0
0 0
0 0
0 0
11 2
35 0
66 3
11 0
15 2
44 0
3 0
60 0
47 0
34 0
98 4
116 7
30 6
20 2
7 0
26 0
127 0
71 4
99 4
45 1
40 2
5 0
0 1
1 4
27 3
9 6
4 2
1 7
0 18
6 8
0 0
0 1
2 0
18 1
0 0
0 0
1 0
2 3
0 0
1 23
2 1
0 19
2 0
5 17
0 0
57 4
330 5
512 7
504 5
991 9
1605 13
1884 10
1894 20
1975 56
1830 33
1402 21
1504 10
1078 12
817 10
691 12
1070 10
1137 13
700 13
175 41
183 16
282 40
419 19
431 11
604 59
687 8
688 37
879 35
1018 41
1063 17
1249 7
1202 7
863 6
585 7
440 14
399 11
333 13
418 10
523 10
961 19
1044 29
794 26
649 17
543 18
402 14
220 14
152 9
132 13
135 12
290 12
175 3
111 1
75 1
173 2
329 15
533 24
669 20
734 28
632 19
516 11
445 5
209 0
31 0
13 1
43 1
101 3
54 2
105 11
115 2
162 3
199 0
146 0
144 3
70 29
62 56
60 16
52 96
58 41
94 92
128 59
116 156
108 16
32 54
58 0
205 32
302 5
345 14
284 10
145 44
121 45
308 51
405 0
412 6
375 18
204 134
118 139
35 245
154 276
195 354
247 282
143 196
74 129
48 13
95 4
153 16
151 218
116 265
30 190
9 124
153 48
184 59
161 109
70 42
28 11
39 40
41 233
86 367
273 334
438 192
360 73
361 44
354 38
250 98
168 167
104 269
84 205
97 14
89 0
35 68
2 125
67 60
95 0
74 203
4 134
41 5
76 10
79 97
54 172
4 61
49 1
118 99
219 60
398 12
465 6
477 8
426 12
272 11
47 30
27 50
52 220
42 147
21 66
0 39
15 4
30 1
35 0
128 0
315 11
295 8
109 7
43 0
53 0
19 0
61 1
118 2
237 12
372 35
352 133
41 180
29 153
28 65
0 15
9 0
202 6
274 20
255 1
167 0
118 1
92 0
96 0
118 1
55 0
20 0
2 11
9 0
19 0
28 8
6 0
8 0
17 0
17 0
23 0
18 0
38 0
170 1
200 1
68 3
32 0
1 0
62 3
73 0
81 2
68 3
40 2
66 3
33 1
70 0
58 0
52 0
34 3
22 2
15 4
2 2
21 29
31 12
13 41
11 254
8 485
51 583
15 623
3 624
16 503
36 424
20 317
45 417
0 375
11 448
8 462
2 224
0 65
2 49
17 138
12 231
2 252
6 171
37 48
12 5
9 9
0 68
2 358
8 570
28 675
6 627
31 447
48 332
64 467
63 302
61 100
16 87
43 310
22 423
22 458
3 490
0 272
6 37
35 38
126 48
243 3
212 0
195 3
134 130
90 162
63 228
235 179
318 52
322 8
298 6
210 27
154 8
177 2
161 9
105 12
79 0
99 0
156 5
97 0
120 4
138 2
88 9
79 2
100 0
107 2
112 0
115 1
88 0
8 0
29 3
189 85
185 464
159 739
121 889
294 834
577 842
871 538
972 269
914 136
603 102
748 170
811 261
658 280
296 113
192 1
235 0
361 0
569 16
604 105
592 200
682 293
763 442
604 430
330 392
127 315
162 260
315 210
648 297
984 280
1159 237
876 207
1085 104
1105 227
882 450
499 395
184 353
439 319
670 302
651 283
834 448
856 363
797 500
507 347
189 412
348 204
400 201
419 169
452 104
664 157
718 270
342 336
307 382
130 198
48 198
21 138
57 17
139 2
141 41
106 157
30 185
0 154
31 7
34 15
1 1
25 98
19 54
42 63
22 204
2 278
26 249
77 191
159 27
182 4
169 4
148 2
37 0
3 0
5 3
28 6
43 41
50 0
53 2
83 6
232 3
168 33
143 11
129 0
85 3
18 0
84 2
108 40
79 66
17 58
0 36
3 7
19 3
29 0
31 2
49 0
45 0
61 0
20 9
1 0
19 0
38 0
53 0
43 0
23 10
9 0
15 2
34 0
14 0
35 0
17 0
23 0
0 0
0 0
11 0
11 0
14 0
0 0
4 0
0 0
0 0
0 0
0 0
4 0
0 0
0 0
0 0
0 0
0 0
0 0
0 0
0 0
0 0
0 0
0 0
0 0
0 0
0 0
0 0
1 0
0 0
0 0
0 0
0 0
8 0
0 0
20 0
25 0
20 0
5 2
2 0
0 0
0 0
0 0
0 0
0 0
0 0
3 0
0 0
0 0
0 0
0 0
0 0
0 0
0 0
0 0
0 0
0 0
0 0
0 0
0 2
0 0
0 6
0 21
0 21
0 52
0 107
0 36
0 13
0 11
0 3
0 0
0 63
0 180
0 194
0 129
0 8
0 11
0 0
0 0
0 0
0 0
0 0
0 0
0 0
0 0
0 7
0 0
0 0
0 0
0 0
0 0
0 0
0 5
0 0
0 0
0 0
0 0
0 0
0 0
0 0
0 0
0 0
0 0
0 0
1 0
0 0
0 0
0 0
2 0
12 0
0 0
0 0
0 0
1 0
10 0
11 0
6 0
6 0
0 0
0 0
0 0
0 0
0 0
0 0
0 0
0 0
0 0
13 0
8 0
14 0
1 0
0 0
0 0
9 0
2 0
0 0
12 0
22 0
0 0
0 0
0 0
23 0
0 0
3 0
36 0
25 0
24 0
5 0
4 0
10 0
15 0
8 0
2 0
0 0
0 0
0 0
4 0
3 0
0 0
12 0
2 1
0 0
0 0
3 0
0 0
0 0
0 0
0 0
0 0
0 0
0 0
0 0
0 0
2 0
0 0
0 0
0 0
0 0
0 0
0 0
0 0
0 0
0 0
0 0
0 0
1 0
0 0
0 0
73 0
187 0
301 0
276 0
258 0
250 0
183 0
70 0
72 0
86 0
76 0
40 0
6 0
42 0
57 0
34 0
15 0
21 0
70 0
43 0
2 0
2 0
36 0
54 0
27 0
54 0
158 0
206 0
186 4
151 4
30 2
0 0
10 0
8 0
5 0
40 9
89 4
149 3
184 0
78 0
51 0
73 0
81 0
113 0
207 3
229 19
206 4
174 22
92 54
56 156
53 263
24 316
28 311
56 245
108 220
188 77
206 12
170 2
56 2
14 133
59 211
40 211
36 231
0 248
1 188
3 93
2 32
0 3
0 0
0 0
1 35
0 139
0 155
5 110
14 5
7 0
0 0
0 0
1 4
3 6
0 0
0 0
0 0
0 0
0 0
0 2
0 0
1 0
0 0
0 0
0 0
0 0
0 1
0 0
0 0
0 0
0 0
0 0
0 0
0 0
0 0
0 0
0 0
0 0
0 0
0 0
0 0
0 0
0 0
0 0
0 0
0 0
0 0
0 0
0 0
0 0
0 0
0 0
0 0
0 0
0 0
0 0
0 0
0 0
0 0
0 0
0 0
0 0
0 0
0 0
1 0
0 0
0 0
0 1
0 0
0 0
0 0
0 0
0 0
0 0
0 0
0 0
0 0
0 0
1 0
0 0
0 0
0 0
2 0
0 0
0 0
0 0
0 0
0 5
0 11
0 4
0 23
0 13
0 8
0 9
0 1
0 0
0 0
0 0
0 0
0 0
0 0
0 0
0 0
0 0
0 0
0 0
1 2
0 5
0 0
0 8
4 5
38 0
49 40
31 153
5 188
10 173
0 61
4 26
16 2
31 5
15 0
7 14
34 5
55 7
63 0
64 0
24 0
34 0
4 0
6 0
0 11
1 9
0 41
0 61
0 28
0 18
0 13
0 2
0 0
0 0
0 0
0 0
1 1
20 0
54 0
19 1
49 3
10 0
0 0
62 2
106 3
93 3
70 0
42 1
13 0
106 2
141 1
172 2
196 2
228 4
158 1
164 1
59 0
24 1
37 1
45 0
48 0
4 0
0 0
26 4
26 0
8 2
12 2
53 7
76 44
51 117
28 131
8 62
29 1
43 0
25 1
0 70
1 127
43 205
60 237
24 248
0 181
29 148
62 128
29 16
3 3
0 0
17 0
32 0
16 57
0 45
23 44
23 70
7 37
1 24
0 8
2 3
18 0
7 0
0 0
4 0
1 0
3 0
0 0
6 0
3 0
4 0
0 0
0 0
3 0
4 0
0 0
0 0
0 0
6 0
0 0
0 0
0 0
2 0
0 0
0 0
0 0
0 3
0 0
0 0
0 1
0 0
0 0
0 0
0 0
0 0
0 0
0 0
0 0
0 0
0 0
0 0
0 0
0 0
1 0
1 0
4 0
0 0
17 0
67 0
77 1
17 2
9 0
7 1
1 0
1 0
0 11
0 20
20 32
26 20
62 9
154 0
292 9
384 2
415 0
335 0
264 0
226 0
471 46
528 24
459 110
387 208
273 182
304 50
359 2
295 1
188 0
312 2
253 0
229 65
408 197
360 205
457 201
460 168
297 72
157 0
402 0
627 0
539 6
431 62
528 277
534 588
395 713
234 542
264 302
338 319
456 322
443 61
303 6
511 266
708 546
611 703
423 664
245 87
165 134
123 378
63 441
23 179
6 93
29 288
11 329
55 284
24 316
10 432
38 304
41 78
22 97
25 16
43 17
20 115
5 122
15 182
33 189
0 31
0 54
0 1
18 11
3 5
3 48
0 53
1 90
0 37
2 10
12 6
0 0
10 2
31 4
44 1
39 0
32 0
35 0
10 0
0 0
0 0
13 1
2 4
0 4
0 9
6 0
1 0
2 0
13 0
53 1
50 6
47 6
3 0
0 0
2 1
2 10
0 18
0 10
29 28
47 18
99 18
135 26
230 19
366 11
551 14
662 8
821 27
613 72
412 193
925 253
1275 272
953 305
387 261
221 203
123 199
70 127
66 147
137 62
179 78
199 31
156 6
91 4
103 8
79 7
9 0
92 1
67 0
26 0
12 0
5 0
57 0
66 0
50 0
19 0
42 2
59 0
29 0
43 0
125 4
129 0
92 0
80 1
37 0
76 0
94 0
57 0
49 0
25 2
53 0
69 0
70 0
84 0
292 0
268 0
288 2
240 1
299 20
381 22
378 21
274 23
93 13
13 1
31 0
39 0
26 0
12 0
3 0
20 7
39 2
50 2
14 0
0 0
18 2
12 0
0 0
1 0
0 0
16 0
3 0
0 0
2 0
8 0
0 0
0 0
0 0
6 0
7 0
6 0
0 0
0 0
0 0
0 0
0 0
0 0
0 0
0 0
0 0
0 4
0 0
0 0
0 0
1 0
12 0
27 0
38 0
51 0
98 2
155 0
210 0
339 6
491 25
714 24
992 18
1059 20
1061 23
1204 21
1235 19
1155 16
1322 11
1440 16
1786 19
2005 18
1594 21
1418 23
1706 30
1746 37
1224 37
859 6
794 26
924 23
727 13
334 20
680 34
923 26
937 19
830 19
775 9
684 5
567 5
448 4
302 1
253 0
191 0
115 0
141 0
174 4
338 6
414 7
463 8
440 10
412 16
482 19
347 9
330 2
150 0
40 0
144 2
60 0
28 0
6 0
57 2
126 1
164 0
238 0
222 0
241 0
206 1
125 2
161 0
260 0
413 0
621 0
908 0
1083 0
1059 0
764 0
844 2
1219 3
1452 10
1792 6
2125 55
1926 71
1403 51
1469 30
1539 2
1542 2
1556 0
1509 0
1386 0
1074 0
660 0
1053 0
1356 0
1324 0
1237 0
1335 56
1444 136
1456 146
1316 47
1405 90
1385 25
1084 0
640 0
676 0
531 1
527 1
480 1
424 0
262 0
85 0
84 0
96 0
64 0
12 9
68 0
50 20
16 0
13 27
36 7
59 33
62 5
84 54
111 0
75 7
140 0
144 0
238 0
357 0
512 0
606 20
649 7
768 7
804 2
814 4
795 6
548 1
537 0
588 0
833 4
937 5
972 6
1047 10
1016 59
1335 178
1341 338
1071 359
634 234
478 101
953 151
986 97
945 35
808 9
1276 5
1371 51
1225 17
1161 17
1399 19
1590 17
1514 25
1606 33
1679 20
1717 15
1741 2
1451 8
858 13
555 103
487 71
481 128
481 12
639 18
730 11
866 20
1044 52
1105 23
1067 67
928 31
648 28
719 20
740 23
615 27
566 31
683 62
515 48
357 18
301 29
243 59
215 133
127 133
60 144
67 54
74 4
91 0
167 4
258 82
376 51
559 16
773 15
776 4
526 0
627 0
652 0
608 1
455 2
422 3
389 6
304 6
223 5
95 0
53 1
15 0
8 0
9 0
22 0
2 0
31 0
14 0
20 0
9 0
10 0
2 0
4 0
0 0
0 0
0 0
0 0
2 0
12 0
6 0
0 0
0 0
0 0
5 4
0 0
0 0
0 0
14 0
5 0
0 0
3 0
0 0
6 0
1 0
2 0
9 0
0 0
0 0
0 0
3 0
24 0
79 0
67 3
11 0
4 0
33 0
45 0
80 0
37 0
16 2
146 10
311 15
319 16
252 15
100 11
46 3
70 2
54 3
62 5
43 1
23 1
27 0
16 1
13 3
39 1
23 5
49 3
46 1
24 13
26 0
26 0
6 0
17 0
27 0
3 1
21 0
181 0
376 0
597 0
938 0
1565 9
2617 13
3992 15
4719 13
4938 24
3705 30
2543 17
1524 21
1395 10
1462 21
701 17
1047 33
1702 22
1714 33
1337 12
518 12
767 25
1233 36
1370 22
1024 17
1497 26
1408 33
962 15
1370 29
1599 25
1154 37
928 27
819 21
565 25
377 29
635 53
827 57
1341 68
1969 60
2186 71
2304 89
2224 58
2340 20
2538 24
2782 12
2811 44
2339 63
2085 102
1314 88
1459 12
1310 11
960 12
529 9
415 37
349 26
360 45
435 9
465 7
491 0
583 10
532 5
435 29
342 25
379 16
396 24
209 6
254 9
166 5
194 8
395 29
471 7
462 3
532 8
681 15
758 15
557 13
544 5
670 6
789 4
773 13
549 14
657 13
770 16
944 19
926 31
892 80
881 95
950 107
950 113
890 54
730 24
710 13
524 44
451 69
169 81
246 37
246 19
331 6
818 87
1307 248
1533 311
1698 190
1884 44
2387 37
2955 72
2522 31
2067 39
2932 16
3493 9
4119 11
3480 31
2881 43
2075 56
1269 40
829 22
644 2
555 63
777 11
1032 28
1235 43
1513 36
1750 23
2114 60
2464 113
2472 193
2436 312
2025 501
1797 402
1508 227
1226 66
1078 213
860 136
600 10
918 251
1088 431
1119 245
1485 82
1688 29
1937 108
2166 5
1859 28
1331 51
740 31
843 6
597 17
509 18
537 85
1041 109
1654 104
2068 1
1832 56
1707 84
1330 15
698 12
1027 115
1658 266
1689 286
1064 213
842 53
693 19
1140 23
2020 53
3051 19
3310 13
3398 36
2693 210
1596 133
803 234
2113 88
3222 126
3974 16
3578 43
2532 45
1363 70
751 8
729 11
799 55
432 163
131 121
41 137
162 37
234 15
468 19
627 38
534 57
628 3
1002 6
1165 10
1343 5
1410 26
1696 8
1883 31
2260 17
2020 15
1727 68
1418 52
1379 69
1180 20
1566 64
1722 74
1617 136
1474 112
1068 151
1371 126
1433 44
1538 21
1318 118
832 237
1266 279
1135 123
1110 54
1169 69
760 231
1101 451
802 613
860 525
737 388
594 203
407 50
136 12
281 6
339 20
427 127
449 181
194 156
62 2
56 44
26 103
56 14
226 9
175 14
252 19
311 12
220 1
35 0
86 25
431 7
649 0
748 1
769 45
785 84
605 40
241 1
341 2
483 63
610 18
230 18
30 14
59 34
76 0
6 39
42 0
1 4
5 1
0 7
0 13
46 32
63 29
62 35
87 1
108 4
79 12
201 0
299 0
333 0
339 0
177 26
73 80
79 74
34 95
50 37
43 56
18 156
27 216
12 204
34 226
240 120
335 81
317 137
138 44
121 57
76 31
34 5
80 1
124 0
0 18
35 0
47 0
0 0
70 23
99 24
31 63
28 127
28 334
27 341
43 357
47 139
57 128
78 224
62 196
55 143
55 12
54 0
123 17
199 22
204 10
268 46
195 13
196 7
177 25
184 8
150 13
122 29
36 1
2 0
59 0
61 2
18 5
16 5
19 0
52 0
78 0
60 4
80 193
43 254
105 371
69 142
99 65
84 1
120 0
48 47
22 211
45 388
4 536
38 448
9 518
0 54
0 5
0 5
0 17
2 115
0 0
2 0
7 0
0 0
0 0
5 14
4 2
38 13
25 0
21 0
18 0
11 2
0 0
3 0
0 3
11 25
4 0
22 0
120 2
167 2
146 6
119 15
30 0
43 7
102 0
148 2
123 3
71 2
81 0
138 132
286 137
374 331
413 168
361 14
125 7
306 48
311 122
115 58
18 42
15 0
2 0
16 0
17 2
1 3
12 0
16 0
36 0
109 2
335 4
249 0
321 0
468 0
587 0
616 0
563 0
503 30
472 78
218 137
52 117
275 149
349 197
405 321
391 395
394 369
401 246
393 173
391 139
360 112
321 91
247 64
198 60
208 35
172 14
259 0
336 0
352 2
155 0
246 2
192 2
128 2
17 0
129 1
76 5
0 0
91 0
16 0
0 0
0 0
12 0
0 0
3 0
0 0
1 0
6 0
0 0
0 0
11 0
3 0
0 1
7 42
16 325
59 499
66 608
76 735
52 699
18 415
25 87
3 82
1 37
42 138
88 211
233 180
266 27
147 143
40 288
14 381
110 321
339 293
521 79
634 21
507 0
78 0
35 69
13 52
91 64
134 85
314 57
365 29
378 13
192 6
128 4
69 0
70 1
197 0
309 11
389 4
476 3
416 13
358 21
312 14
345 11
324 11
278 14
219 15
137 10
71 4
21 0
47 0
90 0
58 3
36 7
39 5
66 0
67 1
58 27
0 200
36 471
67 625
51 572
22 518
12 153
30 59
31 211
21 381
0 518
22 691
34 738
29 604
10 362
2 53
12 213
26 514
28 691
18 763
13 416
104 112
127 97
173 252
225 337
301 324
351 281
244 114
231 117
166 201
76 310
26 172
29 72
16 49
12 217
19 278
1 368
0 415
0 343
0 53
7 26
0 76
2 81
0 1
0 0
5 7
3 42
2 63
0 5
0 0
24 1
3 4
42 1
92 6
3 0
27 1
13 0
0 0
0 0
0 0
0 0
3 0
0 0
2 0
1 11
14 0
17 1
0 35
3 51
6 110
0 134
0 111
2 85
4 60
11 15
6 5
7 1
3 10
5 0
0 0
10 0
12 0
22 2
17 0
6 0
0 0
0 0
0 0
0 0
2 0
0 0
3 0
11 0
13 1
8 11
7 0
0 0
1 0
8 0
21 0
4 0
23 0
0 0
67 0
28 0
15 2
2 0
1 0
16 0
49 2
77 0
122 0
154 0
178 0
285 0
346 0
410 1
371 0
406 1
506 0
581 0
343 0
240 1
504 44
1093 57
1492 73
1558 50
1326 3
1014 2
1512 0
1773 0
1695 0
1499 0
890 0
670 0
550 0
463 0
379 0
217 0
262 0
208 0
146 0
163 0
230 0
273 0
212 0
122 2
87 1
64 6
8 143
14 210
1 175
1 65
40 73
0 16
4 192
12 260
20 298
34 165
0 0
16 95
0 507
0 862
21 1133
14 1553
0 2142
32 2752
36 3052
49 3027
74 2673
52 2143
10 1288
0 879
0 462
28 669
0 839
0 527
0 52
8 122
0 262
0 569
26 541
0 754
0 501
0 256
0 19
10 43
0 185
0 110
0 15
0 10
2 33
0 139
10 29
0 34
9 0
0 8
0 9
0 0
0 3
0 0
14 11
0 33
5 25
1 0
0 0
0 6
0 8
0 0
0 0
0 0
3 0
0 3
5 0
8 0
1 0
0 6
0 5
0 6
0 30
5 3
0 4
9 0
0 0
8 0
0 2
0 0
6 0
0 5
0 0
0 0
0 0
0 0
1 0
43 0
203 0
339 0
225 0
219 0
182 0
161 0
48 0
17 0
57 0
61 0
143 0
180 0
122 0
145 0
179 0
103 0
102 0
154 0
117 0
71 0
37 0
32 0
89 0
133 0
117 0
62 0
14 0
0 0
0 0
0 0
2 0
0 0
1 0
5 0
0 0
0 0
0 0
0 0
0 3
0 0
0 0
0 0
0 0
0 0
0 0
0 0
0 0
0 0
0 0
0 0
0 0
0 0
0 0
0 0
0 0
0 0
0 0
0 0
0 0
0 0
0 0
0 0
0 0
0 0
0 0
0 0
0 0
0 0
0 0
0 0
0 0
0 0
0 0
4 0
1 0
0 0
5 0
4 0
3 0
38 0
17 0
27 0
9 0
24 0
1 0
36 1
0 0
2 0
2 0
0 0
0 0
0 0
0 0
8 0
0 0
1 0
0 0
3 0
10 0
0 0
0 0
7 0
0 0
0 0
0 0
0 0
0 0
0 0
1 0
0 0
0 0
0 0
0 0
0 0
0 0
0 0
0 0
0 0
2 0
0 0
0 0
0 0
0 0
2 0
0 0
0 0
0 0
0 0
0 0
0 0
0 0
0 0
0 0
0 0
0 0
0 0
0 0
0 0
0 0
0 2
4 0
0 5
1 0
0 9
0 0
0 0
0 0
0 0
0 0
2 0
2 0
0 0
0 0
0 0
0 0
1 0
0 0
29 0
10 0
5 0
10 0
3 0
0 0
0 0
0 0
2 0
0 0
0 2
2 5
0 0
38 3
75 0
222 0
292 7
276 8
196 15
223 61
234 64
199 84
79 49
178 89
132 39
190 67
386 24
503 12
555 4
520 0
482 2
395 6
650 35
810 37
828 68
639 50
740 84
668 0
611 26
629 8
1035 35
868 4
764 2
1012 31
981 197
842 513
545 582
488 748
281 486
631 372
846 167
1157 169
1064 23
1099 47
1065 73
1089 60
743 134
1288 73
1223 194
926 179
728 91
1305 137
1383 90
1346 353
1216 267
948 246
673 15
537 30
399 260
187 359
173 446
382 428
554 232
618 25
358 202
357 269
247 325
109 655
211 660
166 690
69 652
74 574
40 344
45 130
33 165
14 169
3 121
31 10
55 0
58 87
81 161
122 150
163 25
170 3
165 0
102 41
59 9
79 4
49 0
17 0
4 24
12 18
17 6
6 14
2 12
11 12
17 35
5 4
3 0
0 0
7 0
17 7
4 0
0 0
0 0
8 9
2 5
11 0
8 0
21 0
11 0
11 2
12 1
2 0
1 0
3 0
0 0
0 0
0 0
0 0
0 0
4 0
16 0
8 0
3 0
11 0
13 0
0 0
7 0
5 0
24 0
49 0
72 0
53 0
2 0
13 0
22 0
64 0
12 0
0 0
0 0
0 0
5 0
13 0
2 0
31 0
29 0
57 0
60 0
93 0
44 0
87 0
82 2
76 24
94 93
107 176
37 129
43 110
0 112
0 60
0 2
18 0
10 0
1 0
14 8
12 48
0 79
4 95
3 31
20 0
55 0
24 0
77 8
99 0
59 4
64 0
6 0
41 0
85 0
94 0
86 0
55 0
15 0
0 0
0 0
21 0
29 0
69 0
69 0
39 0
44 0
9 0
75 0
128 0
115 0
76 0
76 0
112 0
182 0
183 0
250 1
417 8
397 2
463 12
492 4
438 0
384 0
258 14
141 111
157 139
213 178
144 151
169 94
189 14
118 0
5 0
73 0
145 1
210 23
218 23
285 92
251 72
247 35
89 7
68 1
93 2
47 4
34 0
18 1
47 0
39 0
130 0
78 1
90 0
14 0
10 0
11 0
4 0
1 0
1 0
2 0
0 0
0 0
0 0
0 0
3 0
1 0
0 0
4 0
0 0
0 0
0 1
0 0
0 0
0 0
0 0
2 0
0 0
0 0
0 0
0 0
92 0
220 0
319 0
237 0
196 0
168 0
148 0
264 0
289 0
317 1
386 1
309 0
281 0
130 0
280 0
382 0
296 0
298 0
330 0
292 0
315 0
427 0
548 0
612 0
576 0
694 0
540 0
131 2
117 2
208 1
269 2
98 0
144 6
161 15
150 18
169 34
84 2
91 18
16 0
22 8
177 22
243 36
317 14
378 0
357 4
220 1
179 3
119 13
226 4
270 10
295 5
103 3
274 12
507 15
541 18
478 10
409 6
196 63
51 199
74 339
201 372
450 309
464 259
417 158
468 90
460 117
389 22
441 78
347 121
187 68
73 127
99 42
199 35
163 4
259 13
394 15
559 21
555 24
571 27
441 35
208 17
129 22
227 28
363 70
304 63
321 22
112 13
39 10
37 6
59 20
150 13
70 7
65 6
77 11
125 17
300 16
487 22
483 23
366 9
351 6
425 9
439 11
460 11
517 13
633 20
725 19
781 15
621 9
513 22
755 44
850 46
797 45
849 49
988 42
1089 68
1265 93
1392 25
1512 20
1713 9
2391 10
2665 7
2310 2
1972 3
1147 1
1351 22
1434 46
890 20
782 26
1114 15
1193 5
1077 12
877 14
678 7
530 15
1021 0
1154 0
633 0
1336 4
1770 37
1917 0
1688 2
1026 0
1462 2
1705 1
1645 5
1305 5
2178 5
2693 3
2740 3
1915 5
1173 2
2419 8
2946 0
2825 2
2145 2
4072 3
3979 4
3306 22
2010 5
1727 11
2453 10
2905 4
1943 8
2904 8
2897 17
2490 6
1401 8
1951 9
2407 0
1233 6
2210 4
2916 8
2151 15
1405 4
2768 82
2957 125
1677 141
1667 97
2478 46
2588 51
2025 30
2009 13
2716 34
2522 18
1926 23
2083 31
2253 20
2356 31
2337 8
2028 19
1608 37
1259 20
1225 52
1451 147
1526 286
1682 451
1779 675
2173 844
2738 941
2769 741
2204 930
2470 868
3586 839
3406 879
2797 642
3098 556
2854 477
3348 274
4684 239
5593 265
5436 381
4320 386
2796 282
2198 320
1803 174
2770 259
3499 34
4333 119
4263 36
3605 54
2813 115
3215 166
3248 184
2988 119
2584 49
2181 38
1865 63
1830 86
1745 167
1785 302
1702 434
1610 439
1457 525
1265 329
940 142
891 161
996 310
1169 366
1284 641
1223 1019
977 1251
780 972
632 1025
450 1310
263 1413
191 1307
41 1144
17 725
20 535
94 559
259 193
135 21
96 13
86 207
10 292
33 365
61 379
74 348
134 172
84 28
157 40
180 88
156 253
182 136
196 109
199 51
199 7
195 73
144 91
198 74
161 8
103 13
134 42
137 29
99 30
31 2
8 0
0 19
0 11
20 24
0 9
31 29
9 0
4 3
8 2
0 0
11 9
0 0
0 0
0 0
0 0
0 0
4 17
5 31
1 16
0 26
0 5
0 0
2 0
0 0
0 0
0 0
0 0
0 0
0 0
0 0
0 0
0 0
0 0
0 0
0 0
0 0
0 2
0 0
0 2
0 58
0 82
0 213
7 219
0 231
0 122
0 80
0 20
0 9
0 67
0 76
0 43
0 15
0 14
0 13
0 7
0 5
0 1
0 0
0 0
0 32
0 68
0 0
0 0
0 0
1 4
0 0
0 0
0 0
0 0
0 6
0 0
0 0
0 0
0 0
0 6
0 0
0 0
0 0
0 0
0 0
0 0
0 0
0 0
0 0
0 0
0 0
0 0
0 0
0 0
0 0
0 0
0 0
0 0
0 0
0 0
0 0
0 0
0 0
0 0
0 0
0 0
0 0
0 4
0 11
0 0
0 4
0 0
0 0
0 0
0 0
0 0
0 0
0 0
0 0
0 0
0 0
0 0
0 0
0 0
0 0
0 5
0 50
0 255
0 422
0 572
0 648
0 507
0 299
0 129
0 20
0 0
0 0
0 0
0 0
0 0
0 16
0 10
0 78
6 125
1 170
0 199
0 128
0 90
0 14
0 0
0 0
0 0
0 0
0 0
0 0
0 0
0 0
0 0
0 0
0 0
0 0
0 0
0 5
0 6
0 0
0 0
0 0
0 0
0 0
0 6
0 0
0 0
0 0
0 0
0 0
0 0
0 0
0 1
0 0
0 0
0 0
0 4
0 0
0 0
0 0
0 0
0 0
0 0
0 0
0 0
0 0
0 0
0 0
0 0
1 0
0 0
0 0
0 0
0 0
0 0
0 0
0 0
0 0
0 0
0 0
0 0
0 0
0 0
0 0
0 1
0 0
0 2
0 0
0 0
0 0
0 1
0 0
0 0
0 0
2 0
0 0
0 0
0 0
0 0
0 0
0 0
0 0
0 0
0 0
0 1
0 0
0 0
10 1
5 0
27 0
247 0
288 0
399 0
623 2
726 1
772 0
666 0
548 0
512 0
349 8
130 0
72 0
49 0
6 0
2 0
0 0
0 0
0 0
4 0
8 1
6 0
5 0
25 0
59 0
71 0
60 2
33 4
41 0
46 2
31 4
16 8
23 1
24 19
11 1
1 12
1 3
6 10
6 16
3 12
0 10
0 11
0 35
0 5
2 12
15 33
16 60
8 31
3 20
5 27
7 22
1 25
0 13
2 19
2 39
0 4
2 8
0 2
24 13
76 3
109 30
129 0
284 18
352 1
422 1
463 5
594 7
747 10
977 21
1024 16
1110 18
1130 17
883 52
677 28
467 75
471 52
326 98
368 193
484 134
545 217
612 147
690 211
774 181
737 180
715 267
567 300
456 202
611 268
548 252
492 147
503 174
686 139
1269 82
1682 103
1832 30
1866 85
1767 35
1478 82
1047 30
694 80
1093 22
929 71
617 19
1278 72
1657 29
1499 106
1271 95
1440 159
1565 134
1634 369
1612 655
1439 879
1519 933
1866 1224
1798 1220
1750 1556
1774 1507
1775 1642
1662 1121
1452 1093
1428 619
1286 925
1146 383
1266 739
1378 819
1204 1004
1415 988
1755 1016
1913 1020
2028 1283
2000 1425
1833 1695
1365 1755
1256 1812
1272 1719
1185 1769
897 1574
770 1444
804 1239
772 1160
1141 1132
1572 1185
2045 1348
2269 1321
2218 1072
2193 849
1497 654
1169 491
1358 578
1841 411
2086 347
2382 348
2552 120
2215 193
1649 146
790 40
1103 56
1692 89
2187 87
2185 24
1958 149
1415 47
1408 115
1312 91
1133 363
1131 485
996 949
1162 961
1355 1516
1334 1990
905 2116
535 2172
206 2117
190 1455
264 882
381 686
789 540
1184 480
1389 681
1147 599
405 472
281 352
319 366
341 312
454 184
506 306
399 650
364 1641
363 2339
268 2692
213 2779
185 2677
86 2627
38 3249
48 3410
42 3623
37 3773
26 3879
42 3462
127 3550
36 3075
9 2520
0 2145
2 1992
0 2123
8 1956
12 1966
23 1624
10 1260
0 823
24 374
0 64
16 30
0 31
1 7
0 10
2 32
0 7
0 33
0 75
1 36
0 42
2 0
0 10
0 3
0 4
0 0
9 20
0 0
0 21
0 1
0 5
0 0
0 0
0 0
8 5
8 2
0 13
0 3
0 1
15 0
33 3
4 10
0 12
36 12
31 16
0 0
0 2
0 0
0 0
0 0
0 3
0 3
0 25
0 6
0 1
2 1
0 0
3 3
0 0
0 4
0 0
0 9
0 5
0 11
0 8
0 0
0 0
0 3
0 0
0 6
0 9
0 20
2 131
0 374
0 525
0 322
0 208
0 332
0 398
0 483
0 632
0 667
0 515
0 293
0 237
0 287
0 468
0 588
0 528
0 454
0 265
0 160
0 35
0 29
0 7
0 0
0 14
0 0
0 0
0 16
0 3
0 8
0 1
7 32
48 189
102 525
72 911
20 1309
25 1370
56 1491
42 1200
87 1413
112 1522
8 1379
7 1158
13 740
0 540
0 172
0 95
0 144
0 82
0 3
2 21
0 4
0 2
4 2
96 14
160 14
166 15
207 25
220 27
238 19
365 162
334 419
276 644
220 830
21 1335
42 1915
86 1885
32 1126
308 546
371 996
326 1345
275 1401
320 1553
261 1546
252 1912
287 2019
337 2652
362 2747
388 2625
446 2417
506 2892
514 3230
540 3583
401 3176
456 3151
488 3475
696 3633
900 3563
947 3873
740 4344
760 4396
847 4520
803 4420
652 4577
531 4125
479 4014
378 3218
220 2715
154 1903
61 1655
43 1220
17 923
26 501
22 565
47 349
83 293
37 553
26 769
39 922
82 1073
117 1109
156 1011
186 1065
165 866
166 898
151 858
117 889
155 1158
129 1185
130 1342
106 1398
76 1657
94 1937
63 3844
79 2664
61 2234
152 2221
133 1912
162 1359
107 1616
33 1938
97 1886
79 1775
124 1836
142 1985
110 1683
130 1314
139 1020
165 874
138 549
142 339
133 187
127 105
100 135
87 213
85 292
27 231
79 106
35 80
10 42
9 83
2 91
5 60
0 25
1 53
10 65
77 30
200 55
408 79
495 191
627 405
619 485
838 643
983 666
991 853
892 1027
888 1160
1295 953
1598 1055
2013 697
2099 775
1656 702
1753 692
2032 252
2132 236
2069 60
1819 377
1424 286
1053 626
701 634
519 976
348 1182
278 1641
269 1787
259 2162
164 2128
106 2426
119 2668
84 2740
40 3055
85 3237
56 3412
101 3343
66 3180
94 3197
172 3350
137 3696
179 3700
145 3595
101 3470
124 3463
169 3311
213 2980
237 2677
259 2420
198 2099
120 1804
94 1749
84 1708
54 1522
36 2004
28 1798
61 2199
110 1530
177 1364
210 966
211 673
222 830
236 915
186 638
145 642
70 1031
76 1041
48 599
0 810
0 308
4 633
3 149
15 28
0 95
10 198
12 433
37 245
89 188
55 250
64 236
30 291
24 370
29 318
3 187
30 167
14 46
0 54
0 85
0 95
8 28
30 20
39 7
70 10
111 12
132 31
70 65
117 121
73 162
28 117
1 19
0 52
0 19
0 0
0 1
0 0
0 5
0 9
0 8
0 17
0 20
0 0
0 0
0 0
0 0
0 0
0 0
0 3
7 0
0 0
0 0
0 0
0 0
0 0
0 0
0 0
0 0
0 0
0 0
0 2
0 0
0 3
0 7
0 0
0 0
0 0
0 0
0 0
0 0
4 0
0 0
0 0
0 0
0 0
0 0
0 0
0 0
0 0
0 0
0 0
0 0
0 0
0 0
0 0
0 0
0 0
0 0
2 0
0 0
0 0
0 0
0 0
6 0
15 0
10 0
9 0
0 0
0 0
0 0
0 0
0 0
12 0
81 3
137 10
92 6
87 5
126 4
112 4
94 4
78 2
0 0
0 0
17 2
21 0
60 4
128 4
123 3
61 3
19 3
27 2
23 0
4 1
9 0
3 0
2 2
5 1
6 2
27 3
108 0
210 0
112 1
119 4
136 1
140 6
236 7
144 5
109 2
138 0
39 0
94 0
77 0
22 5
7 1
4 2
50 6
32 3
9 0
20 5
19 0
1 3
15 5
0 0
0 1
0 0
0 0
0 5
0 1
0 5
0 0
0 0
0 0
0 0
0 2
0 0
0 0
0 0
13 1
3 1
30 2
86 1
152 7
173 32
312 18
132 11
425 19
279 22
55 0
535 24
852 23
911 19
753 18
947 21
475 12
567 13
841 13
958 24
547 1
191 2
256 3
194 0
139 0
67 0
46 0
113 1
103 0
22 0
246 0
343 0
240 0
120 0
33 0
16 0
40 0
92 0
129 2
91 0
44 0
36 0
38 0
48 0
50 0
326 0
555 0
742 0
575 3
292 10
18 0
36 1
65 6
152 11
300 2
422 0
469 0
509 1
473 0
278 0
83 5
290 0
270 0
148 0
91 0
321 0
418 0
314 0
101 0
351 0
706 0
1111 2
832 18
332 13
413 16
707 22
752 4
199 0
166 0
218 0
444 0
320 0
50 0
330 0
409 0
289 0
68 0
0 0
11 0
0 0
8 0
58 1
18 8
31 15
50 93
35 439
59 815
74 1019
285 1334
669 1692
880 1751
908 1576
735 1517
452 1073
169 619
22 558
89 919
6 934
40 792
75 470
18 84
2 306
34 528
2 780
3 890
44 766
39 739
0 647
0 505
0 450
0 275
0 193
0 29
0 62
0 17
0 16
0 0
1 36
5 26
74 30
72 24
136 6
70 7
5 6
8 5
3 0
31 3
39 1
137 13
94 5
13 13
79 4
70 0
35 1
47 4
170 7
357 23
236 10
210 7
265 27
310 31
285 48
249 91
149 38
68 65
301 16
362 44
187 59
26 18
7 12
26 193
32 137
45 200
22 22
12 1
30 296
6 49
34 162
39 473
22 196
11 33
64 227
4 45
40 235
11 29
14 47
15 40
18 142
0 67
0 80
0 98
1 69
3 93
0 115
37 121
42 191
51 105
59 249
133 472
157 705
152 558
67 450
21 651
27 345
46 259
53 97
131 361
249 207
341 161
350 54
204 232
96 27
127 22
55 7
72 57
61 189
11 158
19 57
0 61
12 33
0 15
0 9
0 2
0 14
0 10
0 128
0 312
0 281
0 462
0 770
0 835
4 914
0 872
48 995
10 998
21 1283
23 1055
21 894
20 607
3 494
0 621
1 889
0 968
10 506
10 177
7 13
2 5
0 0
0 24
0 4
0 3
0 0
0 18
0 0
0 2
0 0
0 2
0 6
0 9
3 0
0 0
0 17
0 3
8 0
0 14
0 3
0 10
0 12
0 4
0 0
0 0
0 0
0 0
0 0
0 0
0 0
0 0
0 0
0 0
0 0
0 0
0 4
0 0
0 0
0 0
0 0
0 0
0 0
0 0
0 0
0 0
0 0
0 0
0 2
0 0
0 0
0 0
0 1
0 2
0 16
0 16
0 13
0 19
0 4
0 3
0 66
0 78
0 23
0 0
0 0
0 7
0 8
0 0
0 0
0 0
0 0
0 0
0 0
0 1
0 0
0 0
2 10
0 0
0 2
0 0
0 0
0 3
0 5
0 12
0 22
0 1
0 0
0 0
0 0
0 0
0 0
1 3
0 8
0 0
0 0
0 0
0 0
0 0
0 4
0 0
0 8
0 0
0 0
0 4
0 36
0 174
0 206
0 210
1 114
3 117
3 100
23 178
54 144
107 111
161 80
213 97
158 130
192 112
238 95
193 96
125 71
129 41
129 26
175 68
225 162
74 11
79 3
91 17
112 21
90 6
27 38
22 95
24 66
90 148
97 256
101 217
50 73
0 82
0 46
0 36
0 31
32 20
6 0
6 0
43 5
91 6
158 30
383 26
481 85
527 47
746 43
1042 52
1780 68
2210 21
2274 38
2406 18
2474 73
2169 63
2131 123
2067 37
1911 114
1753 71
1701 41
1615 20
1403 54
1274 20
1178 25
1268 23
1406 23
1562 15
1565 16
1517 17
1322 2
1173 6
1403 5
1675 22
1606 18
1568 17
1688 18
1378 15
1408 13
1732 13
1839 15
1840 11
1780 13
1552 5
1156 11
777 12
1213 15
1200 10
969 12
906 12
739 19
828 12
750 10
715 12
911 1
1283 1
950 0
485 1
557 0
768 0
836 2
833 0
541 0
546 0
447 0
172 0
137 0
238 0
436 0
817 0
1214 0
1124 5
825 0
375 1
644 0
404 0
52 0
219 2
273 1
235 0
291 0
69 0
60 0
5 0
10 4
10 0
84 12
38 18
102 13
290 8
644 4
1113 8
1785 11
1901 16
1616 17
867 15
1506 7
1729 6
1553 13
1121 4
552 9
761 1
899 7
746 17
660 18
582 10
179 10
110 2
618 0
1460 7
1906 0
2381 8
2188 0
1943 6
1453 0
2009 1
2067 7
2095 10
2788 17
3118 9
2163 3
2618 8
2885 7
1452 4
2613 5
2612 9
2289 33
2295 38
3398 20
3559 22
3670 17
4068 15
2271 20
1086 17
922 49
1265 12
1280 27
1230 17
1178 22
925 34
501 9
48 8
128 6
363 4
408 0
520 4
451 1
237 0
32 0
38 3
62 4
80 7
31 3
25 7
18 2
92 2
190 2
220 1
287 1
236 4
169 2
218 9
32 3
34 2
98 1
219 0
298 1
335 1
289 0
328 2
260 0
297 0
234 3
185 4
91 8
18 11
1 4
67 6
190 0
71 0
22 0
25 0
70 0
143 0
191 0
357 0
431 0
777 0
982 1
880 0
907 0
737 0
519 0
500 1
520 0
430 0
430 0
509 0
568 0
454 0
231 0
73 0
3 0
97 0
121 0
556 0
828 0
996 0
1147 0
1221 3
1249 0
1187 0
1195 0
1353 0
1593 1
1782 0
2107 0
2129 0
1746 0
1163 0
978 0
913 0
827 0
807 3
792 0
739 1
619 2
522 1
425 0
324 0
275 0
184 8
28 0
55 0
43 0
102 0
295 0
590 0
906 0
1091 0
1375 0
1568 2
1731 0
1962 0
2130 0
2199 1
2126 5
1765 4
1431 2
1048 3
1386 0
1593 0
1671 1
2063 2
2385 2
2656 2
2559 2
2170 27
1362 35
744 15
332 5
287 10
405 17
655 26
918 24
1053 33
1180 26
1038 9
677 0
383 1
456 2
771 1
1040 2
1133 2
934 2
710 1
972 1
1128 0
1131 0
926 6
303 2
656 5
1232 8
1474 1
1451 1
1065 6
717 0
719 0
811 2
843 0
555 3
916 2
1508 2
1524 1
1407 0
1063 5
489 8
555 9
1037 4
1224 1
1226 1
905 2
301 5
775 2
882 4
723 0
311 5
429 3
960 5
1011 0
645 3
658 2
872 0
726 0
435 0
159 0
133 3
221 37
759 0
1104 6
1461 28
1802 36
1739 103
572 43
443 59
229 25
193 64
293 107
253 186
396 323
610 559
767 621
750 765
720 1057
678 1255
711 1463
602 1396
510 1544
461 1701
299 2092
27 2395
140 2951
364 3033
309 3248
213 3668
12 3939
161 4015
238 4462
178 4740
30 4900
55 4617
69 4030
31 4041
7 4203
71 3889
192 3606
255 3143
208 2603
329 2052
1116 1479
1666 1036
1896 891
2069 394
2130 218
1945 197
1152 264
1626 752
2573 1173
3924 1577
4705 1953
3765 2344
2056 2748
3112 3483
3957 4054
4006 4561
3639 4651
2872 4783
2447 4369
2103 4391
1876 4473
1571 4154
1563 3824
1562 3670
1363 3223
1282 3158
1184 2718
1550 2370
2111 1839
3547 1777
4395 1384
3957 1319
2623 1056
1527 1145
1552 1079
1543 1356
1223 1330
946 1604
598 1882
363 1696
442 1740
340 1864
289 2045
231 1697
265 1593
223 1419
245 912
200 602
223 808
240 1115
279 832
180 630
377 870
387 564
420 410
341 235
298 162
234 63
146 46
254 35
600 66
892 62
988 193
952 282
1188 343
1155 329
1101 183
1104 138
989 15
858 37
712 177
589 399
489 422
605 416
714 436
824 646
1085 673
1274 562
1403 601
1294 547
1185 681
1088 755
996 875
770 1015
386 1127
234 1498
56 1093
70 813
93 669
230 384
428 366
461 724
593 267
696 200
655 631
480 166
501 52
442 128
401 5
384 152
324 65
386 40
646 32
874 69
959 0
1228 70
1474 8
1631 0
1345 1
924 11
637 101
441 63
456 76
438 1
323 41
84 0
721 102
1166 6
1098 0
480 10
872 9
1764 0
1895 0
1595 10
981 0
1109 20
1135 9
933 3
752 2
1101 14
1270 17
1143 0
823 0
708 0
944 0
1027 8
777 0
472 0
600 0
836 0
872 0
851 1
683 0
419 143
114 147
281 68
407 0
512 25
665 0
1077 24
1196 27
1276 0
1225 5
1106 0
840 0
422 10
166 5
56 4
238 2
274 0
373 0
413 0
481 0
545 2
591 3
661 0
744 1
857 0
967 19
924 4
1001 7
896 0
1233 3
2120 37
2371 0
2272 0
1966 8
1166 4
1583 63
2182 215
1597 31
1571 33
1829 15
1366 10
2222 13
2323 0
2378 5
2304 1
2316 0
2330 7
2094 1
1889 0
1711 17
1966 3
2281 7
2220 0
2234 12
2223 0
2036 1
1779 0
1693 0
1359 0
1001 12
1175 0
1454 18
1650 193
1660 517
2134 276
2900 242
3531 238
4056 202
4535 158
4718 172
4224 141
3753 103
3818 31
3310 76
2566 44
2102 17
1555 1
1526 5
1476 13
1433 26
1157 0
1206 9
1249 6
1365 14
1422 13
1462 4
1490 0
1429 0
1619 11
1980 9
2198 27
1504 24
1152 23
1864 2
2071 9
1755 8
1412 14
1330 15
1564 14
1493 6
1851 8
2329 14
2798 19
2893 24
2813 23
2725 26
2547 20
2449 28
2745 25
2699 14
2589 6
1942 4
928 3
843 10
920 9
939 10
1044 10
1722 11
2053 8
2107 8
2393 0
2756 4
3196 25
2744 33
2085 49
1369 40
1624 42
2331 13
2376 15
2565 16
2301 20
1667 22
1713 5
2615 17
3555 16
3412 17
2829 2
3026 3
3136 3
2861 13
2653 18
2467 15
2236 11
2112 0
1704 0
1822 6
2049 5
2205 4
2207 2
2364 0
2443 2
2718 2
3640 4
3552 4
2728 4
3175 7
3699 5
4303 3
4452 1
3688 14
2829 9
2319 28
2838 23
2670 13
2454 23
2512 28
2422 72
2043 59
2099 49
2560 41
4218 23
5945 18
6874 6
5061 5
2239 4
2375 2
707 4
1352 3
1069 3
378 4
136 2
184 3
190 0
110 0
40 0
11 0
191 0
275 0
359 0
289 0
235 0
193 0
165 0
64 0
73 0
129 0
401 0
467 1
620 0
919 0
1098 3
1273 3
1675 2
1901 2
1887 4
1445 2
1333 2
872 3
605 1
608 0
476 1
338 0
298 2
392 0
466 0
372 0
444 0
528 12
488 0
875 0
1091 0
1279 0
1242 0
1159 2
920 0
900 1
629 3
560 3
652 2
1021 1
1009 0
1004 2
1007 2
1033 1
1197 1
1246 1
1243 0
1093 3
890 3
686 1
489 0
316 0
392 3
503 0
495 1
344 0
509 0
673 0
964 1
995 3
1261 6
1529 2
1598 5
1627 6
1624 4
1777 10
1848 7
1816 3
1350 4
1598 1
1942 4
2069 0
2184 1
2140 3
2280 2
2712 5
3163 2
3504 6
3418 5
3126 1
2798 10
2472 10
2092 21
1636 28
1704 18
1550 20
945 5
535 12
328 3
1140 8
1397 2
1285 1
1227 0
1060 0
560 4
295 1
592 6
305 8
861 13
848 7
795 6
575 5
589 5
252 2
192 4
80 2
80 0
28 0
28 0
210 0
179 0
184 0
4 0
99 1
387 2
379 0
154 1
342 0
852 0
939 0
725 0
168 4
838 3
822 1
538 0
395 0
789 0
774 0
385 0
961 0
1035 1
719 0
444 0
1028 0
975 0
752 0
133 0
339 0
148 0
66 0
258 2
452 0
413 0
258 3
10 8
0 29
336 28
446 14
393 12
123 35
3 30
151 38
130 43
15 14
0 0
0 3
0 0
0 0
1 0
8 0
72 0
0 1
2 0
23 0
8 0
4 0
14 0
78 2
28 1
18 0
112 0
762 1
708 2
374 3
574 0
950 0
1051 0
847 0
480 0
769 0
1067 3
994 0
662 0
170 0
1052 0
1138 0
1044 0
538 0
783 0
1065 0
895 0
409 0
709 0
1046 0
938 0
364 0
766 0
990 0
814 0
36 0
560 0
802 0
436 0
112 0
695 0
566 0
0 0
665 0
688 0
297 0
387 0
696 0
550 0
0 0
375 0
475 0
385 0
0 0
337 0
292 0
9 0
112 0
185 0
15 0
3 0
274 0
29 0
25 0
0 12
0 167
0 603
0 1001
0 828
0 822
0 651
0 561
0 384
0 351
0 654
3 837
5 1003
15 929
5 961
366 740
362 450
656 267
587 464
389 185
368 240
687 51
1230 91
2474 3
3693 31
4783 5
5753 10
6689 35
6389 43
5628 50
4689 46
3367 51
1841 45
1296 30
984 34
251 17
555 21
423 13
538 21
668 34
740 30
1241 40
1749 48
1812 46
1747 26
1933 31
1723 50
1252 28
689 35
306 40
689 47
1046 72
1403 68
1067 52
523 36
791 22
824 23
737 19
676 24
643 38
848 43
780 43
680 27
948 20
1002 30
968 117
836 332
683 686
445 863
401 877
362 1031
536 1219
588 1502
1356 1676
1576 2298
1681 2420
1960 2806
2502 3014
3345 3041
3686 2222
2710 1364
2558 832
2660 540
2369 484
2020 337
1351 292
1451 210
1269 361
1208 257
1219 198
1334 42
1793 88
2688 394
3597 681
4825 1046
5135 1569
4544 1779
3063 1956
2047 2014
2692 2248
2294 2248
1818 2825
1758 2627
3062 2280
3468 1826
3949 1719
3671 1477
3374 1261
2487 1367
1794 1105
1486 937
1270 652
1417 802
1858 502
2084 532
2255 986
2348 305
2223 268
1979 314
1776 109
2128 112
2114 514
1687 661
1671 726
2373 534
2075 222
1682 588
1592 485
1699 996
1523 1240
1188 1383
834 548
744 1162
1512 1347
1565 658
1386 389
1068 36
1327 370
1992 70
2177 273
2510 475
2742 873
2924 1005
3101 376
3154 1528
2878 1129
2586 147
2205 412
1855 240
2320 247
2712 220
2167 157
1829 83
2254 181
2272 236
2126 286
2604 57
2219 122
1705 522
1408 531
495 361
1277 96
1157 158
1237 96
1402 72
1426 86
1358 96
1090 18
711 16
729 43
999 76
1161 105
1120 53
936 32
806 21
753 0
890 2
1193 68
1359 124
1400 30
1154 227
1025 40
604 34
623 34
974 44
1021 64
932 297
1007 139
941 166
521 163
587 200
820 232
636 170
653 171
628 154
555 46
266 126
343 218
375 170
524 209
299 61
311 299
322 235
343 44
372 6
365 53
387 61
382 28
440 101
449 90
272 94
134 101
26 229
0 367
51 198
144 174
165 300
160 203
206 108
212 15
128 76
126 26
140 43
404 99
598 53
549 55
485 0
664 84
991 71
1316 215
1816 50
2476 139
3149 82
3924 90
4388 54
4520 75
4824 168
4729 210
4623 25
4536 59
3953 87
3559 64
2974 8
2612 8
2401 19
2193 24
2020 55
1811 31
1338 30
880 20
979 18
1349 30
1652 25
1843 26
1627 29
1690 24
1579 40
1621 47
1608 48
1396 25
1161 33
1178 31
1181 20
840 12
599 12
305 15
248 17
268 10
241 6
248 3
188 0
321 0
540 0
726 1
764 10
799 5
642 7
452 3
472 8
673 9
802 48
843 39
517 15
369 15
313 7
477 7
395 10
347 11
349 5
283 7
279 2
223 2
160 4
60 4
2 0
3 0
90 0
121 0
178 4
368 13
366 13
457 11
505 20
620 26
555 16
377 4
189 3
136 3
126 7
103 18
68 16
45 14
435 23
849 36
1534 45
2083 50
2739 19
3446 10
4142 3
4672 3
5246 4
4455 0
2747 1
1807 0
2432 4
2167 0
1536 1
676 5
1017 1
951 3
399 0
165 0
244 0
190 0
364 1
325 0
91 0
1072 0
1848 0
2507 1
2728 3
2491 3
1989 3
1403 2
711 0
1221 1
1255 0
1306 0
1224 0
1177 1
1277 3
1266 4
1576 5
1829 7
1946 5
1994 6
2010 2
2111 0
2194 1
2272 0
2887 5
3321 19
3545 44
3380 21
2860 19
2636 3
2469 0
2270 1
2014 9
2441 3
1834 2
1234 3
364 12
1328 1
1351 6
1168 1
1105 3
995 7
849 4
865 6
797 3
560 3
327 0
280 0
319 0
343 0
240 0
47 0
1 0
209 0
320 0
154 0
11 1
3 0
156 0
172 0
236 0
115 0
35 0
78 0
144 0
255 1
163 0
29 0
31 2
79 20
3 5
48 0
15 0
14 0
4 0
2 0
2 0
0 0
0 0
0 0
0 0
15 0
0 0
0 0
0 0
4 0
3 0
0 0
1 1
0 2
0 0
0 0
0 0
0 0
0 0
0 0
0 0
20 0
0 0
1 0
0 0
9 0
0 0
0 0
6 0
0 0
32 0
22 0
2 0
0 0
0 0
0 0
0 0
1 1
0 0
0 0
0 0
0 0
0 0
0 0
0 0
0 0
0 0
5 0
0 0
0 0
0 0
0 0
6 1
10 0
0 2
0 0
0 35
0 6
0 3
0 1
0 0
0 0
4 1
0 0
0 0
0 1
0 23
12 0
602 2
1282 1
1818 10
2307 0
2820 0
3134 0
3342 12
2690 21
3234 26
2584 21
2132 11
1696 9
981 6
571 0
942 0
956 0
636 2
60 1
687 0
792 4
406 0
0 0
410 0
723 2
365 0
0 2
0 0
128 0
4 0
0 0
0 0
4 0
83 0
17 2
0 0
0 0
1 0
5 2
0 0
1 0
1 0
0 0
0 0
0 0
1 0
0 0
4 0
0 0
0 0
11 0
68 5
1 0
0 0
0 0
43 2
67 1
87 2
123 3
1 0
1 0
19 0
141 4
151 5
146 7
130 6
365 19
608 19
668 14
750 9
1126 16
1659 21
2224 3
2260 0
1599 0
798 1
1069 0
978 0
446 0
741 0
1749 0
1267 0
955 0
1010 0
1240 0
1117 0
304 0
724 0
922 0
799 0
692 10
1433 39
1356 27
1169 147
865 354
857 477
629 599
521 780
976 835
1149 893
1106 1114
810 1209
486 1249
45 1311
0 1491
2 1430
0 1346
0 1154
0 1167
0 810
0 547
0 460
7 438
13 358
114 352
605 386
1139 391
1520 309
1758 153
2618 74
3800 198
4704 240
5167 254
4767 258
3649 165
2140 190
434 204
1788 197
2719 347
3503 494
4088 439
3623 275
2384 81
3981 165
4413 154
3351 213
2369 192
1144 250
719 210
1162 82
2012 169
2869 190
4046 210
5028 128
4354 121
3233 147
1774 25
1389 29
1986 7
2128 4
2230 3
1654 1
2080 0
1608 0
1361 2
1246 2
1040 16
658 1
1278 20
1102 2
823 0
30 0
569 1
818 0
683 0
18 0
38 0
242 0
210 2
0 0
20 18
44 1
17 13
1 8
0 1
0 0
0 0
0 0
0 0
0 0
0 0
3 3
0 0
0 0
0 0
0 0
0 0
0 0
0 0
0 24
0 9
0 3
0 0
0 0
0 0
5 0
0 0
0 0
0 0
0 0
0 0
0 0
6 0
109 0
0 0
5 0
0 0
0 0
0 0
0 0
0 0
0 0
0 0
0 0
0 0
0 0
0 0
2 0
0 0
7 0
64 0
48 0
91 0
12 0
36 0
3 0
16 0
149 0
387 0
142 0
336 0
851 2
1284 0
1533 0
1522 0
2307 0
3221 0
2974 0
3591 2
3107 5
2152 3
1224 0
678 2
555 0
679 0
1136 0
1083 0
656 0
166 0
300 0
723 0
855 0
675 1
643 0
403 0
413 0
567 0
828 0
536 0
451 0
336 0
44 0
45 0
561 0
788 0
1090 0
1577 0
1680 0
1324 0
880 0
442 0
168 0
44 0
12 0
84 0
14 0
3 0
25 0
8 0
19 0
7 0
0 0
0 0
30 0
0 0
24 0
41 0
10 0
9 0
4 0
14 0
13 0
4 0
1 0
0 0
7 0
0 0
0 0
2 0
0 0
20 0
6 0
0 0
0 0
0 0
0 1
0 0
0 0
0 0
5 0
169 0
309 0
499 2
864 0
866 0
625 0
248 0
204 0
4 0
95 0
123 1
10 0
1 0
23 0
114 0
148 0
236 0
352 0
275 0
317 0
396 0
372 0
204 0
93 0
312 0
546 0
702 0
894 0
1119 0
1094 0
725 0
175 0
195 0
45 0
27 0
209 0
5 0
6 0
49 0
85 0
39 0
27 0
91 0
11 0
10 0
25 0
46 0
11 0
4 0
12 0
0 0
2 0
0 0
0 0
4 0
0 0
14 0
7 0
0 0
8 0
22 3
28 0
2 0
1 0
2 0
17 0
23 0
2 0
11 0
0 0
2 0
1 0
2 0
27 0
97 0
186 0
215 0
281 0
571 0
765 0
827 0
937 0
937 0
1147 0
1250 0
1795 0
2547 0
3934 0
4812 0
5358 3
5468 4
4189 3
3262 7
3531 9
4750 10
5253 10
5853 13
6629 12
5302 12
4105 11
3624 5
3197 10
2507 9
1461 10
1355 3
1389 1
1513 1
1552 3
1467 2
1368 0
1111 3
808 0
610 1
469 3
456 3
407 5
371 4
452 4
458 4
416 0
354 0
348 1
356 2
777 1
1353 4
1798 2
2228 3
2713 5
3456 2
3944 4
4180 0
3108 3
2782 2
1974 3
1489 2
899 6
863 3
1025 3
762 3
376 3
291 3
200 0
40 0
71 0
68 0
41 0
8 0
3 0
5 0
3 0
3 0
12 0
0 0
3 0
0 0
0 0
8 0
0 0
5 1
35 0
216 0
233 0
377 0
412 0
673 0
751 0
685 0
541 1
194 0
138 0
1 0
66 8
177 6
493 14
482 12
742 5
1307 4
1499 3
1861 2
1835 2
1865 0
1830 0
1876 1
2130 0
2162 0
2330 0
2464 1
2168 0
2005 0
1572 1
1665 0
1356 3
951 0
580 1
140 7
2 1
66 6
29 2
2 2
14 2
0 3
1 0
0 0
0 0
1 0
0 0
193 0
568 0
860 0
770 0
647 1
247 0
143 0
398 0
527 0
753 0
942 0
892 0
630 0
110 0
96 0
7 0
35 0
0 0
0 0
0 0
0 0
0 0
4 0
0 0
0 0
0 0
0 0
0 0
0 0
23 0
8 0
23 0
0 0
30 0
3 0
0 0
2 0
3 0
30 0
11 0
14 0
0 0
0 0
1 0
2 0
0 0
6 0
71 0
7 0
0 0
0 0
8 0
14 0
36 0
24 0
0 0
8 0
0 0
39 0
2 0
2 0
0 0
3 0
0 0
0 0
5 0
0 0
0 0
0 0
0 0
0 0
0 0
17 0
45 0
3 0
45 0
5 0
0 0
72 0
398 0
645 1
1034 0
1197 1
1043 2
788 1
399 0
165 1
366 2
626 2
518 2
142 0
524 0
575 0
784 0
874 3
1175 0
802 2
448 0
626 0
995 0
1267 1
1268 0
879 0
1058 0
1345 0
1366 0
1378 2
1414 2
1112 2
785 0
642 2
511 2
436 1
324 1
403 0
235 0
130 0
114 0
385 0
696 0
786 0
448 0
603 0
866 0
692 0
803 0
1134 2
1635 1
2161 0
2436 1
2550 0
2324 2
2084 5
1730 2
1579 1
2223 1
2519 0
2905 11
2704 9
2165 25
1723 23
2874 16
2943 3
3031 4
2861 29
2352 25
1504 22
1043 11
2128 27
3344 27
3708 6
3275 2
2916 4
3108 4
3762 7
3542 2
3443 0
3061 2
2394 1
2574 6
3291 10
3662 14
4136 8
3997 12
3404 13
2810 7
2814 11
2780 4
2834 5
2860 0
2623 2
2240 0
2381 0
2876 0
3079 0
3028 0
2434 14
2109 28
2201 31
2011 25
1658 23
1074 22
805 17
379 4
256 1
120 2
204 2
642 20
715 27
740 29
621 25
720 11
1312 19
2056 13
3131 17
4336 10
4879 0
4201 0
2790 0
1721 0
991 0
861 0
984 0
939 0
1021 0
1148 0
1448 0
1825 0
2145 0
2256 0
2320 0
2172 0
1880 0
1566 4
1309 13
1121 17
876 14
811 12
431 8
9 0
431 10
782 15
947 18
1241 15
1535 0
1895 0
1846 0
1531 0
718 0
1893 0
2075 0
1782 0
1323 0
2431 0
2481 0
1640 2
1609 0
1754 0
1978 0
2505 0
2442 0
1659 0
1067 0
971 0
1268 0
906 0
961 0
1994 2
3096 0
3460 1
3064 18
2496 31
1665 31
1923 32
2270 23
2767 3
3008 3
2511 0
1399 0
1825 0
1212 0
733 0
1577 0
1994 2
2420 3
2406 0
2172 0
2365 0
2986 11
3572 0
1718 13
1404 6
1560 1
1558 1
1606 1
913 0
1110 1
1370 0
1132 0
910 0
0 0
488 0
579 0
206 0
1 0
6 0
60 0
130 0
131 0
606 0
1136 2
1154 16
1267 30
1317 24
2046 17
2296 12
2602 14
2999 12
3760 27
5622 35
6087 18
8498 34
9844 64
7522 75
4049 59
1834 52
1475 26
1673 32
2005 33
2561 54
2920 60
3507 64
3929 70
4579 57
5378 64
6032 49
6594 22
5620 20
4429 12
3285 6
2130 3
1422 4
1464 4
1565 6
387 7
1143 4
1297 0
1116 0
930 0
533 1
227 0
828 2
927 0
916 5
882 0
831 14
1009 13
1064 48
1096 28
905 34
56 2
837 25
1087 11
1218 14
1183 5
1087 17
728 13
531 6
970 6
923 0
836 15
452 0
131 2
549 2
646 3
362 0
195 0
396 3
91 0
418 0
754 3
556 1
2 0
401 3
486 0
111 0
5 0
298 0
92 0
7 0
143 0
161 0
162 0
12 0
1 0
2 0
0 0
0 0
107 0
96 0
1 0
4 0
18 0
43 0
7 0
0 0
0 0
9 0
3 0
2 0
1 0
2 0
30 0
17 0
10 0
13 0
2 0
2 1
13 0
30 0
39 0
0 0
0 0
0 0
0 0
0 0
0 0
0 0
0 0
0 0
0 0
0 0
0 0
0 0
0 0
0 0
0 0
0 0
1 0
6 0
27 0
0 0
0 0
16 0
113 0
449 0
960 0
1213 1
1565 1
1726 1
1660 0
1377 2
900 2
1105 2
1669 6
1924 10
1940 12
2177 18
2148 15
2046 9
1966 9
1730 9
1522 7
1120 11
881 5
970 5
897 4
854 0
799 1
825 0
921 0
956 2
776 4
423 0
1378 6
1374 5
1427 4
1702 2
1585 3
1518 2
2026 1
2127 0
1669 0
578 0
326 0
342 0
405 2
519 2
568 0
291 2
408 0
1003 2
1038 0
1027 0
743 2
727 1
762 0
471 1
128 2
170 2
77 0
395 0
506 0
740 1
1064 1
1218 2
931 2
574 0
487 0
461 2
1126 3
1628 2
2508 3
2837 0
2453 3
2103 0
1467 0
1819 0
1503 0
1283 0
1184 0
1107 0
1040 0
816 0
866 0
867 0
1476 0
1814 0
1481 0
885 0
744 0
1050 0
1063 0
935 0
757 0
581 0
632 0
699 0
1239 0
1689 0
2182 0
2704 0
3116 2
2887 2
2151 1
1543 1
2197 2
2662 0
2552 0
2210 0
2048 0
2754 1
2807 2
2605 0
2701 2
2995 3
2963 4
2635 2
2287 0
3343 3
3809 4
4435 3
4055 0
2748 1
1389 0
762 0
1418 0
1838 0
1785 0
1566 0
1121 1
973 0
738 1
348 0
201 0
387 0
594 1
701 1
514 1
471 0
658 1
799 1
750 0
349 3
362 0
300 0
340 0
345 2
122 0
4 1
3 0
6 0
0 0
64 5
0 0
0 0
0 0
2 0
3 8
21 3
1 6
5 7
7 19
11 11
0 3
0 9
12 0
38 12
1 2
0 0
0 0
45 0
1 0
0 0
21 0
157 0
249 0
298 0
363 0
309 0
278 0
101 0
48 2
15 0
87 0
76 0
169 0
168 0
245 0
172 0
83 0
17 4
68 0
102 0
245 0
551 0
604 0
460 0
352 0
56 0
2 0
142 0
25 0
40 0
17 0
0 0
0 0
55 0
159 0
208 2
78 0
72 0
97 0
140 0
57 1
8 0
19 0
39 3
53 0
174 1
332 0
528 0
525 0
278 1
154 0
121 7
104 5
236 0
78 10
52 1
27 0
6 2
19 0
1 0
19 0
0 0
36 3
48 13
47 5
0 2
11 2
5 9
3 1
27 0
62 0
58 5
32 0
73 2
79 0
52 0
0 0
14 0
3 0
0 0
0 0
3 0
142 0
135 0
355 0
560 0
577 0
766 0
570 0
235 0
533 0
523 0
135 0
103 0
194 0
6 0
99 0
0 0
0 0
0 0
2 0
94 0
324 0
905 0
1498 0
2031 0
2328 0
2493 0
1841 0
942 0
1590 0
1594 0
1343 0
1480 0
1383 0
1452 0
1265 0
1355 0
1200 0
1220 0
1324 2
1615 0
1654 2
2208 3
2539 0
2111 0
1557 0
1320 0
910 0
672 0
1026 0
926 0
714 0
123 0
90 0
115 0
161 0
477 0
758 1
969 0
777 0
501 0
273 0
393 1
643 0
663 0
780 0
968 0
1260 0
1034 9
1011 2
949 0
1111 2
973 7
1072 2
1153 4
744 0
763 10
841 0
773 0
890 3
324 0
1215 2
1997 3
2215 3
2539 0
2585 1
1990 2
1303 1
1162 3
975 0
1234 2
1985 1
2352 0
2702 1
2941 0
2698 1
2580 3
2667 1
1880 3
1218 0
1345 0
1511 0
1621 0
1701 0
1791 0
1216 0
1210 0
1100 0
1150 0
1190 0
862 0
779 3
1389 2
1933 1
2291 0
2252 0
2087 2
804 0
1193 3
1919 0
1935 0
1312 0
896 0
781 0
855 0
1598 0
1590 0
1598 2
1346 0
1117 0
1170 3
1388 1
976 0
1300 0
1935 1
1962 0
1621 0
1631 0
1683 0
2421 1
3281 0
2935 1
1274 4
1007 5
572 0
351 6
417 2
802 2
951 7
1338 12
2265 11
3581 9
4283 6
4080 6
4070 6
4469 7
4428 3
3721 6
3256 6
3019 5
2903 5
2838 8
2990 5
2920 33
2553 62
2213 61
1793 69
1239 46
1054 26
1432 22
1825 30
2148 24
2807 29
3601 19
4893 22
5381 5
4941 3
3495 2
3071 0
2007 1
1789 0
2469 2
3437 4
3760 5
3365 2
2693 2
2498 2
2495 13
2401 15
2117 23
1310 18
1244 8
1816 23
1938 10
3188 17
3672 15
2987 20
1711 25
1545 0
1767 1
2448 9
2668 16
3413 18
4901 13
6138 5
6338 5
5224 9
2902 7
2685 2
2376 6
2550 3
1466 0
1063 0
1175 2
1222 0
1543 1
1971 3
2291 4
2540 2
2627 4
2792 8
2312 9
2231 18
2386 7
2192 1
1523 0
1011 0
1431 5
2718 0
2579 2
2614 0
2298 0
991 2
986 8
529 12
883 19
1419 10
1419 2
936 0
841 0
941 3
930 2
1793 0
2619 2
2863 3
2684 3
2069 2
1931 2
2055 1
2159 2
2264 3
2374 2
2350 0
2457 0
2292 0
2295 2
2126 0
2009 0
1872 1
1786 2
1505 3
960 4
1225 4
1870 5
2225 4
2011 2
1640 0
948 2
461 1
495 0
875 0
1191 2
1316 3
1652 4
1689 4
1745 17
1772 15
1698 24
2070 12
3179 58
4197 14
4791 6
4199 4
2863 12
2182 0
1881 12
1746 3
1575 8
1006 2
299 10
671 4
985 5
1142 0
1077 4
967 4
951 0
978 0
1051 2
1055 2
948 0
1003 1
1682 3
2240 0
2388 1
2420 8
1833 0
1399 6
1199 15
1666 15
1656 5
1494 1
1169 7
1194 8
1301 13
1163 0
1026 0
901 0
869 0
832 2
994 0
1314 19
1381 3
1352 2
1176 0
680 0
200 0
308 0
1012 0
1679 3
2208 2
3229 1
4119 8
5027 16
3657 21
2500 28
1623 28
1417 23
2328 34
2731 38
3714 37
4818 22
3857 13
2958 4
1337 4
1123 2
2298 2
3169 6
3358 14
3449 14
2920 9
3085 2
3323 2
3003 2
3790 0
4361 0
4212 2
2942 1
1945 2
2088 3
2504 1
2644 2
2267 24
1733 25
1609 27
2106 33
2701 33
3325 38
3896 27
3621 6
3525 3
3000 2
1582 0
1614 0
819 2
811 5
1038 0
832 0
823 0
1457 0
1709 2
1448 0
2014 0
2310 0
1826 3
2432 4
3519 6
4228 3
4418 5
3891 10
3137 10
2556 5
2423 9
3081 7
4041 11
4036 4
3270 6
2943 2
2234 5
2725 6
4112 12
4212 9
3447 6
2552 2
1987 7
2031 6
2295 3
2233 4
2326 3
2507 3
2800 3
2280 5
1693 5
2607 0
2741 0
1694 1
2230 3
2420 3
2244 4
2373 10
2332 14
2937 10
3166 13
3362 13
3424 11
2182 13
1774 8
2134 5
1720 1
1719 2
1676 1
1389 0
1287 5
1199 0
1124 2
892 3
790 1
796 0
1288 0
1207 3
732 2
433 2
385 3
250 3
373 2
452 0
463 0
620 0
709 3
841 0
963 0
885 0
783 4
818 0
750 77
635 437
462 813
577 1227
478 1712
724 2194
1080 2817
1042 3131
577 2733
215 2356
255 1808
884 1513
1668 1130
2559 962
3210 790
3686 647
3891 604
4134 521
3120 619
2218 1033
1595 1221
1376 1368
1291 1113
933 1114
758 1029
569 979
454 910
275 741
206 596
210 463
142 328
125 195
143 78
26 23
32 43
87 98
184 128
152 232
8 327
120 357
297 396
212 299
303 226
224 100
140 109
52 293
62 596
149 752
159 1053
134 1169
214 1209
336 1305
314 1265
260 1445
89 1326
103 1094
151 1171
117 1660
107 2406
168 2659
180 2835
195 2485
100 2302
23 1762
2 1390
84 1024
261 873
338 732
367 727
364 642
290 318
190 171
64 143
109 80
13 33
16 82
47 199
56 23
46 97
4 37
39 16
36 6
38 53
10 151
8 96
5 52
35 32
81 0
107 7
198 5
272 17
316 166
328 188
388 61
396 12
516 10
630 30
598 91
822 33
1203 22
2031 33
3439 50
4168 19
4065 0
1911 27
1367 2
1493 13
1211 1
1347 17
2080 6
2642 9
2694 6
2856 3
2398 2
1449 1
2118 1
2445 5
2278 7
2160 3
1714 3
1576 2
1347 5
1431 6
1324 3
1125 4
1122 4
947 4
1204 1
1123 2
919 2
852 1
819 0
836 0
573 0
458 0
367 0
233 0
91 0
53 0
82 0
195 0
201 0
216 0
198 8
397 18
498 0
590 0
453 0
174 0
31 0
116 0
257 4
382 0
576 0
1032 0
1444 0
1731 0
1844 12
1961 3
1740 0
1530 2
1476 0
1476 3
1343 0
1294 0
1581 0
1708 0
1798 0
1507 0
741 0
1085 0
2295 0
3366 3
4392 8
5017 6
4609 1
3912 27
2622 30
2410 24
3205 9
3079 0
2328 0
1966 0
1540 0
964 1
768 0
595 0
628 0
352 0
118 0
116 0
177 0
306 0
296 0
234 0
193 0
208 0
117 0
108 0
114 0
1 0
13 0
0 0
3 0
0 0
3 0
0 0
8 0
21 0
1 0
3 0
18 0
15 0
51 0
12 0
38 0
104 0
194 0
362 0
411 0
530 0
701 0
701 0
601 0
467 0
222 0
110 0
21 0
50 0
233 0
455 0
827 0
1242 0
1464 0
1315 0
1470 0
2481 0
3151 2
2830 3
2736 5
1810 5
1703 3
1640 3
1033 1
865 0
1264 0
1993 2
2150 3
2456 3
2059 3
2325 4
2719 1
2451 2
2485 8
2514 13
2187 11
2053 8
2336 9
2802 8
2573 2
1457 1
1149 4
898 4
830 3
559 2
293 0
169 2
149 0
96 2
78 0
33 0
122 12
424 31
625 52
1020 16
1079 57
1192 18
1187 5
1533 5
2458 10
2975 24
3071 7
2923 11
3172 0
2690 13
2830 2
2743 1
2443 0
1976 0
1445 0
984 3
791 3
892 3
1160 5
1400 6
1535 4
1778 6
1676 4
1753 2
1932 7
2254 0
2217 0
1819 0
2158 5
1671 22
1007 14
508 5
1093 4
1837 4
2460 6
3090 10
3100 14
2404 12
1468 7
1877 3
2016 2
2180 1
2675 0
2675 2
2331 0
1989 0
1715 0
1554 0
2104 2
2112 4
1800 0
2126 1
2059 0
1742 0
1402 0
1559 17
1929 14
2996 14
3609 2
3134 1
2655 2
1603 1
1817 2
2975 4
3480 14
3338 7
2876 6
2632 13
2486 17
2154 27
1727 17
2397 30
3337 8
3474 18
2972 54
2692 49
2265 69
2449 4
3081 4
3280 0
2930 20
2316 36
1624 12
1353 0
1895 1
2545 2
2657 0
2136 1
1805 9
2714 7
3548 11
3346 15
2044 12
1780 5
2899 0
3300 3
2480 5
1965 3
1636 3
2566 5
2694 13
2522 17
2348 7
2639 7
3440 5
3495 6
3011 14
2377 2
2579 3
2883 4
3089 8
2215 10
1992 4
2100 0
2046 8
1998 11
2421 6
2235 12
2378 33
3004 21
3098 17
2920 16
2747 1
2413 4
2880 31
2644 39
2310 48
2234 5
3340 14
3656 11
3096 7
2526 15
1239 4
1110 3
1520 12
1613 9
1365 5
741 7
544 4
370 1
111 1
264 5
620 0
895 1
1178 2
1351 0
1309 0
1452 2
1466 2
1276 0
1221 0
1404 8
907 1
696 0
1672 0
1734 0
1345 0
1256 0
922 4
880 7
871 4
522 10
417 4
379 10
449 40
242 38
160 65
38 42
20 37
67 40
145 2
253 13
369 7
114 2
44 0
98 2
105 22
106 0
350 16
575 9
677 6
817 15
736 16
363 10
222 4
235 20
511 9
779 1
700 0
652 0
417 10
55 101
45 336
188 452
101 477
102 709
165 813
40 887
31 1065
42 1164
17 1191
10 915
5 611
33 526
16 456
22 261
0 183
24 112
35 48
63 23
176 22
282 69
184 101
52 112
75 131
103 148
261 124
234 79
318 7
303 15
28 40
0 85
24 135
54 234
93 298
211 355
205 391
57 490
59 560
148 1055
288 1758
272 1431
371 893
454 731
484 667
432 462
344 285
870 169
1398 199
1815 359
2349 478
2892 521
3655 854
4344 1253
4322 1604
4060 1768
5750 1594
6561 1161
4837 1191
2825 1264
2339 1493
2189 1431
1612 903
1286 798
799 824
493 842
148 818
40 672
16 704
77 573
608 400
876 280
972 201
932 108
764 64
492 191
91 147
94 69
61 10
35 15
28 3
169 6
363 8
507 0
618 13
587 33
487 110
132 142
12 98
266 25
122 24
17 4
2 9
288 1
273 3
52 12
13 23
5 6
36 21
80 47
210 30
118 2
32 1
0 11
4 20
7 29
246 26
417 5
411 2
338 5
22 2
8 10
0 0
0 0
0 5
0 0
2 6
0 1
0 1
0 0
0 0
12 0
8 0
29 0
61 3
61 0
105 0
93 1
94 0
418 1
679 0
798 1
843 0
779 0
282 1
6 2
416 4
692 24
980 33
1426 20
1893 23
2333 23
2667 30
3313 38
3556 44
2762 40
3947 37
4574 20
3906 2
2750 2
3407 4
2610 7
2061 7
1810 9
1044 5
1255 6
986 2
942 2
691 3
396 0
157 0
107 7
409 0
699 0
762 0
753 0
674 0
228 0
127 0
589 0
635 0
184 0
0 0
255 0
30 0
0 0
4 0
0 0
0 0
0 0
0 0
0 0
0 0
0 0
0 0
0 0
6 0
2 0
96 4
37 34
96 9
1 0
2 0
60 9
81 8
190 0
318 0
263 14
378 0
380 0
375 0
420 0
450 0
412 0
361 0
324 0
281 0
351 0
279 0
233 2
307 0
39 0
5 0
4 0
307 0
405 0
145 0
42 0
36 2
179 3
95 0
107 4
15 0
76 0
105 0
17 0
57 0
0 0
2 0
3 0
2 8
0 11
0 23
26 2
0 1
22 0
45 7
13 0
131 0
246 0
225 0
415 0
560 0
670 0
833 0
929 0
868 0
777 0
589 0
326 0
31 0
152 0
108 0
350 1
459 2
616 2
515 1
240 3
238 0
13 0
73 0
172 2
98 0
103 0
82 1
28 0
356 0
846 0
1065 0
938 0
204 0
111 0
282 0
337 0
278 1
309 2
463 3
997 1
751 0
256 0
399 0
987 2
1144 3
741 3
256 4
925 4
1177 5
1263 8
1324 8
1433 4
1397 5
1044 2
1493 2
2005 4
2068 6
1892 5
1538 8
1141 6
1197 1
1737 5
2037 6
2000 12
1583 16
1043 7
947 11
1192 11
1583 7
1484 13
1499 9
1610 13
2034 5
2043 4
1753 0
1001 0
158 1
354 4
448 11
563 7
627 13
739 9
704 17
599 14
764 25
666 22
698 24
730 8
802 11
786 13
775 22
932 25
821 47
700 25
494 43
475 32
653 45
446 42
482 14
395 8
707 13
1066 61
1419 111
1371 153
1416 84
1423 62
1195 41
872 23
992 14
1096 31
1064 64
964 46
592 32
416 49
290 31
60 3
191 23
1202 0
1672 8
2002 12
2026 3
1808 3
1585 21
1205 33
963 14
1426 41
1386 19
1396 0
1316 0
1205 1
1020 15
401 5
369 12
322 14
416 19
722 17
684 14
891 6
1142 6
998 4
459 4
1155 4
1467 9
1346 0
1094 0
678 0
259 0
679 0
744 2
650 2
620 4
853 1
1013 1
1029 0
908 0
126 0
267 4
472 2
410 0
6 0
25 4
1 0
22 0
2 0
297 0
422 0
351 7
24 0
0 3
0 5
12 9
18 0
95 9
47 5
0 0
33 0
25 0
289 0
413 23
498 3
133 5
0 0
390 0
661 3
880 4
1233 0
1656 11
2120 0
2765 1
4031 0
4052 33
3188 39
1274 15
1274 13
1267 10
841 8
440 2
756 7
920 13
496 6
272 3
574 0
348 1
53 1
142 1
244 3
216 1
93 4
244 1
50 1
122 1
66 1
31 0
84 2
25 2
3 0
90 3
331 2
489 6
716 8
762 11
299 9
191 7
199 5
48 2
129 1
105 0
3 0
47 1
123 3
196 6
292 8
430 9
489 10
479 7
439 7
318 5
41 3
22 3
10 0
18 0
43 4
86 4
48 5
115 4
58 5
139 4
99 4
200 8
173 5
223 4
226 6
297 7
388 9
481 8
361 4
256 3
54 2
9 2
0 0
37 0
81 2
144 0
184 3
210 3
91 1
60 4
111 4
43 0
0 0
0 0
0 0
0 0
5 0
0 1
17 0
0 0
97 0
165 1
135 3
196 9
205 25
302 2
355 5
311 18
394 7
402 6
180 3
13 0
18 0
39 0
301 9
717 16
472 33
438 50
403 5
331 10
230 10
252 41
212 34
390 15
289 3
128 4
62 28
144 4
89 3
79 0
2 0
91 0
126 1
54 2
205 5
510 7
271 4
123 2
90 3
54 0
0 7
6 4
1 0
0 6
0 0
0 0
11 0
39 6
158 3
265 6
206 5
161 12
28 14
0 12
98 0
350 6
239 6
208 5
60 0
0 0
0 0
7 1
44 1
21 2
0 0
0 0
0 0
14 0
114 2
101 3
50 2
221 5
182 8
248 6
12 0
48 2
10 0
0 0
62 1
88 3
36 2
16 0
0 0
76 0
193 8
425 6
370 4
311 3
244 5
96 1
0 2
12 0
105 0
86 3
294 7
479 5
595 9
635 3
567 3
550 6
903 15
1099 16
767 15
450 6
523 0
415 0
78 0
0 0
23 0
145 0
42 0
20 0
8 0
37 0
102 0
121 0
167 0
236 0
305 2
277 9
217 8
221 1
36 0
0 0
22 0
17 0
2 0
3 0
16 0
24 0
16 0
26 0
0 0
0 0
0 0
0 0
10 0
1 0
23 0
57 1
125 3
280 9
380 10
413 4
225 4
52 0
11 3
28 0
98 0
277 4
402 2
609 3
730 12
530 10
541 4
558 0
531 1
578 0
808 0
1010 0
994 0
1103 0
1374 0
1497 2
1328 3
983 2
845 0
297 1
901 0
1118 0
1030 0
907 2
545 0
174 0
225 8
608 0
446 0
475 0
2 0
73 0
485 0
369 0
23 0
0 0
0 0
0 0
2 0
0 0
4 0
252 3
783 12
1072 8
1252 0
1386 0
1298 0
732 0
780 3
1143 0
1255 0
1335 0
1270 0
850 0
518 0
835 0
847 0
610 0
8 0
546 0
663 0
633 0
369 0
3 0
88 0
63 0
285 0
4 0
0 0
3 0
0 0
0 0
0 0
1 1
0 0
0 0
0 0
0 0
34 0
62 0
13 0
20 0
18 0
99 0
146 0
157 4
130 0
387 3
316 0
76 4
82 0
114 0
103 0
35 0
3 0
87 0
56 0
89 0
103 0
140 0
200 0
271 0
222 0
249 0
230 0
301 0
57 0
3 0
58 0
15 0
200 0
40 0
0 0
4 0
0 0
21 0
0 0
5 0
0 0
0 0
2 0
0 0
0 0
0 0
0 0
0 0
0 0
0 0
2 0
79 0
32 0
142 0
249 0
118 0
52 0
5 0
0 0
31 0
9 0
22 0
68 0
147 0
65 0
3 0
20 0
108 0
72 0
223 0
43 0
0 0
2 0
136 0
151 0
160 0
181 0
195 0
231 0
69 0
1 0
185 0
641 2
1031 1
1345 4
1360 5
651 5
1186 2
1341 6
1197 0
1062 2
836 0
598 0
400 0
911 0
1055 0
987 0
825 0
295 3
655 4
947 7
866 1
482 3
570 4
1132 7
1253 4
1366 7
1374 0
1295 1
1103 0
913 0
836 3
838 0
866 6
887 1
775 12
326 13
986 7
1203 6
1189 2
972 0
452 0
327 0
188 1
303 0
326 1
194 0
208 0
311 0
377 1
365 1
230 0
72 0
84 0
174 0
256 0
228 0
242 63
313 90
158 48
57 42
243 114
284 321
290 194
321 165
367 138
357 55
323 11
241 0
77 21
116 58
219 59
10 57
200 96
414 53
348 62
107 6
25 0
295 83
202 52
59 60
5 46
36 4
6 5
33 47
50 51
73 28
67 9
76 32
54 90
90 84
23 4
121 24
357 40
303 40
207 20
49 35
199 7
135 59
46 353
258 1225
598 1622
571 1856
144 2086
537 2006
797 1697
823 1336
554 924
404 1150
393 904
397 374
50 955
192 880
500 875
364 527
76 590
494 799
689 556
624 498
266 946
44 827
387 549
209 1115
22 378
125 1168
228 1240
53 969
0 977
35 640
172 755
276 768
270 1113
205 2015
126 2248
52 1643
70 1546
69 1271
128 1042
13 899
86 704
141 574
7 581
293 519
763 359
725 338
349 227
404 258
693 58
738 70
218 19
564 16
789 129
656 1
0 1
675 45
723 24
625 48
2 139
602 516
727 1137
414 1389
141 1531
658 1879
665 1733
430 687
37 596
436 1454
286 1288
11 1426
147 1157
220 697
18 698
347 1145
438 1250
280 615
17 992
89 703
20 139
34 314
292 78
347 53
42 38
9 65
274 119
153 113
28 225
14 81
65 314
30 116
4 216
6 765
1 1139
40 1109
24 1264
54 1219
54 1266
15 1349
52 1169
34 929
13 396
35 337
16 127
30 96
170 105
279 183
257 220
42 293
37 253
212 182
251 162
24 236
125 373
425 537
451 696
295 767
263 790
89 563
90 672
267 824
338 728
481 540
483 342
433 246
195 110
3 12
122 200
226 544
170 1074
0 1643
55 2305
169 2971
61 3184
223 2507
431 1264
487 1132
357 883
116 636
29 501
62 299
100 276
60 303
277 265
322 209
650 79
1113 168
1514 433
1786 726
1966 964
2303 1144
2690 1492
2930 1914
3064 2744
2498 3210
1541 2783
851 2207
534 1392
477 889
641 499
659 322
830 238
760 331
780 216
564 147
681 54
663 38
666 76
769 28
847 9
726 29
313 40
270 20
217 30
159 10
161 10
89 3
73 1
67 2
95 7
65 4
57 21
120 55
151 69
118 51
112 13
125 2
54 11
14 0
19 2
107 11
199 6
284 11
255 7
187 3
178 4
267 7
318 11
309 11
288 10
239 12
158 6
43 10
114 36
251 39
324 9
501 12
509 21
573 26
582 54
727 41
608 26
646 12
681 23
682 9
729 22
652 12
528 67
496 4
626 8
744 16
1056 41
1502 30
1813 56
1551 41
1182 27
1158 37
1186 18
949 23
679 53
245 23
274 3
483 17
435 45
605 24
693 43
847 125
646 410
291 636
253 914
511 1012
246 1335
64 1606
362 1661
474 1742
228 1447
102 1373
605 1405
761 970
326 1007
336 1158
492 1182
518 1238
35 1191
2 859
61 333
254 207
334 254
358 66
594 12
486 47
510 48
388 12
299 3
203 27
198 7
508 5
597 1
394 2
11 10
216 13
437 25
511 34
0 57
71 61
53 92
173 93
962 108
842 142
612 227
492 412
441 608
7 851
826 1051
891 1115
255 1153
184 928
455 760
106 1087
181 1444
470 1395
30 1019
89 399
142 119
43 101
235 172
29 228
83 125
233 3
83 19
33 0
384 7
144 60
201 8
102 0
99 37
83 57
4 60
4 26
0 34
48 13
13 1
2 0
28 0
12 0
0 1
0 0
0 1
0 1
73 0
14 0
8 0
0 6
16 4
78 4
174 7
73 4
16 0
299 5
414 8
247 0
4 0
344 2
559 2
552 6
261 4
810 2
719 55
595 217
118 392
728 576
680 790
135 1000
437 1177
541 1312
27 1479
0 1395
260 1330
0 826
50 980
91 1436
1 1265
0 620
0 668
0 818
0 1076
85 1556
1 1511
0 1369
0 1146
0 801
0 564
0 309
0 167
0 143
0 132
0 135
5 166
0 87
0 119
0 72
0 30
0 3
0 0
0 3
0 31
0 50
1 96
0 122
0 59
0 45
0 1
0 2
1 11
0 7
0 5
19 7
35 16
7 25
19 53
51 72
13 90
55 94
2 62
23 61
21 32
