"pat" "th"
2065 2048
2196 1968
2249 1869
2311 1702
2469 1326
2403 1128
2299 1017
2204 1039
2023 1179
1843 1236
1561 970
1337 622
566 566
357 574
683 399
487 435
479 516
419 510
274 512
139 316
196 265
284 260
178 163
168 32
87 18
51 130
75 191
58 192
49 155
65 89
46 8
54 0
6 2
131 0
121 0
164 6
33 12
111 8
154 0
0 0
0 1
0 14
0 0
7 0
0 0
15 0
0 0
9 0
0 0
0 0
0 0
0 0
0 0
0 0
0 0
0 0
0 0
0 0
0 0
0 0
0 0
0 0
0 0
0 0
0 0
0 0
0 0
0 0
0 0
0 0
0 0
0 0
0 0
0 0
0 0
0 0
0 0
0 0
0 0
0 0
0 0
0 0
0 0
0 0
0 0
0 0
0 0
0 0
0 0
0 0
0 72
0 224
0 662
0 1104
0 1038
0 902
1 619
0 875
0 1112
0 1207
0 1130
0 955
0 750
0 52
0 623
0 903
0 1020
0 923
0 788
0 519
0 788
0 943
0 1069
0 1185
0 1225
0 883
0 633
0 313
0 5
0 56
8 127
0 98
0 47
0 38
0 88
1 105
0 125
0 24
0 0
0 2
7 37
318 21
732 0
850 0
811 15
735 1
634 0
385 0
267 0
255 0
174 0
152 0
186 0
451 0
538 0
489 0
603 0
706 0
857 0
1136 0
1361 0
1650 0
1792 0
2190 0
2069 0
1483 9
1091 13
855 16
942 12
1196 12
1196 18
1352 27
1691 1
1919 0
2198 0
2215 0
2201 0
1773 0
1430 0
1129 0
757 0
539 0
696 0
944 0
1112 0
941 0
912 0
587 0
18 0
250 0
131 0
81 0
6 0
0 0
1 0
0 0
0 0
0 0
0 0
0 0
0 0
0 0
0 0
0 0
0 0
0 0
0 0
0 0
0 0
0 0
0 0
0 0
0 0
0 0
0 0
0 0
0 0
0 0
0 0
0 0
0 0
0 0
0 0
0 0
0 0
0 0
0 0
0 0
0 0
4 0
0 0
0 0
0 1
76 0
3 0
252 0
88 0
268 2
0 0
0 0
120 0
84 0
298 0
28 2
19 0
37 0
0 0
0 0
0 1
6 0
3 0
0 0
134 0
122 0
218 0
202 0
197 0
155 0
104 0
247 0
616 0
1219 0
1486 0
1381 0
1479 0
1472 0
1556 0
1462 0
1320 0
989 9
749 12
659 3
641 15
613 9
618 13
600 5
552 6
491 6
395 4
278 2
130 2
79 3
76 1
144 2
63 0
21 0
2 0
47 0
89 0
168 1
104 0
3 0
15 0
110 0
154 0
78 2
53 2
75 0
71 0
35 0
54 0
2 0
69 3
108 0
116 0
176 0
354 3
616 4
798 8
1364 40
2160 24
2442 0
2359 0
2273 0
2023 0
1142 2
449 0
305 0
259 0
136 0
76 0
0 0
39 0
88 0
36 0
6 0
16 0
33 0
46 0
18 0
31 0
2 0
5 0
2 0
3 0
0 0
1 0
0 0
0 0
0 0
0 0
0 0
0 0
0 0
0 0
0 0
0 0
0 0
0 0
0 0
0 0
0 0
0 0
0 0
0 0
0 0
0 0
0 0
0 0
0 0
0 0
0 0
0 0
0 0
0 0
0 0
0 0
0 0
0 0
0 0
0 0
0 0
0 0
0 0
0 0
0 0
0 0
0 0
0 0
0 0
0 0
0 0
0 0
0 0
0 0
0 0
0 0
0 0
0 0
0 0
0 0
0 0
0 0
0 0
0 0
0 0
0 0
0 11
0 0
0 0
0 0
0 3
0 13
0 23
0 0
0 0
0 26
0 18
0 0
0 0
0 0
0 13
0 7
0 7
0 0
0 0
0 0
0 0
0 0
0 0
0 0
0 0
25 0
96 0
91 0
102 0
125 0
297 0
707 0
1240 0
1300 0
1332 0
1312 9
901 18
683 11
399 8
215 2
86 0
69 0
2 0
41 0
16 0
10 0
20 0
14 0
14 0
0 0
18 0
0 0
0 0
20 0
0 0
38 0
5 0
37 0
0 0
0 0
25 0
2 0
51 0
5 0
42 0
0 0
23 0
0 0
21 0
2 0
35 0
0 0
0 0
0 0
0 0
37 0
0 0
4 0
5 0
0 0
54 0
0 0
24 0
0 0
1 0
0 0
6 0
0 0
0 0
29 0
0 0
31 0
3 0
35 0
0 0
0 0
16 0
20 0
0 0
0 0
0 0
1 0
0 0
0 0
0 0
0 0
0 0
0 0
1 0
0 0
0 0
0 0
0 0
0 0
0 0
0 0
0 0
0 0
0 0
0 0
0 0
13 0
2 0
0 0
2 0
0 0
0 0
7 0
0 0
0 0
0 0
2 0
5 0
0 0
0 0
2 0
6 0
6 0
0 0
0 0
0 0
8 0
0 0
0 0
0 0
6 0
0 0
0 0
0 0
1 0
1 0
1 0
0 0
1 0
5 0
6 0
0 0
0 0
5 0
51 2
79 0
197 1
341 12
471 18
612 6
764 21
1149 8
1080 0
1105 0
974 0
529 0
410 0
228 0
170 0
278 0
373 0
197 0
122 0
49 0
0 0
0 0
0 0
0 0
12 0
40 0
72 0
20 0
1 0
22 0
44 0
18 0
0 0
0 0
0 0
0 0
0 0
0 0
0 0
0 0
0 0
0 0
0 0
0 0
0 0
0 0
0 0
0 0
0 0
0 0
0 0
0 0
0 0
0 0
0 0
0 0
0 0
0 0
0 0
0 0
0 0
0 0
0 0
0 0
0 0
0 0
0 0
0 0
0 0
0 0
0 0
0 0
0 0
0 0
0 0
0 0
0 0
0 0
0 0
0 0
0 0
0 0
0 0
0 0
0 0
0 0
0 0
0 0
0 0
0 0
0 0
0 0
0 0
0 0
0 0
0 0
0 0
0 0
0 0
0 0
0 0
0 0
0 0
0 0
0 0
0 0
0 0
0 0
0 0
0 0
0 0
0 0
0 0
0 0
0 0
0 0
0 0
0 0
0 0
0 0
0 0
0 0
0 0
0 0
0 0
0 0
0 0
0 0
0 0
0 0
0 0
0 0
0 0
0 0
0 0
0 0
0 0
0 0
0 0
0 0
0 0
0 0
0 0
0 0
0 0
0 210
0 514
0 664
0 913
0 1110
0 1233
0 1250
0 906
0 1134
0 1540
0 1655
0 1336
0 1287
0 967
0 1421
0 1111
0 479
0 1272
0 1072
0 419
0 1032
0 956
0 767
0 1068
0 1250
0 1209
0 1116
0 914
0 878
0 439
0 361
0 61
0 190
0 10
0 2
0 6
0 7
0 0
0 0
0 0
0 0
0 0
0 0
0 0
0 0
0 0
0 0
0 0
0 0
0 0
0 0
0 0
0 0
0 0
0 0
0 0
0 0
0 0
0 0
0 0
0 0
0 0
0 0
0 0
0 0
0 0
0 0
0 0
0 0
10 0
0 0
0 0
0 0
0 0
0 0
0 0
0 0
0 0
0 0
0 0
0 0
0 0
0 0
0 0
0 0
0 0
0 0
0 0
0 0
0 0
0 0
0 0
0 0
0 0
0 0
0 0
0 0
0 0
0 0
0 0
0 0
0 0
0 0
0 0
0 0
0 0
0 0
0 0
0 0
0 0
0 0
0 0
0 0
0 0
0 0
0 0
0 0
0 0
0 0
0 0
0 0
0 0
0 0
0 0
0 0
0 0
0 0
0 0
0 0
0 0
0 0
0 0
0 0
0 0
0 0
0 0
0 0
0 0
0 0
0 0
0 0
0 0
0 0
0 0
0 0
0 0
0 0
0 0
0 0
0 0
0 0
0 0
0 0
0 0
0 0
0 0
7 0
2 0
0 0
0 0
0 0
0 0
0 0
11 0
9 0
13 0
1 0
0 0
0 0
0 0
0 0
12 0
0 0
0 0
0 0
0 0
0 0
0 0
0 0
0 0
0 0
0 0
0 0
0 0
0 0
4 0
0 0
0 0
0 0
0 0
0 0
0 0
0 0
0 0
0 0
0 0
0 0
0 0
24 0
25 0
2 0
3 0
0 0
0 0
0 0
0 0
0 0
0 0
0 0
0 0
0 0
0 0
0 0
0 0
0 0
0 0
0 0
0 0
0 0
0 0
0 0
0 0
0 0
0 0
0 0
0 0
0 0
0 0
0 0
0 0
0 0
0 0
0 0
0 0
0 0
0 0
0 0
0 0
0 0
0 0
0 0
0 0
0 0
0 0
0 0
0 0
0 0
0 0
0 0
0 0
0 0
0 0
0 0
0 0
0 0
0 0
0 0
0 0
0 0
0 0
0 0
0 0
0 0
0 0
0 0
0 0
0 0
0 0
0 0
0 0
0 0
0 0
0 0
0 0
0 0
0 0
0 0
0 0
0 0
0 0
0 0
0 0
0 0
0 0
0 0
0 0
0 0
0 0
0 0
0 0
0 0
0 0
0 0
0 0
0 0
0 0
0 0
0 0
0 0
0 0
0 0
0 0
0 0
0 0
0 0
0 0
0 0
0 0
0 0
0 0
0 0
0 0
0 0
0 0
0 0
0 0
0 0
8 0
0 0
2 0
6 0
0 0
0 0
0 0
0 0
0 0
0 0
0 0
0 0
0 0
0 0
0 0
0 0
0 0
0 0
0 0
0 0
0 0
0 0
0 0
0 0
0 0
0 0
0 0
0 0
0 12
0 314
0 531
0 891
0 1270
0 1350
0 1143
0 788
0 801
0 592
0 841
0 1119
0 1188
0 1012
0 501
0 1185
0 1188
0 464
0 895
0 1150
0 974
0 1049
0 1150
0 818
0 804
0 993
37 946
81 933
142 921
187 817
109 790
283 860
472 937
1085 964
1073 991
1075 885
830 427
579 298
411 52
259 248
195 8
151 22
166 1
173 3
199 5
237 4
242 2
185 4
53 3
18 2
0 0
58 1
90 4
89 3
61 1
4 0
0 0
96 1
248 5
186 6
66 4
0 0
58 2
183 6
189 3
47 1
0 0
76 3
85 3
51 3
63 1
91 4
118 8
212 4
328 5
424 4
647 15
893 14
1067 7
1077 0
936 0
887 0
876 0
685 0
350 0
177 0
107 0
52 0
34 0
75 0
67 0
2 0
2 0
0 0
0 0
0 0
0 0
0 0
0 0
0 0
0 0
0 0
0 0
0 0
0 0
0 0
0 0
0 0
0 0
0 0
0 0
0 0
0 0
0 0
0 0
0 0
0 0
0 0
0 0
0 0
0 216
0 430
0 726
0 956
0 1091
0 996
0 790
0 823
0 954
0 868
0 649
0 388
0 1064
0 1322
0 1422
0 1338
0 975
0 783
0 1347
0 1476
0 1206
0 1008
0 1012
0 1397
0 1292
0 449
0 1257
0 1410
0 1335
0 399
0 1102
0 1277
0 1047
0 527
0 1203
0 1276
0 610
0 868
0 1186
0 1153
0 972
0 1049
0 972
0 913
0 812
0 839
0 904
0 751
0 373
0 176
0 204
0 85
0 0
0 0
0 0
0 0
0 0
0 0
0 0
0 0
0 0
0 0
0 0
0 0
0 0
0 0
0 0
0 0
0 0
0 0
0 0
0 0
0 0
0 0
0 0
0 0
0 0
0 0
0 0
0 0
0 0
0 0
0 0
0 0
0 0
0 0
0 0
0 0
0 0
0 0
0 0
0 0
0 0
0 0
3 0
14 0
29 0
143 0
233 0
355 1
517 0
856 2
1582 3
2302 4
3201 4
3918 4
4223 4
4163 3
3914 5
3528 12
2784 24
2003 21
1349 13
1004 5
714 3
839 10
921 12
1184 13
1543 15
1685 18
1908 35
1944 21
1784 27
1703 29
1888 26
1964 25
1774 38
1825 38
1897 31
1962 42
1919 42
1894 34
2082 13
2153 28
2277 17
2369 17
2572 21
2494 21
2409 12
2213 3
1984 6
1758 5
1512 23
1203 48
1026 24
677 17
499 0
473 0
565 0
727 4
950 7
1257 5
1501 15
1611 19
1943 10
2027 15
1985 28
1907 51
2015 78
1971 110
1792 154
1382 176
1183 137
1005 124
702 123
347 50
441 15
624 5
711 0
639 0
408 0
345 0
193 0
187 0
97 0
51 0
38 0
10 0
405 1
520 0
537 0
602 0
433 3
862 3
718 1
665 0
438 0
258 0
267 0
246 0
230 1
261 0
375 0
336 0
151 1
382 0
353 0
221 0
87 0
212 0
158 0
46 0
26 0
123 0
178 0
117 0
108 0
43 0
13 0
14 0
71 0
148 0
111 0
47 0
6 0
17 0
20 0
24 0
52 0
44 0
7 0
0 0
3 0
5 0
11 0
17 0
13 0
3 0
0 0
1 0
10 0
16 0
12 0
7 0
0 0
0 0
0 0
0 0
3 0
8 0
16 0
11 0
3 0
0 0
0 0
12 0
15 0
12 0
26 0
1 0
0 0
0 0
0 0
2 0
10 0
14 0
12 0
8 0
0 0
0 0
7 0
12 0
12 0
7 0
0 0
0 0
0 0
0 0
0 0
9 0
15 0
12 0
11 0
0 0
0 0
6 0
10 0
13 0
7 0
0 0
0 0
0 0
0 0
0 0
5 0
11 0
14 0
8 0
0 0
0 0
0 0
9 73
17 271
11 414
1 554
0 617
0 716
0 730
0 753
4 778
7 766
11 634
9 764
0 815
0 870
0 1004
8 1156
14 1111
9 975
5 910
0 764
0 649
0 604
0 657
3 740
10 654
12 281
11 307
3 162
0 69
0 10
10 45
11 108
11 277
6 353
2 509
0 529
0 551
0 474
0 377
8 430
14 669
12 765
2 735
0 777
0 751
4 656
12 584
13 700
6 753
0 834
0 898
0 872
0 812
0 740
7 659
7 509
11 563
2 543
0 449
0 292
4 188
11 286
8 322
7 167
0 29
0 74
0 112
0 56
0 7
4 219
6 480
7 591
8 687
0 743
0 780
0 271
7 387
6 82
11 138
5 0
0 4
0 0
0 0
0 1
2 0
3 0
5 0
7 0
0 0
0 0
0 0
8 10
9 145
12 117
3 47
0 27
0 58
0 76
0 57
1 34
6 1
10 436
10 467
0 7
0 77
0 8
4 0
9 0
10 0
6 0
0 0
0 0
0 0
0 0
0 0
3 0
8 0
8 0
3 0
0 0
0 0
1 0
7 0
9 0
6 0
0 0
0 0
0 0
0 0
0 0
2 0
8 0
7 0
6 0
0 0
0 0
0 0
5 0
11 0
6 0
0 0
0 0
0 0
0 0
0 0
4 0
4 0
8 0
5 0
0 0
0 0
0 0
4 0
8 0
4 0
0 0
0 0
0 0
0 0
0 0
2 0
2 0
7 0
2 0
0 0
0 0
0 0
6 0
6 0
6 0
1 0
0 0
0 0
0 0
0 0
0 0
1 0
7 0
4 21
2 62
0 92
0 93
0 107
2 271
7 400
4 514
0 370
0 143
0 137
0 122
2 134
0 184
7 193
3 287
0 377
0 285
0 279
0 389
6 275
6 32
5 5
0 0
0 0
0 0
0 1
0 84
1 352
2 577
3 722
0 832
0 904
0 927
0 803
4 665
3 860
4 1032
1 1248
0 1198
0 898
0 649
0 1069
1 1447
5 1718
5 1864
2 1913
0 1662
0 1341
0 879
5 731
8 555
3 588
0 658
0 709
0 867
0 942
0 962
0 1178
4 1303
8 1443
0 1609
0 1689
0 1661
0 1491
1 1226
2 728
1 825
2 809
0 822
0 896
0 1043
0 1094
0 912
4 1133
2 1224
3 1383
0 1638
0 1654
0 1505
0 1314
1 958
4 784
0 707
0 796
0 873
0 1038
0 1113
0 1126
1 1100
2 876
2 1143
0 1199
0 1234
0 1391
0 1447
3 1457
2 1272
4 1013
0 725
0 895
0 1015
0 1081
0 1105
0 935
2 621
1 814
0 1125
0 1472
0 1521
0 1463
2 1124
2 425
0 1010
0 1176
0 1185
0 1151
0 998
0 765
0 1187
4 1144
2 1105
0 1044
0 960
0 513
0 224
3 88
2 255
2 106
0 0
0 12
0 146
0 476
0 811
1 1035
0 1202
0 1201
0 1216
0 1138
0 1343
0 1434
3 1267
2 576
2 1247
1 1053
0 1112
0 927
0 703
0 845
0 849
0 720
3 636
0 585
0 346
0 49
0 0
2 34
2 1
0 0
2 0
0 0
0 0
0 0
0 0
0 0
2 0
1 0
0 0
0 0
0 0
0 0
2 0
1 0
1 0
1 0
0 0
0 0
0 0
0 0
0 0
4 0
3 0
3 13
0 354
0 709
0 1038
0 1423
1 1757
1 1856
0 1718
0 1580
0 1145
0 1298
0 1570
0 1506
3 1597
0 1636
1 1654
0 1731
0 1495
0 1031
0 521
0 388
3 809
0 808
0 1057
0 1174
0 1041
0 1393
0 1463
0 1543
0 1459
3 1307
0 1118
0 970
0 804
0 751
4 626
1 354
0 70
2 0
0 0
0 0
0 0
0 0
0 0
0 0
0 0
0 0
0 0
0 0
0 0
0 0
1 0
0 0
1 0
0 0
0 0
0 0
0 0
0 0
0 0
0 0
0 0
0 0
0 0
0 0
0 0
2 0
0 0
1 0
0 0
0 0
0 0
0 0
0 0
0 0
0 0
0 0
0 0
0 0
0 0
0 0
0 0
0 0
3 0
0 0
0 0
9 0
68 0
183 0
280 0
393 0
443 0
516 0
700 0
913 0
889 0
919 0
825 6
717 9
541 13
512 10
383 8
316 4
293 1
305 3
335 4
342 2
307 3
210 4
116 4
0 0
27 1
128 3
60 2
8 0
0 0
63 2
171 4
168 3
213 4
148 7
102 9
97 5
96 1
68 0
64 4
74 5
79 4
99 9
71 0
0 0
92 3
101 3
159 5
169 3
89 7
34 2
54 4
183 0
309 10
438 4
456 17
472 14
416 0
231 0
100 0
416 0
467 15
411 13
351 10
239 11
103 3
185 2
241 9
199 3
195 9
156 10
212 9
166 11
77 2
9 0
33 0
71 4
107 6
74 0
67 0
101 0
79 4
125 6
157 7
104 5
37 5
1 0
0 0
1 0
8 5
33 5
0 0
0 0
0 0
19 6
53 5
126 5
282 4
307 7
354 4
358 4
379 66
415 357
419 720
450 907
487 1264
499 1820
464 2436
554 3098
566 3102
470 2996
372 2757
321 2392
285 2466
279 1824
352 1138
432 1323
450 1583
428 1482
479 1240
404 1714
345 2135
319 2317
287 2279
246 2214
193 1842
36 1678
200 1436
220 1355
216 1186
103 1046
93 724
91 160
216 195
203 91
312 46
173 68
253 384
202 1080
283 1540
246 1847
203 2296
196 2367
192 2099
98 1708
130 1419
113 1318
26 1218
47 1158
24 787
45 725
66 1183
89 1458
100 1782
168 2043
184 2304
242 2468
321 2532
351 2450
458 1975
543 1108
659 445
608 228
573 250
447 245
368 48
280 106
356 98
365 19
294 29
230 28
103 17
317 27
555 48
608 22
670 23
624 11
650 11
630 9
640 10
611 19
635 20
683 44
682 42
641 54
614 33
570 19
544 20
504 18
520 15
495 13
525 17
536 23
647 15
826 31
1386 28
2023 19
2508 22
2267 2
2045 0
1269 0
1697 0
2360 1
2743 13
2534 22
1929 29
1469 20
1289 3
1130 2
961 0
1088 4
1124 9
1841 28
2229 34
3327 18
2866 3
2593 4
1696 9
1560 8
1314 5
1095 3
642 3
607 3
494 1
596 0
414 0
454 0
937 0
1257 0
1815 0
1780 0
1823 0
1879 4
2291 4
2244 4
2175 0
2037 0
1756 2
1365 3
1410 4
842 1
977 2
1048 1
973 0
1204 0
915 0
661 0
205 0
546 0
696 0
309 0
329 0
386 0
488 3
516 3
543 1
625 2
684 0
530 0
300 0
274 0
275 0
236 0
244 0
89 0
195 0
431 0
457 0
368 0
188 0
94 1
35 0
73 0
101 0
144 0
151 0
105 1
132 3
111 0
25 0
14 0
0 0
0 0
28 0
27 0
63 0
57 0
33 0
29 0
43 0
53 0
52 0
24 0
23 0
16 0
29 0
25 0
17 0
20 0
3 0
6 0
13 0
20 0
1 0
7 0
0 0
0 0
6 0
1 0
0 0
5 0
0 0
0 0
0 0
5 0
1 0
6 0
13 0
14 0
32 0
42 0
57 2
63 2
63 2
42 3
20 2
0 0
0 0
0 0
0 0
0 0
0 0
0 0
0 0
0 0
0 0
0 0
0 0
0 0
0 0
0 0
0 0
0 0
0 0
0 0
0 0
0 0
0 0
0 0
0 0
0 0
0 0
0 0
0 0
5 0
0 0
0 0
0 0
0 0
0 0
30 1
139 3
225 4
251 4
322 3
364 4
466 6
536 5
527 6
493 5
345 2
245 3
232 2
292 3
306 2
360 0
332 0
277 0
204 2
272 3
277 6
375 4
358 5
426 6
584 7
723 4
539 0
316 0
175 1
116 2
106 1
82 0
60 0
46 0
19 0
0 0
0 0
1 0
2 0
4 0
0 0
2 0
0 0
14 2
40 0
50 1
26 0
5 0
2 0
0 0
0 0
0 0
0 0
0 0
0 0
0 0
0 0
0 0
0 0
0 0
10 0
15 0
12 1
7 0
0 0
0 0
0 0
3 1
0 0
0 0
0 0
0 0
0 0
0 0
0 0
0 0
0 0
0 0
0 0
0 0
0 0
0 0
0 0
0 0
0 0
0 0
0 0
0 0
0 0
0 0
0 0
0 0
0 0
0 0
0 0
0 0
0 0
0 0
0 0
0 0
0 0
0 0
0 0
0 0
0 0
0 0
0 0
0 0
0 0
0 0
0 0
0 0
0 0
0 0
0 0
0 0
0 0
0 0
9 0
30 1
36 1
27 0
29 0
2 0
0 0
0 0
0 0
22 0
44 0
44 1
0 0
15 1
0 0
0 0
0 0
0 0
0 0
0 0
0 0
0 0
0 0
0 0
0 0
0 0
0 0
0 0
0 0
0 0
6 0
0 0
0 0
0 0
0 0
0 0
0 0
0 0
0 0
0 0
0 0
0 0
0 0
0 0
0 0
0 0
0 0
0 0
0 0
0 0
0 0
0 0
0 0
0 0
0 0
0 0
0 0
0 0
0 0
0 0
1 0
0 0
1 0
0 0
0 0
0 0
0 0
0 0
0 0
0 0
0 0
5 0
0 0
0 0
8 0
0 0
0 0
0 0
3 0
0 0
0 0
0 0
0 0
0 0
0 0
0 0
0 0
0 0
0 0
0 0
0 0
0 0
0 0
0 0
0 0
0 0
0 0
0 0
0 0
0 0
0 0
0 0
0 0
0 0
0 0
0 0
0 0
0 0
0 0
0 0
0 0
0 0
0 0
0 0
0 0
0 0
0 0
0 0
0 0
0 0
0 0
0 0
0 0
0 0
0 0
0 0
0 0
0 0
0 0
0 0
0 0
0 0
0 0
0 0
0 0
0 0
0 0
0 0
0 0
0 0
0 0
0 0
0 0
0 0
0 0
0 0
0 0
0 0
0 0
0 0
0 0
0 0
0 0
0 0
0 0
0 0
0 0
0 0
0 0
0 0
0 0
0 0
0 0
0 0
0 0
0 0
0 0
0 0
0 0
0 0
0 0
0 0
0 0
0 0
0 0
0 0
0 0
0 0
0 0
0 0
0 0
0 0
0 0
0 0
0 0
0 0
0 0
0 0
0 0
0 0
0 0
0 0
0 0
0 0
0 0
0 0
0 0
0 0
0 0
0 0
0 0
0 0
0 0
0 0
0 0
0 0
0 0
0 0
0 0
0 0
0 0
0 0
0 0
0 0
0 0
0 0
0 0
0 0
0 0
0 0
0 0
0 0
0 0
0 0
0 0
0 0
0 0
0 0
0 0
0 0
0 0
0 0
0 0
0 0
0 0
0 0
0 0
0 0
0 0
0 0
0 0
0 0
0 0
0 0
0 0
0 0
0 0
0 0
0 0
0 0
0 0
0 0
0 0
0 0
0 0
0 0
0 0
0 0
0 0
0 0
0 0
0 0
0 0
0 0
0 0
0 0
0 0
0 0
0 0
0 0
0 0
0 0
0 0
0 0
0 0
0 0
0 0
0 0
0 0
0 0
0 0
0 0
0 0
0 0
0 0
0 0
0 0
0 0
0 0
0 0
0 0
0 0
0 0
0 0
0 0
0 0
0 0
0 0
0 0
0 0
0 0
0 0
0 0
0 0
2 0
0 0
3 0
0 0
0 0
0 0
0 0
0 0
0 0
0 0
0 0
0 0
0 0
0 0
0 0
0 0
0 0
0 0
0 0
0 0
0 0
0 0
0 0
0 0
0 0
0 0
0 0
0 0
0 0
0 0
0 0
0 0
0 0
0 0
0 0
0 0
0 0
0 0
0 0
0 0
0 0
0 0
0 0
0 0
0 0
0 0
0 0
0 0
0 0
0 0
0 0
0 0
0 0
0 0
0 0
0 0
0 0
0 0
0 0
0 0
0 0
0 0
0 0
0 0
0 0
0 0
0 0
0 0
0 0
0 0
0 0
0 0
0 0
0 0
0 0
0 0
0 0
0 0
0 0
0 0
0 0
0 0
0 0
0 0
0 0
2 0
0 0
0 0
0 0
0 0
0 0
0 0
0 0
0 0
3 0
12 0
1 0
0 0
0 0
0 0
0 0
0 0
12 0
226 0
603 2
799 2
757 1
943 1
1281 0
1429 0
1528 0
1544 0
1322 0
1147 0
968 0
469 0
73 3
65 0
424 0
559 0
681 0
744 0
674 0
612 0
582 0
471 0
277 0
220 0
87 0
205 0
473 0
562 0
565 0
432 0
0 0
394 0
479 0
236 0
0 0
152 0
275 0
202 0
79 0
34 0
0 0
0 0
0 0
9 0
0 0
0 0
0 0
0 0
4 0
4 0
3 0
0 0
0 0
0 0
0 0
0 0
1 0
68 0
53 0
33 0
8 0
0 0
0 0
26 0
60 0
169 0
327 0
465 0
584 0
646 0
699 0
718 0
678 0
648 0
578 0
445 0
261 0
140 0
6 0
1 0
35 0
2 0
18 0
32 0
86 0
50 0
54 0
59 0
33 0
124 0
179 0
254 0
294 0
348 0
392 0
504 0
523 0
460 0
397 0
491 0
537 0
532 0
531 0
549 0
538 0
517 0
453 0
348 0
207 0
232 0
257 0
352 0
343 0
294 0
197 0
173 0
203 0
126 1
16 0
34 0
63 0
198 0
277 0
251 0
295 0
201 0
124 0
80 0
69 0
171 0
358 0
247 0
105 0
54 0
34 0
100 0
169 0
160 0
79 0
49 0
61 0
49 1
38 0
42 0
39 0
55 0
71 2
67 1
54 2
33 1
35 0
27 0
20 0
0 0
0 0
0 0
0 0
0 0
0 0
0 0
0 0
6 0
0 0
0 0
0 0
0 0
0 0
1 0
36 2
43 2
21 2
6 0
0 0
0 0
0 0
48 2
58 2
18 0
0 0
0 0
0 0
0 0
2 0
6 0
0 0
0 0
0 0
0 0
0 0
0 0
0 0
0 0
18 0
0 0
0 0
15 0
9 0
0 0
0 0
0 0
0 0
0 0
0 0
0 0
0 0
0 0
0 0
7 0
0 0
0 0
0 0
0 0
0 0
2 0
2 0
3 0
0 0
0 0
0 0
0 0
0 0
0 0
1 0
0 0
0 0
0 0
0 0
0 0
0 0
0 0
0 0
0 0
4 0
0 0
0 0
0 0
0 0
122 0
302 0
543 0
793 0
1260 0
2009 0
2629 0
2482 0
1945 0
1556 0
1152 0
894 0
546 0
279 0
96 2
232 0
407 0
554 0
677 0
1082 0
1699 0
2029 0
1996 0
1897 0
1518 0
1304 0
1060 0
816 0
548 0
399 0
119 0
164 0
267 0
490 2
655 0
427 0
430 0
624 1
580 2
434 0
137 1
9 0
9 0
12 0
0 0
2 0
1 0
0 0
0 0
16 1
72 3
67 0
69 1
114 3
187 3
74 1
4 0
203 2
195 2
39 0
13 1
54 0
1 1
7 0
0 0
11 0
0 0
0 0
0 0
0 0
1 0
11 0
0 0
25 0
23 0
14 0
2 0
14 0
11 0
0 0
3 0
0 0
7 0
10 0
0 0
0 0
0 0
4 0
8 0
14 0
132 0
306 0
642 0
1002 0
1710 0
2279 0
2127 4
1830 11
1509 4
1299 16
801 17
348 19
388 19
385 20
389 12
512 3
597 0
508 2
379 0
270 3
197 2
101 0
164 1
158 0
78 0
17 0
31 0
0 0
0 0
0 0
0 0
0 0
0 0
0 0
6 0
3 0
13 0
4 0
0 0
8 0
7 1
0 0
3 0
0 0
0 0
2 0
0 0
0 0
0 0
0 0
0 0
0 0
0 0
0 0
0 0
0 0
0 0
0 0
0 0
0 0
10 0
22 0
1 0
0 0
0 0
0 0
0 0
0 0
0 0
0 0
0 0
0 0
0 0
2 3
11 4
1 3
33 3
1 0
9 1
2 0
0 0
0 0
0 0
0 0
0 0
0 0
0 0
0 0
0 0
0 0
1 0
0 1
0 0
0 0
0 0
0 0
0 0
0 0
0 0
0 0
0 0
0 0
20 0
62 0
70 0
20 0
6 0
10 3
34 5
53 5
149 5
277 15
435 16
746 21
1186 20
1726 18
2057 1
2010 0
1676 0
1188 0
688 1
329 0
351 2
525 2
684 3
838 2
970 1
936 1
482 0
180 0
335 0
473 0
537 0
349 0
38 0
17 0
175 0
306 0
325 0
340 0
364 0
251 0
140 0
90 0
126 0
149 0
140 0
97 0
49 0
37 0
12 0
53 0
117 0
106 0
33 0
32 0
21 0
27 0
41 0
15 0
50 0
40 0
22 0
10 0
19 1
4 0
13 0
1 0
1 0
0 0
0 0
0 0
0 0
0 0
0 0
0 0
0 0
0 0
0 0
0 0
0 0
12 0
1 0
0 0
3 0
0 0
0 0
0 0
0 0
0 0
0 0
0 0
0 0
0 0
0 0
0 0
0 0
0 0
0 0
0 0
0 0
0 0
0 0
0 0
0 0
0 0
0 0
0 0
0 0
0 0
0 0
0 0
0 0
0 0
0 0
0 0
0 0
0 0
8 0
29 0
28 0
6 0
3 0
0 0
17 0
27 0
52 0
16 0
8 0
8 0
2 183
11 451
5 638
0 908
4 1226
6 1331
0 1408
0 1167
0 590
0 763
0 1173
0 1222
0 583
15 663
2 746
6 680
0 532
0 851
0 1103
0 1025
0 925
0 435
0 47
0 7
0 138
0 0
0 0
0 0
0 0
0 0
0 0
0 0
0 0
0 0
0 0
0 0
0 0
0 0
0 0
0 0
0 0
0 0
0 0
0 0
0 0
0 0
0 0
0 0
0 0
0 0
0 0
0 0
0 0
0 0
0 0
0 0
0 0
0 0
0 0
0 0
0 0
0 0
0 0
0 0
0 0
0 0
0 0
0 0
0 0
0 0
0 0
0 0
0 0
0 0
0 0
0 0
0 0
0 0
0 0
0 0
0 0
0 0
0 0
0 0
0 0
0 0
0 0
0 0
0 0
0 0
0 0
0 0
0 0
0 0
0 0
0 0
0 0
0 0
0 0
0 0
0 0
0 0
0 0
0 0
0 0
0 0
0 0
0 0
0 0
0 0
0 0
0 0
0 0
0 0
0 0
0 0
0 0
0 0
0 0
0 0
0 0
0 0
0 0
0 0
0 0
0 0
0 0
0 0
0 0
0 0
0 0
0 0
0 0
0 0
0 0
0 0
0 0
0 0
0 0
0 0
0 0
0 0
0 0
0 0
0 0
0 0
0 0
0 0
0 0
0 0
0 0
0 0
0 0
0 0
0 0
0 0
0 0
0 0
0 0
0 55
0 200
0 470
0 526
0 663
0 682
0 767
0 1046
0 1350
0 1318
0 1348
0 1330
0 1154
0 777
0 745
0 1335
0 1490
0 1422
0 1000
0 360
0 667
0 664
0 890
0 1158
0 1444
0 1216
0 934
0 775
0 676
0 523
0 84
0 41
0 8
0 0
0 0
0 0
0 0
0 0
0 0
0 0
0 0
0 0
0 0
0 0
0 0
0 0
0 0
0 0
0 0
0 0
0 0
0 0
0 0
0 0
0 0
0 0
0 0
0 0
0 0
0 0
0 0
0 0
0 0
0 0
0 0
0 0
0 0
0 0
0 0
0 0
0 0
0 0
0 0
0 0
0 0
0 0
0 0
0 0
0 0
0 0
0 0
0 0
0 0
0 0
0 0
0 0
0 65
0 287
0 590
0 973
0 1194
0 1449
0 1708
0 1487
0 1239
0 921
0 1529
0 1612
0 1431
0 961
0 1763
0 1930
0 2022
0 2042
0 2082
0 2022
0 1939
0 1765
0 1747
0 1780
0 1700
0 1629
0 1281
0 527
0 736
0 1263
0 1520
0 1679
0 1698
0 1711
0 1565
0 1691
0 1812
0 1730
0 1575
0 658
0 1233
0 1664
0 1738
0 1694
0 1564
0 1309
0 1510
0 1307
0 975
0 1030
0 1095
0 834
0 212
0 387
0 713
0 821
0 205
0 814
0 696
0 357
0 106
0 667
0 891
0 328
0 332
0 324
0 19
0 79
0 151
0 440
0 363
0 62
0 387
0 414
0 839
0 881
0 406
0 829
0 962
0 738
0 226
0 824
0 1037
0 903
0 432
0 785
0 929
0 637
0 316
0 891
0 844
0 169
0 752
0 950
0 630
0 158
0 653
0 547
0 133
0 667
0 802
0 433
0 477
0 941
0 808
0 737
0 1100
0 1157
0 1115
0 1095
0 956
0 851
0 719
0 523
0 240
0 66
0 55
0 79
0 0
0 0
0 1
0 0
0 0
0 0
0 26
0 150
0 333
0 438
0 498
0 653
0 735
0 817
0 953
0 1054
0 1241
0 1395
0 1389
0 1167
0 878
0 569
0 938
0 1126
0 1360
0 1412
0 1103
0 486
0 946
0 1028
0 921
0 303
0 912
0 1156
0 1201
0 1094
0 887
0 724
0 701
0 752
0 521
0 47
0 57
0 59
0 64
0 0
0 0
0 0
0 0
0 0
0 0
0 0
0 0
0 0
0 0
0 0
0 0
0 0
0 0
0 0
0 0
0 0
0 0
0 0
0 0
0 0
0 0
0 0
0 0
0 0
0 0
0 0
0 0
0 0
0 0
0 0
0 0
0 0
0 0
0 0
0 0
0 0
0 0
0 0
0 0
0 0
0 0
0 0
0 0
0 0
0 0
0 0
0 0
0 0
0 0
0 0
0 0
0 0
0 0
0 0
0 0
0 0
0 0
0 0
0 0
0 0
0 0
0 0
0 0
0 0
0 0
0 0
0 0
0 0
0 0
0 0
0 0
0 0
0 0
0 0
0 0
0 0
0 0
0 0
0 0
0 0
0 0
0 0
0 0
0 0
0 0
0 0
0 0
0 0
0 0
0 0
0 0
0 0
0 0
0 0
0 0
0 0
0 0
0 0
0 0
0 0
0 0
0 0
0 0
0 0
0 0
0 0
0 0
0 0
0 0
0 0
0 0
0 0
0 0
0 0
0 0
0 0
0 0
0 0
0 0
0 0
0 0
0 0
0 0
0 0
0 0
0 0
0 0
0 0
0 0
0 0
0 0
0 0
0 0
0 0
0 0
0 0
0 0
0 0
0 0
0 0
0 0
0 0
0 0
0 0
0 0
0 0
0 0
0 0
0 0
0 0
0 0
0 0
0 0
0 0
0 0
0 0
0 0
0 0
0 0
0 0
0 0
0 0
0 0
0 0
0 0
0 0
0 0
0 0
0 0
0 0
0 0
0 0
0 20
0 222
0 399
0 705
0 800
0 872
0 878
0 1059
0 1376
0 1551
0 1640
0 1649
4 1766
3 1538
0 1444
0 1649
0 1410
0 1392
0 1308
0 1321
0 1251
0 1384
0 1551
0 1624
0 1492
0 1317
0 1272
0 1152
0 1408
0 1448
0 1202
0 947
0 1511
0 1913
0 1900
0 1688
0 1383
0 1231
0 1220
0 1057
0 851
0 925
0 1109
0 1348
0 1400
0 1418
0 1426
0 1386
0 1391
0 1348
0 1389
0 1395
0 1306
6 1067
0 599
0 1194
0 1508
0 1447
0 1183
0 946
0 994
0 887
0 398
0 1254
0 1362
0 999
0 819
0 1029
0 1066
0 1046
0 1049
0 1090
0 1039
0 893
0 710
0 522
0 373
0 242
0 297
0 310
0 308
0 198
0 1
0 0
0 0
0 0
0 0
0 0
2 0
21 0
0 0
0 0
0 0
0 0
0 0
0 0
0 0
0 0
0 0
0 0
0 0
0 0
3 0
0 0
0 0
0 0
0 0
0 0
0 0
0 0
0 0
0 0
0 20
0 130
0 237
0 400
0 588
0 809
0 1051
0 1331
0 1543
0 1686
0 1683
0 1590
0 1275
0 609
0 835
0 1434
0 1610
0 1641
0 1362
0 604
0 1153
0 1441
0 1436
0 1298
0 1096
0 625
0 687
0 1198
0 1404
0 1514
0 1369
0 685
0 954
0 1306
0 1254
0 1004
0 1093
0 1405
0 1253
0 935
0 947
0 1108
0 1133
0 1077
0 1038
0 1174
0 1043
0 970
0 813
0 820
0 627
0 483
0 197
0 31
0 17
0 0
0 0
0 0
0 0
0 0
0 0
0 0
0 0
0 0
0 0
0 0
0 0
0 0
0 0
0 0
0 0
0 0
0 0
0 0
0 0
0 0
0 0
0 0
0 0
0 0
0 0
0 0
0 0
0 0
0 0
0 0
0 0
0 0
0 0
0 0
0 0
0 0
0 0
0 0
0 0
0 0
0 0
0 0
0 0
0 0
0 0
0 0
0 0
0 0
0 0
0 0
0 0
0 0
0 0
0 0
0 0
0 0
0 0
0 0
0 0
0 0
0 0
0 0
0 0
0 0
0 0
0 0
0 0
0 0
0 0
0 0
0 0
0 0
0 0
0 0
0 0
0 0
0 0
0 0
0 0
0 0
0 0
0 0
0 0
0 0
0 0
0 0
0 0
0 0
0 0
0 0
0 0
0 0
0 0
0 0
0 27
0 219
0 464
0 674
0 1061
0 1124
0 1324
0 1249
0 1183
0 1086
0 1068
0 1045
0 1266
0 1303
0 1151
0 1176
0 1047
0 1144
0 705
0 384
0 766
0 923
0 1415
0 1710
0 1712
0 1388
0 1119
0 858
0 573
0 458
0 372
0 180
0 5
0 0
0 3
0 0
0 0
0 0
0 0
0 0
0 0
0 0
0 0
0 0
0 0
0 0
0 0
0 0
0 0
0 0
0 0
0 0
0 0
0 0
0 0
0 0
0 0
0 0
0 0
0 0
0 0
0 0
0 0
0 0
0 0
0 0
0 0
0 0
0 0
0 0
0 0
0 0
0 0
0 0
0 0
0 0
0 0
0 0
0 0
0 0
0 0
0 0
0 0
0 0
0 0
0 0
0 0
0 0
0 0
0 0
0 0
0 0
0 0
0 0
0 0
0 0
0 0
0 0
0 0
0 0
0 0
0 0
0 0
0 0
0 0
0 0
0 0
0 0
0 0
0 0
0 0
0 0
0 0
0 0
0 0
0 0
0 0
0 0
0 0
0 0
0 0
0 0
0 0
0 0
0 0
0 0
0 0
0 0
0 0
0 0
0 0
0 0
0 0
0 0
0 0
4 2
0 0
0 0
0 0
0 0
0 0
0 0
0 0
0 0
0 0
0 0
0 0
0 0
0 0
0 0
0 0
0 0
0 0
0 0
0 0
0 0
0 0
0 0
0 0
0 0
0 0
0 0
0 0
1 0
0 0
0 0
0 0
0 0
0 0
0 0
0 0
0 0
0 0
0 0
0 0
0 0
0 0
0 0
0 0
0 0
0 0
0 0
0 0
0 0
0 0
0 0
0 0
0 0
0 0
0 0
0 0
0 0
0 0
0 0
0 0
0 0
0 0
0 0
0 0
0 0
0 0
0 0
0 0
0 0
0 0
0 0
0 0
0 0
0 0
0 0
0 0
0 0
0 0
0 0
0 0
0 0
0 0
0 0
0 0
0 0
0 0
0 0
0 0
0 0
0 1
0 61
0 272
0 519
0 738
0 809
0 918
0 1097
0 1112
0 952
0 1234
7 1264
3 1174
1 1178
0 1157
0 1185
8 767
0 249
0 742
0 934
0 1090
0 1254
2 1312
0 1189
0 1077
0 978
0 860
0 777
0 642
0 490
0 338
0 113
0 0
0 0
0 0
0 0
0 0
0 0
0 0
0 0
0 0
0 0
0 0
0 0
0 0
0 0
0 0
0 0
0 0
0 0
0 0
0 0
0 0
0 0
0 0
0 0
0 0
0 0
0 0
0 0
0 0
0 0
0 0
0 0
0 0
0 0
0 0
0 0
0 0
0 0
0 0
0 0
0 0
0 0
0 0
0 0
0 0
0 0
0 0
0 0
0 0
0 0
0 0
0 0
0 0
0 0
0 0
0 0
0 0
0 0
0 0
0 0
0 0
0 0
0 0
0 0
0 0
0 0
0 0
0 0
0 0
0 0
0 0
0 0
0 0
0 0
0 0
0 0
0 0
0 0
0 0
0 0
0 0
0 0
0 0
0 0
0 0
0 0
0 0
0 0
0 0
0 0
0 0
0 0
0 0
0 0
0 0
0 0
0 0
0 0
9 0
67 1
70 0
0 0
0 0
0 0
62 2
58 1
21 1
0 0
0 0
1 0
0 0
0 0
0 0
0 0
0 0
0 0
0 0
0 0
0 0
0 0
0 0
0 0
0 0
0 0
0 0
0 0
0 0
0 0
0 0
0 0
0 0
0 0
0 0
0 0
0 0
0 0
0 0
0 0
0 0
0 0
0 0
0 0
0 0
0 0
0 0
0 0
0 0
0 0
0 0
0 0
0 0
0 0
0 0
0 0
0 0
0 0
0 0
0 0
0 0
0 0
0 0
0 0
0 0
0 0
0 0
0 0
0 0
0 0
0 0
0 0
0 0
0 0
0 0
0 0
0 0
0 0
0 0
0 0
0 0
0 0
0 0
0 0
0 0
0 0
0 0
0 0
0 0
0 0
0 0
0 1
0 0
0 0
0 0
0 0
0 0
0 0
0 0
0 0
0 0
0 0
0 0
0 0
0 0
0 0
0 0
0 0
0 0
1 0
0 0
0 0
0 0
0 0
0 0
0 0
0 0
0 0
0 0
0 0
0 0
0 0
0 0
0 0
0 0
0 0
0 0
0 0
0 0
0 0
0 0
0 0
0 0
0 0
0 0
0 0
0 0
0 0
0 0
0 0
0 0
0 0
0 0
0 0
0 0
0 0
0 0
0 0
0 0
0 0
0 0
0 0
0 0
0 0
0 0
0 0
0 0
0 0
0 0
0 0
0 0
0 0
0 0
0 0
0 0
0 0
0 0
0 0
0 0
0 0
0 0
0 0
0 0
0 0
0 0
0 0
0 0
0 0
0 0
0 0
0 0
0 0
0 0
0 0
0 0
0 0
0 0
0 0
0 0
0 0
0 0
0 0
0 0
0 0
0 0
0 0
0 0
0 0
0 0
0 0
0 0
0 0
0 0
0 0
0 0
0 0
0 0
0 0
0 0
0 0
0 0
0 0
0 0
0 12
0 163
0 454
0 782
0 957
0 1109
0 1080
0 1123
0 1226
0 1214
0 1184
0 1093
0 848
0 972
0 1137
0 1149
0 730
0 957
0 1054
0 1027
0 325
0 857
0 889
0 629
0 885
0 1016
0 1276
0 1365
0 1360
0 1176
2 929
0 650
0 483
0 175
0 25
0 29
0 0
0 5
0 0
0 0
0 0
0 0
0 0
0 0
0 0
0 0
0 0
0 0
0 0
0 0
0 0
0 0
0 0
0 0
0 0
4 0
0 0
0 0
0 0
0 0
0 0
0 0
0 0
0 0
0 0
0 0
0 0
0 0
0 0
0 0
0 0
0 0
0 0
0 0
0 0
0 0
0 0
0 0
0 0
0 0
0 0
0 0
0 0
0 0
0 0
0 0
0 0
0 0
0 0
0 0
0 0
0 0
0 0
0 0
0 0
0 0
0 0
0 0
0 0
0 0
0 0
0 0
0 0
0 0
0 0
0 0
0 0
0 0
0 0
0 0
0 0
0 0
0 0
0 0
0 0
0 0
0 0
0 0
0 0
0 0
0 0
0 0
0 0
0 0
0 0
0 0
0 0
0 0
0 0
0 0
0 0
0 0
0 0
0 0
0 0
0 0
0 0
0 0
0 0
0 0
0 0
0 0
0 0
0 0
0 0
0 0
0 0
0 0
0 0
0 0
0 0
0 0
0 0
0 0
0 0
0 0
0 0
0 0
0 0
0 0
0 0
0 0
0 0
0 0
0 0
0 0
0 0
0 0
0 0
0 0
0 0
0 0
0 0
0 0
0 0
0 0
0 0
0 0
0 0
0 0
0 0
0 0
0 0
0 0
0 0
0 0
0 0
0 0
36 0
182 0
366 0
675 0
840 0
934 0
1134 0
1757 0
2052 0
2300 0
2193 0
1661 0
1396 0
1538 0
1640 0
1791 0
1614 0
1487 0
1205 0
1276 0
1348 0
1363 0
1485 0
1253 0
755 0
109 0
435 0
712 0
479 0
117 0
669 0
867 0
1011 0
869 0
568 0
0 0
602 0
923 0
995 0
804 0
44 0
741 1
963 0
779 0
316 0
20 0
621 0
875 0
827 0
719 0
400 0
362 0
912 0
987 0
745 0
425 60
67 215
225 476
562 759
487 980
516 1215
681 1175
426 1259
200 1174
642 1030
756 686
505 743
87 793
35 679
398 393
579 596
567 734
647 799
201 902
122 970
268 1013
134 977
271 901
462 688
573 593
1233 499
1481 160
1338 48
2057 35
3094 0
2969 0
2511 0
2161 1
2165 1
1906 0
1498 0
1089 0
763 0
704 0
865 0
537 6
224 3
374 0
587 0
729 10
665 4
592 0
528 0
360 0
97 0
34 1
52 2
67 2
129 2
105 2
59 2
5 0
8 0
0 0
0 0
0 0
0 0
10 0
3 0
2 0
1 0
0 0
0 0
0 0
0 0
0 0
0 0
0 0
0 0
0 0
0 0
0 0
0 0
0 0
0 0
0 0
0 0
0 0
0 0
0 0
0 0
0 0
0 0
0 0
0 0
0 0
0 0
0 0
0 0
0 0
0 0
0 0
0 0
0 0
0 0
0 0
0 0
0 0
0 0
0 0
0 0
0 0
0 0
0 0
0 0
0 0
0 0
0 0
0 0
0 0
0 0
0 0
0 0
0 0
0 0
0 0
0 0
0 0
0 0
0 0
0 0
0 0
0 0
0 0
0 0
0 0
0 0
0 63
0 185
0 438
0 603
0 667
0 887
0 1207
0 1489
0 1516
0 1452
0 1310
0 996
0 660
0 920
0 1224
0 1257
0 887
0 705
0 1076
0 903
0 154
0 799
0 1139
0 1253
0 1412
0 1452
0 1447
0 1127
0 919
0 714
0 621
0 314
0 82
0 36
0 6
0 0
0 0
0 0
0 0
0 0
0 0
0 0
0 0
0 0
0 0
0 0
0 0
0 0
0 0
0 0
0 0
0 0
0 0
0 0
0 0
0 0
0 0
0 0
0 0
0 0
0 0
0 0
0 0
0 0
0 0
0 0
0 0
0 0
0 0
0 0
0 0
0 0
0 0
0 0
0 0
0 0
0 0
0 0
0 0
0 0
0 0
0 0
0 0
0 0
0 0
0 0
0 0
0 0
0 0
0 0
0 0
0 0
0 0
0 0
0 0
0 0
0 0
0 0
0 0
0 0
0 0
0 0
0 0
0 0
0 0
0 0
0 0
0 0
0 0
0 0
0 0
0 0
0 0
0 0
0 0
0 0
0 0
0 0
0 0
0 0
0 0
0 0
0 0
0 0
0 0
0 0
0 0
0 0
0 0
0 0
0 0
0 0
0 0
0 0
0 0
0 0
0 0
0 0
0 0
0 0
0 0
0 0
0 0
0 0
0 0
0 0
0 0
0 0
0 0
0 0
0 0
0 0
0 0
0 0
0 0
0 0
0 0
0 0
0 0
0 0
0 0
0 0
0 0
0 0
0 0
0 0
0 0
0 50
0 170
0 420
0 535
0 765
0 880
0 1167
0 1501
0 1778
0 1869
0 1828
0 1757
0 1690
0 1326
0 620
0 1021
0 1102
0 505
0 1257
0 1265
0 1198
0 1077
0 604
0 544
0 692
0 776
0 779
0 770
0 755
0 820
0 797
0 711
0 556
0 480
0 774
0 929
0 928
0 707
0 570
0 758
0 877
0 678
0 664
0 820
0 761
0 563
0 475
0 1023
0 1238
0 1367
0 1509
0 1687
0 1697
0 1698
0 1885
0 2031
0 1884
0 1488
0 1263
0 1078
0 727
0 1046
0 1205
0 1287
0 1305
0 1129
0 1008
0 1448
0 1505
0 1275
0 867
0 1068
0 1193
0 833
0 957
0 1260
0 1457
0 1593
0 1763
0 1773
0 1610
0 1537
0 1325
0 1041
1 865
0 686
0 501
0 57
0 82
0 19
0 27
0 0
0 0
0 0
0 0
0 0
0 0
0 0
0 0
0 0
0 0
0 0
0 0
0 0
0 0
0 0
0 0
0 0
0 0
0 0
0 0
0 0
0 0
0 0
0 0
0 0
0 0
0 0
0 0
0 0
0 0
0 0
0 0
0 0
0 0
0 0
0 0
0 0
0 0
0 0
0 0
0 187
0 426
0 638
0 939
0 1010
0 1135
0 942
0 825
0 1291
0 1821
0 1885
0 2019
0 1770
0 1347
0 1523
0 1489
0 1066
0 1059
0 856
0 1329
0 1489
0 1410
0 1084
0 1048
0 1072
0 947
0 722
0 720
0 602
0 378
0 78
0 13
0 27
0 0
0 0
0 0
0 0
0 0
0 42
0 272
0 505
0 729
0 812
0 946
0 1109
0 1128
0 1605
0 1693
0 1998
0 2097
0 1848
0 1473
0 1299
0 889
0 510
0 857
0 1002
0 1013
0 934
0 969
0 1447
0 1483
0 1362
0 1139
0 1209
0 1465
0 1530
0 1614
0 1654
0 1502
0 1256
0 1375
0 1458
0 1572
0 1788
0 1879
0 1960
0 1936
0 1661
0 1213
0 820
0 571
0 579
0 563
0 432
241 19
0 44
0 15
0 0
0 0
0 0
0 2
0 9
0 0
4 0
0 0
2 0
0 0
0 0
0 0
0 0
0 0
0 0
0 0
0 0
0 0
0 0
0 0
0 0
0 0
0 0
0 0
0 0
0 0
0 0
0 0
0 0
0 0
0 0
0 0
0 0
0 0
0 0
0 0
0 0
0 0
0 0
0 0
0 1
0 0
0 0
0 0
0 0
0 0
0 0
0 0
0 0
0 0
0 0
0 0
0 0
0 0
0 0
0 0
0 0
0 0
0 0
0 0
0 0
0 0
0 0
0 0
0 0
0 0
0 0
0 0
0 0
0 0
0 0
0 0
0 0
0 0
0 0
0 0
0 0
0 0
0 0
0 0
0 0
0 0
0 0
0 0
0 0
0 0
0 0
0 0
0 0
0 0
0 0
0 0
0 0
0 0
0 0
0 0
0 0
0 0
24 0
275 0
309 0
360 0
187 0
117 0
35 0
0 0
26 0
0 0
100 0
1 0
5 0
0 5
0 103
0 289
0 468
0 535
5 693
0 862
0 1036
0 1325
0 1606
0 1858
0 2010
0 2032
0 1894
0 1687
0 1408
6 1017
15 511
0 818
0 1470
0 1815
0 1788
0 1585
0 1193
0 537
0 570
11 680
13 1000
0 1341
0 1723
0 1803
0 1810
0 1378
5 1080
0 898
0 676
0 197
0 19
0 110
0 31
0 0
0 19
0 0
0 0
0 1
0 0
1 0
0 0
0 0
0 0
0 0
0 0
0 0
0 0
0 0
0 0
0 0
0 0
0 0
0 0
0 0
0 0
0 0
0 0
0 0
0 0
0 0
0 0
0 0
0 0
0 0
0 0
0 0
0 0
0 0
0 0
0 0
0 20
0 112
0 200
0 500
0 666
0 890
0 1119
0 1210
0 1123
0 1028
0 835
0 651
0 467
0 829
0 1080
0 1269
0 1421
0 1500
0 1473
0 1207
0 892
0 827
0 928
0 949
0 920
0 911
0 903
0 722
0 549
0 669
0 531
0 574
0 692
0 875
0 1092
0 1351
0 1481
0 1381
0 1263
0 1114
0 992
0 653
0 482
0 993
0 1420
0 1870
0 2503
0 2733
0 2682
0 2401
0 1823
0 1394
0 1744
0 1955
0 2027
0 2099
0 1937
0 1424
0 1315
0 1316
0 1287
0 750
0 1376
0 1314
0 1210
0 1364
0 1551
0 1554
0 1748
0 1910
0 2158
0 2376
0 2474
0 2274
0 1657
0 1493
0 1253
0 1141
0 1108
0 1000
0 874
0 559
0 323
0 20
0 0
0 0
0 0
0 0
0 0
0 0
0 0
0 0
0 0
0 0
0 0
0 0
0 0
0 0
0 0
0 0
0 0
0 0
0 0
0 0
0 0
0 0
0 0
0 0
0 0
0 0
0 0
0 0
0 0
0 0
0 0
0 0
0 0
0 0
0 0
0 0
0 0
0 0
0 0
0 0
0 0
0 0
0 0
0 0
0 0
0 0
0 0
0 0
0 0
0 0
0 0
0 0
0 0
0 0
0 0
0 0
0 0
0 0
0 0
0 0
0 0
0 0
0 0
0 0
0 0
0 0
0 14
0 70
0 323
0 503
0 790
0 1015
0 1101
0 1068
0 1138
0 1303
0 1416
0 1518
0 1372
0 1228
0 530
0 1159
0 1512
0 1839
0 1833
0 1355
0 752
0 938
0 1043
0 918
0 1186
0 1279
0 1324
0 1089
0 958
0 834
0 638
0 356
0 20
0 4
0 0
0 1
0 0
0 0
0 0
0 0
0 0
0 0
0 0
0 0
0 0
0 0
0 0
0 0
0 0
0 0
0 0
0 0
0 0
0 0
0 0
0 0
0 0
0 0
0 0
0 0
0 3
0 76
0 183
0 229
0 245
0 221
0 75
0 37
0 216
0 100
0 0
0 0
0 12
0 4
0 4
0 12
0 26
0 151
0 171
0 102
0 13
0 5
0 0
0 0
0 0
0 0
0 0
0 0
0 0
0 0
0 0
0 0
0 0
0 5
0 0
0 0
0 0
0 0
0 1
0 0
0 0
0 0
0 0
0 0
0 0
0 3
0 2
0 0
0 0
0 0
0 0
0 0
0 0
0 0
0 0
0 0
0 0
0 0
0 0
0 0
0 0
0 0
0 0
0 0
0 0
0 0
0 0
0 0
0 0
0 0
0 0
0 0
0 0
0 0
0 0
0 0
0 0
0 0
0 0
0 0
0 0
0 0
0 0
0 0
0 0
0 0
0 0
0 0
0 0
0 0
0 0
0 0
0 0
0 0
0 0
0 0
0 0
0 0
0 5
0 91
0 277
0 488
0 710
0 895
0 1062
0 1247
0 1379
0 1592
0 1799
0 1829
3 1302
0 1247
0 1100
0 606
0 987
0 554
0 1036
0 1187
0 1339
0 1384
0 1325
0 1187
0 956
0 853
0 695
0 634
0 434
0 38
0 19
0 23
0 0
0 0
0 0
0 0
0 0
0 0
0 0
0 0
0 0
0 0
0 0
0 0
0 0
0 0
0 0
0 0
0 0
0 0
0 0
0 0
0 0
0 0
5 0
0 0
0 0
0 0
0 0
0 0
0 0
0 0
0 0
0 0
0 0
0 0
0 0
0 0
0 0
0 0
0 0
0 0
0 0
0 0
0 0
0 0
0 0
0 0
0 0
0 0
0 0
0 0
0 0
2 0
0 0
0 0
0 0
0 0
0 0
0 0
0 0
0 0
0 0
0 0
0 0
0 0
0 0
0 0
0 0
0 0
0 0
0 0
0 0
0 0
0 0
0 0
0 0
3 0
0 0
0 0
20 0
56 0
18 0
54 1
32 0
84 1
192 2
202 0
255 1
282 0
304 0
373 0
302 0
145 0
176 0
208 0
200 1
147 2
204 2
120 3
66 3
81 3
138 2
114 0
55 0
55 0
3 0
0 0
0 0
0 0
0 0
0 0
0 0
0 0
0 0
0 0
0 0
0 0
4 0
6 0
0 0
0 0
0 0
0 0
0 0
6 0
1 0
0 0
0 0
0 0
0 0
0 0
0 0
0 0
0 0
0 0
0 0
0 0
0 0
0 0
0 0
0 0
0 0
0 0
0 0
2 0
0 0
20 2
2 0
0 0
0 0
0 0
0 0
0 0
0 0
0 0
0 0
0 0
19 0
27 0
34 0
12 0
20 0
6 0
19 0
33 0
18 0
19 0
20 0
6 0
8 0
16 0
5 0
11 0
27 0
20 0
18 0
8 0
13 0
1 2
10 0
8 0
11 0
6 0
11 0
2 0
12 0
10 0
21 0
21 0
65 0
82 0
107 0
115 0
90 0
58 0
6 0
0 0
1 0
13 0
12 0
0 0
0 0
0 0
0 0
0 0
0 0
0 0
0 0
0 0
0 0
0 0
0 0
0 0
0 0
0 0
0 0
0 0
2 0
0 0
0 0
0 0
0 0
0 0
0 0
0 0
0 0
0 0
0 0
0 0
0 0
0 0
0 0
0 0
0 0
0 0
0 0
0 0
0 0
0 0
0 0
0 0
0 0
0 0
0 0
0 0
0 0
0 0
0 0
185 0
430 0
536 0
613 0
667 0
803 0
1083 0
1297 0
1382 0
1509 0
1323 0
1000 0
501 0
288 0
392 0
544 0
736 0
909 0
1183 0
1344 0
1180 0
1339 0
1782 1
1891 0
1812 3
1718 0
1316 0
899 0
966 0
1067 0
1026 0
765 0
450 0
420 0
477 0
784 0
1282 0
1480 0
1686 2
1744 2
1740 1
1817 3
1852 0
1542 2
1331 2
1238 0
1115 0
769 0
317 0
115 0
426 0
696 0
981 0
1162 0
1278 0
1519 0
1438 0
1273 0
1107 0
950 0
855 0
687 0
516 0
304 0
202 0
81 0
24 0
56 0
163 0
295 0
440 0
651 0
1040 0
1306 0
1397 0
1431 0
1227 0
1101 0
1075 0
908 0
824 0
784 0
897 0
834 0
949 0
1330 0
1707 0
1956 0
2041 0
1975 0
1458 0
675 0
354 0
192 0
72 0
161 0
160 0
94 0
37 0
133 0
287 0
277 0
309 0
241 0
173 0
151 0
267 0
275 0
150 0
98 0
80 0
376 0
835 0
1131 0
1437 0
1667 0
1913 0
2043 9
2142 18
2434 12
2146 28
1934 31
1826 22
1868 11
1807 14
1680 10
1641 10
1446 27
1287 12
1113 18
958 15
798 11
552 7
303 3
111 2
62 0
284 4
481 6
723 9
966 12
1169 9
1384 20
1897 33
2185 28
2680 40
2912 28
3043 28
3011 22
3111 16
3458 18
3784 8
3763 3
3891 0
3353 0
3090 5
2851 3
2562 4
2244 4
2107 4
1984 4
1973 4
2124 3
2444 3
2644 5
2711 5
2718 4
2704 1
2691 4
2723 8
2856 8
2631 6
1796 4
1710 4
1709 12
1892 12
1930 10
1993 11
2005 23
1964 28
1869 44
1753 38
1744 22
1685 28
1777 16
1711 28
1385 18
941 3
826 2
638 0
748 0
856 1
1112 2
1519 6
1712 29
2125 27
2248 30
2478 21
2760 19
2981 35
3285 30
3408 28
3173 16
2863 3
2672 0
2715 0
3024 0
3213 0
3226 0
3182 0
2722 0
2483 0
2362 0
1633 0
1809 0
1916 0
1263 0
1455 0
936 0
393 0
734 0
607 0
553 0
443 0
618 0
552 0
834 0
750 0
857 0
278 0
56 0
113 0
49 0
49 0
265 0
7 0
26 0
4 0
7 0
45 0
20 0
121 0
13 0
0 0
173 0
35 0
9 0
25 0
27 0
454 0
444 0
607 0
120 0
34 0
212 0
62 0
282 0
17 0
1 0
112 0
55 0
403 0
107 0
326 0
63 0
134 0
8 0
6 0
9 0
6 0
272 0
383 0
787 0
318 0
539 0
75 0
36 0
2 0
0 0
0 0
0 0
0 0
0 0
0 0
0 0
0 0
0 0
0 0
0 0
0 0
0 0
0 0
8 0
0 0
8 0
3 0
0 0
0 0
0 0
0 0
0 0
1 0
0 0
0 0
0 0
0 0
0 0
0 0
0 0
0 0
0 0
0 0
0 0
0 0
0 0
0 0
0 0
0 0
0 0
0 0
0 0
0 0
0 0
6 0
0 0
0 0
0 0
0 0
9 0
0 0
9 0
11 0
0 0
66 0
20 0
0 0
0 0
0 0
0 0
0 0
0 0
0 0
0 0
0 0
0 0
0 0
6 0
68 0
51 0
2 0
1 0
16 0
15 0
0 0
0 0
0 0
0 0
0 0
0 0
0 0
0 0
0 0
0 0
0 0
0 0
0 0
0 0
0 0
0 0
0 0
4 0
0 0
0 0
0 0
0 0
0 0
0 0
0 0
0 0
0 0
0 0
0 0
0 0
0 0
0 0
0 0
0 0
0 0
0 0
0 0
0 0
0 0
0 0
0 0
0 0
0 0
0 0
0 0
0 0
0 0
0 0
0 0
0 0
5 0
0 0
0 0
0 0
0 0
0 0
0 0
0 0
0 0
0 0
7 0
0 0
1 0
0 0
0 0
0 0
0 0
0 0
0 0
0 0
0 0
0 0
0 0
0 0
0 0
0 0
0 0
0 0
0 0
0 0
0 0
0 0
0 0
0 0
0 0
0 0
0 0
0 0
0 0
0 0
0 0
0 0
0 0
0 0
0 0
0 0
602 2
0 0
0 0
0 0
0 0
0 0
0 0
0 0
0 0
0 0
0 0
0 0
0 0
0 0
0 0
0 0
0 0
4 0
0 0
0 0
0 0
4 0
0 0
0 0
0 0
0 0
0 0
0 0
0 0
0 0
0 0
0 0
0 0
0 0
0 0
0 0
0 0
0 0
0 0
0 0
0 0
0 0
0 0
0 0
0 0
0 28
0 280
0 396
0 511
0 685
0 891
0 1209
0 1292
0 1123
0 518
0 1179
0 1265
0 1188
0 876
0 336
0 983
0 1041
0 875
0 655
0 238
0 586
0 710
0 668
0 672
0 615
0 414
284 47
0 10
0 7
0 0
0 0
0 0
0 0
0 0
0 0
0 0
0 0
0 0
0 0
0 0
0 0
0 0
0 0
0 0
0 0
0 0
0 0
0 0
0 0
0 0
0 0
0 0
0 0
0 0
0 0
0 0
0 0
0 0
0 0
0 0
0 0
0 0
0 0
0 0
0 0
0 0
0 0
0 0
0 0
0 0
0 0
0 51
0 203
0 466
0 678
0 892
0 1143
0 1549
0 1707
0 1807
0 1955
0 1977
0 1970
0 1940
0 1780
0 1543
0 1271
0 872
0 1074
0 1207
0 1367
0 1132
0 629
0 1244
0 1556
0 1736
0 1725
0 1635
0 1577
0 1446
0 1186
37 756
2 271
0 298
0 648
0 978
0 1108
0 1167
0 1184
0 1353
0 1747
0 2092
0 2271
0 2419
0 2481
0 2211
0 1839
0 1688
0 1348
0 1101
0 1006
0 744
0 248
0 79
0 144
0 79
0 2
0 0
0 0
0 0
0 0
0 0
0 0
0 0
0 0
0 0
1 0
0 0
0 0
0 0
0 0
0 0
0 0
0 0
1 0
0 0
0 0
0 0
0 0
0 0
0 0
0 0
0 0
0 0
0 234
0 637
0 1001
0 1374
0 1704
0 1758
0 1694
0 1516
0 1311
0 1015
0 971
0 956
0 1081
0 1144
0 601
0 766
0 1145
0 1296
0 1426
0 1510
0 1430
0 1121
0 1101
0 951
0 795
0 350
0 236
0 58
0 142
0 1
0 0
0 0
0 0
0 0
0 0
0 0
0 0
0 0
0 0
0 0
362 6
0 0
0 0
0 0
0 0
0 0
0 0
0 0
0 0
0 0
0 0
0 0
0 0
0 0
0 0
0 0
0 0
0 0
2 0
0 0
0 0
0 0
0 0
0 0
0 0
0 0
0 0
0 0
0 0
0 0
0 0
0 0
0 0
0 0
0 0
0 0
1 0
5 0
0 0
0 0
0 0
0 0
0 0
0 0
2 0
0 0
0 0
0 0
0 0
0 0
0 0
0 0
0 0
0 0
0 0
0 0
0 0
0 0
0 0
42 0
0 0
1 0
0 0
0 0
0 0
0 0
0 0
0 0
0 0
1 0
0 0
0 0
0 0
0 0
0 0
0 0
0 0
0 0
0 0
0 0
0 0
0 0
0 0
0 0
0 0
0 0
0 0
0 0
0 0
0 0
2 0
2 0
0 0
1 0
0 0
0 0
0 0
0 0
0 0
0 0
0 0
0 0
0 0
0 0
0 0
0 0
0 0
0 0
0 0
0 0
0 0
0 0
0 0
0 0
0 0
0 0
0 0
0 0
0 0
0 0
0 0
0 0
0 0
0 0
0 0
0 0
0 0
0 0
0 0
0 0
0 0
0 0
0 0
0 0
0 0
0 0
0 0
0 0
0 0
0 0
0 0
0 0
0 0
0 0
0 0
0 0
0 0
0 0
0 0
0 0
0 0
0 0
0 0
0 0
0 0
0 0
0 0
0 0
0 0
0 0
0 0
0 0
0 0
0 0
0 0
0 0
0 0
0 0
0 0
0 0
0 0
0 0
0 0
0 0
0 0
0 0
0 0
0 0
0 0
0 0
0 0
0 0
0 0
0 0
0 0
0 0
0 0
0 0
0 0
0 0
0 0
0 0
0 0
0 0
0 0
0 0
0 0
0 0
0 0
0 0
0 0
0 0
0 0
0 0
0 0
0 0
4 0
6 0
0 0
0 0
0 0
5 0
7 0
0 0
0 0
0 0
0 0
0 0
0 0
0 0
0 0
0 0
0 0
0 0
0 0
0 0
0 0
0 0
0 0
0 0
0 0
0 0
0 0
0 0
0 0
0 0
0 0
0 0
0 0
0 0
0 0
0 0
0 0
0 0
0 0
0 0
0 0
0 0
0 0
0 0
0 0
0 0
0 0
0 0
0 0
0 0
0 0
0 0
0 0
0 0
0 0
0 0
0 0
0 0
0 0
0 0
0 28
0 277
0 640
0 974
0 1130
0 1236
0 1345
0 1402
0 1477
0 1678
0 1936
0 1929
0 1843
0 1449
0 1295
0 1657
0 1595
0 1267
0 1026
0 1342
0 1694
0 1666
0 1549
0 1637
0 1785
0 1710
0 1516
0 1266
0 961
0 794
0 747
0 700
0 542
0 399
0 370
0 320
0 125
0 44
0 63
0 9
0 0
0 0
0 0
0 0
0 0
0 1
0 31
0 17
0 14
0 0
0 0
0 0
0 0
0 0
0 0
0 0
0 0
0 0
0 0
0 0
0 0
0 0
0 0
0 0
0 0
0 0
0 0
0 0
0 0
0 0
0 0
0 0
0 0
0 0
0 0
0 0
0 0
0 0
0 0
0 0
0 0
0 0
0 0
0 0
0 0
0 0
0 0
0 0
0 0
0 0
0 0
0 0
0 0
0 0
0 0
0 0
0 0
0 0
0 0
0 0
0 0
0 0
0 0
0 0
0 0
0 0
0 0
0 0
0 23
0 196
0 434
0 728
0 1225
0 1496
0 1732
0 1875
0 1879
0 1801
0 1633
0 1382
0 955
0 749
0 1014
0 1306
0 1415
0 1201
0 927
0 560
0 630
0 998
0 1168
0 1241
0 1267
0 1263
0 896
0 436
0 566
0 855
0 1122
0 1400
0 1477
0 1421
0 803
0 854
0 1112
0 1305
0 1295
0 1133
0 871
0 315
0 539
0 1047
0 1345
0 1427
0 1223
0 444
0 1019
0 1367
0 1259
0 854
0 297
0 1040
0 1404
0 1550
0 1694
0 1766
0 1676
0 1379
0 1145
0 897
0 809
0 700
0 556
0 370
0 152
0 28
0 14
0 17
0 2
0 26
0 0
0 0
0 0
0 0
0 0
0 0
0 0
0 0
0 0
0 0
0 0
0 1
0 0
0 0
0 0
0 0
0 0
0 0
0 0
0 0
0 0
0 0
0 0
0 0
0 0
0 0
0 0
0 0
0 0
0 0
0 0
0 0
0 0
0 0
0 0
0 0
0 0
0 0
0 0
0 0
0 0
0 0
0 0
0 0
0 0
0 0
0 0
0 0
0 0
0 0
0 0
0 0
0 0
0 0
0 0
0 0
0 0
0 0
0 0
0 0
0 0
0 0
0 0
0 0
0 0
0 0
0 0
0 0
0 0
0 0
0 0
0 0
0 0
0 0
0 0
0 0
0 0
0 0
0 0
0 0
0 0
0 0
0 0
0 0
0 0
0 0
0 0
0 0
0 0
0 0
0 0
0 0
0 0
0 0
0 13
0 279
0 658
0 992
0 1238
0 1579
0 2124
0 2358
0 2483
0 2328
0 2071
0 1815
0 1603
0 1427
0 1273
0 908
0 629
0 558
0 837
0 1096
0 1272
0 1296
77 1416
0 1391
0 1131
0 875
0 775
0 889
0 1147
0 1111
0 853
0 1384
0 2021
0 2108
0 1912
0 1263
0 1400
0 1192
0 1538
0 1745
0 1972
0 2117
4 2167
2 2168
2 1822
0 1568
0 1391
0 1182
0 925
0 893
0 1246
1 1280
0 1137
0 796
0 987
0 1140
0 1096
0 683
0 342
0 927
0 985
0 675
0 545
0 966
0 975
0 762
0 600
0 850
0 1005
0 1214
0 1213
0 1241
0 1498
0 1641
0 1469
0 1437
0 1366
0 1435
0 1185
0 1067
1 1163
0 845
0 711
0 904
0 1065
0 736
0 1056
0 1387
0 1516
0 1727
0 1815
0 1586
0 1332
0 1188
0 1127
0 1006
0 949
0 703
0 353
0 89
0 40
0 20
0 0
0 0
0 0
0 0
0 0
0 0
0 0
0 0
0 0
0 0
0 0
0 0
0 0
0 0
0 0
0 1
0 11
0 5
0 8
0 0
0 0
0 2
2 0
0 0
0 0
0 0
0 0
0 0
0 0
0 0
0 0
0 0
0 0
0 0
0 0
0 20
0 179
0 313
0 531
0 685
0 891
0 1092
0 1208
0 1146
0 985
0 772
0 233
0 614
0 888
0 1063
0 1148
0 1128
0 1064
0 960
0 718
0 274
0 124
0 98
0 50
0 0
0 0
0 0
0 0
0 0
0 0
0 0
0 0
0 0
0 0
0 0
0 0
0 0
0 0
0 0
0 0
0 0
0 0
0 0
0 0
0 0
0 0
0 0
0 0
0 0
0 0
0 0
0 0
0 0
0 0
0 0
0 0
0 0
0 0
0 0
0 3
0 83
0 248
0 626
0 795
0 1009
0 1005
0 1039
0 1065
0 1289
0 1588
0 1782
0 1871
0 1756
0 1491
0 1038
0 778
0 891
0 828
0 885
0 901
0 940
0 1045
0 1276
0 1570
0 1761
0 1734
0 1415
0 1253
0 1048
0 953
0 880
0 457
0 169
0 11
0 8
0 0
0 0
0 0
0 0
0 0
0 0
0 0
0 0
0 0
0 0
0 0
0 0
0 0
0 0
0 0
0 0
0 0
0 0
0 0
0 0
0 0
0 0
0 0
0 0
0 0
0 0
0 0
0 0
0 0
0 0
0 0
0 0
0 0
0 0
0 0
0 0
0 0
0 0
0 0
0 0
0 0
0 20
0 86
0 280
0 464
0 805
0 961
0 1286
0 1769
0 2155
0 2371
0 2216
0 2147
0 2068
0 1861
0 1433
0 1489
0 1861
0 1819
0 1597
0 1565
0 1458
0 1206
0 900
0 1232
0 1123
0 703
0 611
0 1082
0 1504
0 1635
0 1636
0 1437
0 1217
0 1257
0 1485
0 1243
0 589
0 1263
0 1343
0 1109
0 1030
0 1320
0 1359
0 1129
0 943
4 1042
0 640
0 75
5 603
9 837
0 863
0 809
0 823
0 843
0 822
0 885
0 770
0 601
0 867
0 989
0 1047
0 1218
0 1316
0 1342
0 1309
0 1293
0 1133
0 995
0 823
0 729
0 734
0 547
0 225
0 145
0 71
0 0
0 0
0 0
0 0
0 0
0 0
0 0
0 0
0 0
0 0
0 0
0 0
0 0
0 0
0 0
0 0
0 0
0 0
0 0
0 0
0 0
0 0
0 0
0 0
0 0
0 0
0 0
0 0
0 0
0 0
0 0
0 0
0 0
0 0
0 0
0 0
0 0
0 0
0 97
0 277
0 614
5371 1146
0 1416
0 1736
0 1708
0 1696
0 1605
0 1378
0 1533
0 1512
0 1383
0 1307
0 1197
0 1207
0 1361
0 1600
0 1773
0 1897
0 1676
0 1512
0 1250
0 1040
0 1092
0 1495
0 1567
0 1451
0 1441
0 1280
0 1021
0 1183
0 1355
0 1380
0 1301
0 1083
0 1099
0 1059
0 913
0 668
0 653
0 682
0 721
0 614
0 264
0 88
0 134
0 39
0 0
0 0
0 0
0 0
0 0
4 0
0 0
0 0
0 0
0 0
0 0
0 0
0 0
0 0
0 0
0 0
0 0
0 0
0 0
0 0
0 0
0 0
0 0
0 0
0 0
0 0
0 0
0 0
0 0
0 0
0 0
0 0
0 0
0 0
0 0
0 0
0 0
0 0
0 0
0 0
0 0
0 0
0 0
0 0
0 0
0 0
0 0
0 0
0 0
0 0
0 0
0 0
0 0
0 0
0 0
0 0
0 0
0 0
0 0
0 0
0 0
0 0
0 0
0 0
0 0
0 0
0 0
0 0
0 0
0 0
0 0
0 0
0 0
0 0
0 0
0 0
0 0
0 0
0 0
0 0
0 0
0 0
0 0
1 0
2 0
0 0
0 0
0 0
0 0
0 0
0 0
0 0
0 0
0 0
0 0
0 0
0 0
0 0
0 0
0 0
0 0
0 0
8 0
0 0
0 0
0 0
0 0
0 0
0 0
5 0
0 0
4 0
8 0
0 0
0 0
0 0
0 0
0 0
0 0
0 0
1 0
0 0
0 0
0 0
0 0
0 0
0 0
0 0
0 0
1 0
0 0
0 0
5 0
0 0
1 0
0 0
0 0
0 0
8 0
8 0
0 0
0 0
101 0
0 0
32 0
10 0
0 0
0 0
0 0
0 0
0 0
0 0
0 0
0 0
0 0
0 0
0 0
0 0
0 0
2 0
5 0
0 0
0 0
0 0
0 0
0 0
0 0
0 0
0 0
0 0
0 0
0 0
0 0
0 0
1 0
27 0
0 0
0 0
13 0
17 0
5 0
0 0
0 0
0 0
0 0
0 0
0 0
0 0
0 0
0 0
8 0
16 0
143 0
29 0
14 0
33 0
25 0
42 0
234 0
483 0
710 0
1131 0
1610 0
2037 0
2169 0
1942 0
1645 0
1185 0
1529 0
2118 0
2788 0
2725 0
2506 0
2513 0
2790 0
2471 0
1793 0
1636 0
1418 0
4174 78
757 2
169 0
585 0
876 0
977 0
805 0
546 0
343 0
358 0
377 0
117 0
70 0
97 0
133 0
284 0
469 0
633 0
546 0
487 0
226 0
161 0
124 0
69 0
221 0
206 0
166 0
93 0
188 0
162 0
42 0
0 0
1 0
0 0
0 0
0 0
0 0
5 0
2 0
5 0
0 0
188 0
605 0
832 1
1063 0
1247 0
808 0
684 0
528 0
498 0
563 0
486 0
296 0
235 0
280 0
237 0
346 0
500 0
679 0
698 0
758 0
880 0
1183 0
1440 0
1606 0
1074 0
948 0
850 0
776 0
593 0
618 0
356 0
302 0
54 0
60 0
144 0
228 0
120 0
58 0
95 0
0 0
27 0
250 0
522 0
669 0
434 0
351 0
535 0
625 0
677 0
604 0
489 0
254 0
291 0
388 0
486 0
573 0
491 0
264 0
85 0
25 0
1 0
12 0
3 0
14 0
0 0
0 0
0 0
0 0
0 0
0 0
0 0
0 0
0 0
0 0
0 0
1 0
35 0
3 0
0 0
2 0
0 0
0 0
0 0
0 0
0 0
0 0
0 0
0 0
0 0
37 0
105 0
732 0
757 0
1146 0
1630 0
1778 0
1973 0
1827 0
1619 9
1266 19
1041 13
758 15
344 12
0 0
181 11
386 10
362 10
283 6
221 2
173 11
132 4
142 2
193 4
303 2
388 3
381 11
360 12
244 8
226 11
330 16
437 17
603 5
717 13
1003 0
1174 0
1264 0
1243 0
1267 0
1203 0
1083 0
843 0
616 0
579 0
479 0
336 0
177 0
79 0
164 0
16 0
34 0
2 0
0 0
0 0
0 0
0 0
0 0
0 0
0 0
0 0
0 0
0 0
0 0
0 0
0 0
0 0
0 0
0 0
0 0
0 1
0 1
0 0
0 0
0 0
0 0
0 0
0 0
0 0
0 0
0 0
0 0
0 0
0 0
0 0
0 0
0 0
0 0
0 0
0 0
0 0
0 1
0 0
0 0
0 0
0 0
0 0
0 0
0 0
0 0
0 0
0 0
0 0
0 0
0 0
0 0
0 0
0 0
0 0
0 0
0 0
0 0
0 0
0 0
0 0
0 0
0 0
0 0
0 0
0 0
0 0
0 0
0 0
0 0
0 0
0 0
0 0
0 0
0 0
0 0
0 0
0 0
0 0
0 0
0 0
0 0
0 0
0 0
0 0
0 0
0 0
0 0
0 0
0 0
0 0
0 0
0 0
0 0
0 0
0 0
2 0
0 0
5 0
0 0
4 0
5 0
3 0
11 0
7 0
0 0
8 0
1 0
15 0
21 0
0 0
68 0
101 0
257 0
506 0
693 0
764 0
940 0
677 0
612 0
588 0
723 0
988 0
1191 0
1494 0
1575 0
1447 0
1365 3
1376 12
1194 9
1350 0
1392 0
1389 0
1720 0
1720 0
1529 0
1320 0
1010 0
766 0
653 0
584 0
742 0
1042 0
1262 0
1313 0
1239 0
1007 0
1069 0
1001 0
815 0
336 0
625 0
872 0
926 0
883 0
1077 0
1438 0
1589 0
1402 0
1268 0
1290 0
1113 0
1305 0
1244 0
840 0
709 0
789 0
855 0
1186 0
1199 0
1209 0
1112 0
1194 0
1284 0
1211 0
1140 0
725 0
336 0
271 0
299 0
213 0
5 0
14 0
164 0
135 0
35 0
0 0
0 0
0 0
0 0
0 0
0 0
1 0
0 0
79 0
366 0
461 0
633 0
536 0
298 0
40 0
0 0
17 0
5 0
11 0
0 0
0 0
39 0
191 0
274 0
315 0
331 0
382 0
294 0
4 0
164 0
282 0
363 0
347 0
193 0
184 0
111 0
64 0
26 0
41 0
22 0
0 0
8 0
6 0
1 0
0 0
0 0
0 0
0 0
0 0
6 0
0 0
0 0
0 0
0 0
0 0
0 0
0 0
0 0
0 0
0 0
0 0
0 0
0 0
0 0
0 0
0 0
0 0
0 0
0 0
0 0
0 0
0 0
0 0
0 0
0 0
0 0
0 0
0 0
0 0
0 0
0 0
0 0
0 0
0 0
0 0
0 0
0 0
0 0
0 0
0 0
0 0
0 0
0 0
0 0
0 0
0 0
0 0
0 0
0 0
0 0
0 0
0 0
0 0
0 0
0 0
0 0
0 0
0 0
0 0
0 0
0 0
0 0
0 0
0 0
0 0
0 0
0 0
0 0
0 0
0 0
0 0
0 0
0 0
0 0
0 0
8 0
102 0
976 0
1393 0
1483 0
1740 0
2320 0
2988 2
3259 2
3232 1
2763 0
2254 0
1574 1
1391 1
1644 2
1856 3
1634 3
1066 2
908 3
1016 3
1094 4
895 1
997 0
1353 2
1342 5
1403 3
1329 3
842 2
450 0
311 0
237 0
257 0
309 0
397 0
484 0
372 0
283 0
269 2
257 3
314 3
237 3
236 3
203 3
191 3
152 3
94 3
81 3
73 2
105 0
81 0
4 0
0 0
6 0
3 0
50 0
18 0
30 0
0 0
0 0
0 0
10 0
170 0
233 0
199 0
1 0
0 0
12 0
1 0
1 0
36 0
30 0
10 0
10 0
0 0
0 0
0 0
1 0
17 0
0 0
14 0
0 0
0 0
0 0
30 0
4 0
6 0
0 0
0 0
0 0
0 0
0 0
0 0
0 0
0 0
0 0
0 0
0 0
0 0
0 0
0 0
0 0
0 0
0 0
0 0
0 0
0 0
0 0
0 0
0 0
0 0
0 0
0 0
0 0
0 0
0 0
0 0
0 0
0 0
0 0
0 0
0 0
0 0
0 0
0 0
0 0
0 0
0 0
6 0
5 0
0 0
0 0
0 0
0 0
0 0
0 0
0 0
0 0
0 0
0 0
4 0
13 0
64 0
55 0
48 0
43 0
21 0
0 0
0 0
0 0
0 0
0 0
0 0
0 0
0 0
0 0
0 0
0 0
0 0
0 0
0 0
0 0
0 0
0 0
0 0
0 0
0 0
0 0
0 0
0 0
0 0
0 0
0 0
0 0
0 0
0 0
0 0
0 0
0 0
0 0
0 0
0 0
0 0
0 0
0 0
0 0
0 0
0 0
0 0
0 0
0 0
0 0
0 0
0 0
0 0
0 0
0 0
0 0
0 0
0 0
0 0
0 0
0 0
0 0
0 0
0 0
0 0
0 0
0 0
0 0
0 0
0 0
0 0
0 0
0 0
0 0
0 0
0 0
0 0
0 0
0 0
0 0
0 0
0 0
1 0
0 0
0 0
0 0
0 0
0 0
0 0
3 0
0 0
0 0
0 0
0 0
0 0
0 0
0 0
0 0
0 0
0 0
0 0
0 0
0 0
0 0
0 0
0 0
0 0
0 0
0 0
0 0
0 0
0 0
0 0
0 0
0 0
0 0
0 0
0 0
0 0
0 0
0 0
0 0
0 0
0 0
0 0
0 0
0 0
0 0
0 0
0 0
0 0
0 0
0 0
0 0
0 0
0 0
3 0
0 0
0 0
0 0
0 0
0 0
0 0
0 0
0 0
0 0
0 0
0 0
0 0
0 0
0 0
0 0
0 0
0 0
0 0
0 0
0 0
0 0
0 0
0 0
0 0
0 0
0 0
0 0
0 0
0 0
0 0
0 0
0 0
0 0
0 0
0 0
0 0
0 0
0 0
0 0
0 0
0 0
0 0
3 0
0 0
7 0
0 0
0 0
2 0
0 0
0 0
0 0
0 0
0 0
0 0
0 0
0 0
0 0
0 0
0 0
0 0
0 0
0 0
0 0
0 0
0 0
0 0
0 0
0 0
0 0
0 0
0 0
0 0
0 0
0 0
0 0
0 0
0 0
0 0
0 0
0 0
0 0
0 0
0 0
0 0
0 0
0 0
0 0
0 0
0 0
0 0
0 0
0 0
0 0
0 0
0 0
0 0
0 0
0 0
0 0
0 0
0 0
0 0
0 0
0 0
0 0
0 0
0 0
0 0
0 0
0 0
0 0
0 0
0 0
0 0
0 0
0 0
0 0
0 0
0 0
0 0
0 0
0 0
0 0
0 0
0 0
0 0
0 0
0 0
0 0
0 0
0 0
0 0
0 0
0 0
0 0
0 0
0 0
0 0
0 0
0 0
0 0
0 0
0 0
0 0
0 0
0 0
0 0
0 0
0 0
0 0
0 0
0 0
0 0
0 0
0 0
0 0
0 0
5 0
0 0
0 0
0 0
0 0
0 0
3 0
0 0
0 0
0 0
0 0
0 0
0 0
0 0
0 0
0 0
0 0
0 0
0 0
0 0
0 0
0 0
0 0
0 0
0 0
0 0
0 0
0 0
0 0
0 0
0 0
0 0
0 0
0 0
0 0
0 0
0 0
0 0
0 0
0 0
0 0
0 0
0 0
0 0
0 0
0 0
0 0
0 0
0 0
0 0
0 0
0 0
0 0
0 0
0 0
0 0
0 0
0 0
0 0
0 0
0 0
0 0
0 0
0 0
0 0
0 0
0 0
0 0
0 0
0 0
0 0
0 0
0 0
0 0
0 0
0 0
0 0
0 0
0 0
0 0
0 0
0 0
0 0
0 0
0 0
0 0
0 0
0 0
0 0
0 0
0 0
0 0
0 0
0 0
0 0
0 0
0 0
0 0
0 0
0 0
0 0
0 0
0 0
0 0
0 0
0 0
0 0
0 0
0 0
0 0
0 0
0 0
0 0
0 0
0 0
0 0
0 0
0 0
0 0
0 0
132 0
311 0
346 0
525 0
483 0
773 0
1096 0
1126 0
1101 0
1011 0
905 0
889 0
808 1
549 1
297 0
381 0
603 0
641 0
721 0
757 0
764 0
691 0
577 0
492 0
507 0
521 0
494 0
328 0
446 0
401 0
288 0
352 0
360 0
367 0
273 0
288 0
295 0
141 0
52 0
43 0
76 0
44 0
45 0
31 0
11 0
0 0
0 0
0 0
0 0
0 0
3 0
0 0
0 0
0 0
0 0
0 0
0 0
0 0
0 0
0 0
0 0
0 0
0 0
0 0
0 0
0 0
0 0
1 0
8 0
20 0
3 0
0 0
0 0
0 0
0 0
0 0
0 0
0 0
0 0
0 0
0 0
0 0
0 0
0 0
0 0
0 0
0 0
0 0
0 0
0 0
0 0
0 0
0 0
0 0
0 0
0 0
0 0
65 0
57 0
9 0
0 0
0 0
0 0
0 0
0 0
30 1
0 0
0 0
0 0
0 0
1 0
97 0
411 0
559 0
508 0
475 0
327 0
476 0
487 0
717 0
1093 0
1203 0
1008 0
778 0
715 0
686 0
686 0
942 0
933 0
859 12
609 10
185 0
277 13
591 16
653 14
916 6
1108 0
1174 0
1178 0
1089 0
971 0
674 0
343 0
486 0
307 0
309 0
540 0
535 0
560 0
528 0
560 0
293 0
160 0
163 0
96 0
31 0
0 0
0 0
0 0
0 0
0 0
0 0
0 0
2 1
0 0
0 0
0 0
0 0
0 0
2593 133
3 0
0 0
0 0
0 0
0 0
0 0
0 0
0 0
0 0
0 0
0 0
0 0
7 0
0 0
9 0
3 0
0 0
0 0
0 0
0 0
1 0
0 0
0 0
12 0
0 0
0 0
0 0
0 0
0 0
0 0
0 0
0 0
0 0
0 0
0 0
0 0
0 0
0 0
0 0
0 0
0 0
0 0
0 0
0 0
0 0
0 0
0 0
0 0
0 0
0 0
0 0
0 0
0 0
0 0
0 0
0 0
0 0
0 0
0 0
0 0
0 0
1 0
8 1
12 0
6 0
0 0
1 1
0 0
0 0
0 0
0 0
0 0
0 0
0 0
0 0
0 0
0 0
0 0
0 0
0 0
0 0
0 0
0 0
0 0
0 0
0 0
0 0
0 0
0 0
0 0
0 0
0 0
0 0
0 0
0 0
0 0
0 0
0 0
10 1
7 0
9 0
0 0
0 0
0 0
0 0
0 0
0 0
0 0
10 0
7 0
3 0
0 0
0 0
0 0
0 0
0 0
0 0
0 0
0 0
0 0
0 0
0 0
0 0
0 0
0 0
0 0
0 0
2 0
1 0
0 0
0 0
149 0
368 0
448 0
477 0
432 0
620 0
749 0
736 0
626 0
464 0
322 0
317 0
349 0
247 0
279 0
338 0
483 0
578 0
639 0
754 0
683 0
426 0
382 0
320 0
224 0
293 0
264 0
335 0
302 0
351 0
96 0
6 0
53 0
24 0
38 0
23 0
17 0
15 0
8 0
20 0
1 0
13 0
13 0
0 0
4 0
0 0
0 0
14 0
12 0
0 0
14 0
6 0
0 0
6 0
0 0
16 0
68 0
89 0
36 0
0 0
7 0
1 0
0 0
0 0
0 0
0 0
0 0
0 0
0 0
0 0
3 0
3 0
2 0
0 0
0 0
0 0
0 0
0 0
4 0
0 0
0 0
1 0
0 0
0 0
0 0
0 0
0 0
0 0
0 0
0 0
12 0
62 1
77 1
48 0
0 0
0 0
0 0
18 1
10 0
0 0
0 0
0 0
0 0
0 0
0 0
0 0
0 0
0 0
0 0
0 0
0 0
0 0
0 0
0 0
0 0
0 0
0 0
0 0
0 0
0 0
0 0
0 0
0 0
0 0
0 0
0 0
0 0
0 0
0 0
0 0
0 0
0 0
0 0
4 0
93 0
173 0
298 0
304 0
349 0
651 0
941 0
847 0
395 0
389 0
169 0
20 0
65 0
0 0
51 0
187 0
257 0
377 0
371 0
395 0
362 0
324 0
317 0
351 0
286 0
310 0
308 0
277 2
263 0
365 0
374 0
392 0
397 0
191 0
49 0
75 0
66 0
7 0
0 0
0 0
0 0
0 0
0 0
0 0
1 0
8 0
33 0
17 0
17 0
1 0
10 0
0 0
63 0
98 0
90 0
104 1
58 2
83 2
31 2
8 0
0 0
0 0
0 0
0 0
0 0
0 0
0 0
0 0
0 0
0 0
0 0
0 0
0 0
0 0
0 0
0 0
0 0
0 0
0 0
0 0
0 0
0 0
0 0
0 0
0 0
0 0
0 0
0 0
0 0
0 0
0 0
0 0
0 0
0 0
0 0
0 0
0 0
21 1
40 1
96 1
4 0
8 0
9 0
1 0
0 0
0 0
4 0
82 0
68 0
24 0
0 0
0 0
0 0
0 0
0 0
0 0
0 0
0 0
0 0
0 0
0 0
0 0
0 0
0 0
0 0
0 0
2 0
8 0
0 0
0 0
0 0
0 0
0 0
0 0
0 0
0 0
0 0
0 0
0 0
0 0
0 0
0 0
0 0
0 0
0 0
0 0
0 0
3 0
0 0
0 0
0 0
0 0
0 0
0 0
0 0
1 0
0 0
0 0
0 0
0 0
0 0
0 0
0 0
0 0
0 0
0 0
0 0
0 0
0 0
0 0
0 0
0 0
0 0
0 0
0 0
0 0
0 0
0 0
0 0
0 0
0 0
0 0
0 0
0 0
0 0
0 0
0 0
0 0
0 0
0 0
0 0
0 0
0 0
0 0
0 0
0 0
0 0
0 0
0 0
0 0
0 0
0 0
0 0
0 0
0 0
0 0
0 0
0 0
0 0
0 0
0 0
0 0
0 0
0 0
0 0
0 0
0 0
0 0
0 0
0 0
0 0
0 0
0 0
0 0
0 0
0 0
0 0
0 94
0 283
0 497
0 732
0 980
0 1336
0 1680
0 1954
0 1900
0 1586
0 1272
0 1325
0 764
0 1498
0 935
0 1123
0 1597
0 1414
0 898
0 1308
0 1385
0 1440
0 1443
0 1432
0 1199
0 902
0 836
0 763
0 512
0 84
0 2
0 85
0 0
0 0
0 0
0 0
0 0
0 0
0 0
0 0
0 0
0 0
0 0
0 14
0 7
0 42
0 10
0 0
0 0
0 0
0 0
0 0
0 0
0 0
0 0
0 0
0 0
0 0
0 6
0 79
0 252
0 466
0 815
0 1119
0 1372
0 1608
0 1745
0 1745
0 1526
0 1075
0 647
0 1255
0 1357
0 850
0 1050
0 1282
0 1246
0 848
0 322
0 1021
0 1298
0 1302
0 1169
0 836
0 504
0 804
0 701
0 340
0 628
0 618
0 28
0 548
0 733
0 738
0 753
0 707
0 555
0 44
0 472
0 938
0 1113
0 1102
0 896
0 620
0 1
0 385
0 674
0 762
0 817
0 755
0 524
0 0
0 658
0 718
0 284
0 231
0 205
0 32
0 279
0 24
0 0
0 21
0 571
0 669
0 514
0 68
0 49
0 427
0 702
0 850
0 891
0 850
0 789
0 763
0 785
0 750
0 654
0 395
0 186
0 224
0 154
0 59
0 0
0 0
0 0
0 0
0 0
0 0
0 0
0 0
0 0
0 0
0 0
0 0
0 0
0 0
0 0
0 0
0 0
0 0
0 0
0 0
0 0
0 0
0 0
0 0
0 0
0 0
0 136
0 327
0 742
0 1034
0 1296
0 1588
0 1806
0 1770
0 1671
0 1399
0 884
0 665
0 1273
0 1452
0 1509
0 1271
0 601
0 918
0 1072
0 961
0 583
0 949
0 1357
0 1502
0 1499
0 1321
0 1005
0 378
0 236
0 72
0 154
0 0
0 2
0 0
0 0
0 0
0 0
0 0
0 0
0 0
0 0
0 0
0 0
0 0
0 0
0 0
0 0
0 0
0 0
0 0
0 0
0 0
0 0
0 0
0 0
0 0
0 0
0 0
0 0
0 0
0 0
0 0
0 0
0 0
0 0
0 0
0 0
0 0
0 75
0 272
0 630
0 974
0 1369
0 1282
0 972
0 931
0 1007
0 1074
0 995
0 879
0 746
0 693
0 907
0 1056
0 1142
0 1112
0 1087
0 1016
0 984
0 1143
0 1305
0 1365
0 1367
0 1276
0 1013
0 740
0 1173
0 1246
0 1202
0 1064
0 321
0 1053
0 1257
0 1379
0 1276
0 1037
0 797
0 571
0 197
0 36
0 104
0 15
0 0
0 6
0 0
0 0
0 0
0 0
0 0
0 0
0 0
0 0
0 0
0 0
0 0
0 0
0 0
0 0
0 0
0 0
0 0
0 0
0 0
0 0
0 0
0 0
0 0
0 0
0 0
0 0
0 0
0 0
0 0
0 0
0 0
0 0
0 0
0 0
0 0
0 0
0 0
0 0
0 0
0 0
0 0
0 0
0 0
0 0
0 0
0 0
0 0
0 0
0 0
0 0
0 0
0 0
0 0
0 0
0 0
0 0
0 0
0 0
0 0
0 0
0 0
0 0
0 0
0 0
0 0
0 0
0 0
0 0
0 0
0 0
0 0
0 0
0 0
0 0
0 0
0 0
0 0
0 0
0 0
0 0
0 0
0 0
0 0
0 0
0 0
0 0
0 0
0 0
0 0
0 0
0 0
0 0
0 0
0 0
0 0
0 0
0 0
0 0
0 0
0 0
0 0
0 0
0 0
0 0
0 0
0 0
0 0
0 0
0 0
0 0
0 0
0 0
0 0
0 0
0 0
0 0
0 0
0 0
0 0
0 0
0 0
0 0
0 0
0 0
0 0
0 0
0 0
0 0
0 0
0 0
0 0
0 0
0 0
0 0
0 0
0 0
0 0
0 0
0 0
0 0
0 0
0 0
0 0
0 0
0 0
0 0
0 0
0 0
0 0
0 0
0 0
0 0
0 0
0 0
0 0
0 0
0 0
0 0
0 0
0 0
0 0
0 0
0 0
0 0
0 0
0 0
0 0
0 0
0 0
0 0
0 0
0 0
0 0
0 0
0 0
0 0
0 0
0 0
0 0
0 0
0 0
0 0
0 0
0 0
0 0
0 0
0 0
0 0
0 0
1 0
1 0
0 0
0 0
0 0
0 4
0 131
0 356
0 625
0 875
0 1022
0 1196
0 1296
0 1409
0 1448
0 1485
0 1466
0 1352
0 1148
0 759
0 941
0 1368
0 1469
0 1485
0 1360
0 819
0 907
0 1310
0 1361
0 1323
0 1244
0 1040
0 619
0 887
0 1274
0 1386
0 1368
0 1174
0 837
0 817
0 857
0 874
0 938
0 886
0 672
0 804
0 897
0 789
0 710
0 507
0 16
0 80
0 22
0 0
0 0
0 0
0 0
0 0
0 0
0 0
0 0
0 0
0 0
0 0
0 0
0 0
0 0
0 0
0 0
0 0
0 0
0 0
0 0
0 0
0 0
0 0
0 0
0 0
0 0
0 0
0 0
0 0
0 0
0 0
0 0
0 0
0 0
0 0
0 0
0 0
0 0
0 0
0 0
0 0
0 0
0 0
0 0
0 0
0 0
0 0
0 0
0 0
0 0
0 4
0 148
0 485
0 781
0 990
0 1204
0 1365
0 1500
0 1604
0 1495
0 1241
0 1277
0 1153
0 347
0 1106
0 1181
0 1587
0 1590
0 1257
0 1099
0 27
0 927
0 1024
0 1039
0 872
0 442
0 1068
0 1133
0 1130
0 1048
0 889
0 722
0 635
0 18
0 20
0 7
0 3
0 0
0 0
0 0
0 0
0 0
0 0
0 0
0 0
0 0
0 0
0 0
0 0
0 0
0 0
0 0
0 0
0 0
0 0
0 0
0 0
0 0
0 0
0 0
0 0
0 0
0 0
0 0
0 0
0 0
0 0
0 0
0 0
0 0
0 0
0 0
0 0
0 0
0 87
0 502
0 949
0 1149
0 1364
0 1370
0 1599
0 1885
0 2006
0 1902
0 1456
0 1429
0 1034
0 1146
0 1507
0 1077
0 748
0 1567
0 1554
0 1027
0 726
0 1156
0 1484
0 1549
0 1551
0 1468
0 1218
0 999
0 759
0 736
0 644
0 503
0 201
0 0
0 4
0 4
0 0
0 0
0 0
0 0
0 0
0 0
0 0
0 0
0 0
0 0
0 0
0 0
0 0
0 0
0 0
0 0
0 0
0 0
0 0
0 0
0 0
0 0
0 0
0 0
0 0
0 0
0 0
0 0
0 0
0 0
0 0
0 0
0 0
0 0
0 0
0 0
0 0
0 0
0 0
0 0
0 0
0 0
0 0
0 0
0 0
0 0
0 0
0 0
0 0
0 0
0 0
0 0
0 0
0 0
0 0
0 0
0 0
0 0
0 0
0 0
0 0
0 0
0 0
0 0
0 0
0 0
0 0
0 0
0 0
0 0
0 0
0 0
0 0
0 0
0 0
0 0
0 0
0 0
0 0
0 1
0 0
5 0
0 0
0 0
0 0
0 0
0 0
0 0
0 0
0 0
0 0
1 0
10 0
0 0
0 0
0 0
0 0
0 0
0 0
0 0
0 0
0 0
0 0
0 0
0 0
0 0
0 0
0 0
0 0
0 0
0 0
15 0
38 1
27 0
48 1
0 0
0 0
0 0
45 1
74 1
33 0
9 2
0 0
0 0
0 0
0 0
0 0
0 0
0 0
0 0
0 0
0 0
0 0
0 0
0 0
0 0
0 0
0 0
0 0
0 0
0 0
0 0
0 0
0 0
0 0
0 0
1 0
0 0
0 0
0 0
122 0
319 0
379 0
420 0
533 0
1012 0
1281 0
1380 0
1332 0
1056 0
906 0
880 0
855 0
748 0
577 0
499 0
642 0
731 0
691 0
327 0
859 0
1163 0
1337 0
1371 0
1255 0
947 0
661 0
505 0
419 0
378 0
349 0
540 0
648 0
655 0
584 0
392 0
309 0
255 0
312 0
306 0
74 0
259 0
498 0
530 0
377 0
174 0
99 0
127 0
186 0
171 0
260 0
317 0
359 1
450 1
318 1
368 0
412 1
412 1
316 2
244 0
132 0
40 0
19 0
36 0
106 0
138 0
141 0
153 0
56 0
48 0
24 0
41 0
34 1
33 0
90 0
26 0
0 0
7 0
70 0
51 0
12 0
0 0
0 0
3 0
2 0
15 0
46 0
33 0
43 0
42 0
34 0
39 0
8 0
18 0
31 0
68 1
55 2
78 1
42 0
3 0
0 0
0 0
0 0
0 0
0 0
0 0
0 0
0 0
0 0
0 0
0 0
0 0
0 0
0 0
0 0
0 0
0 0
0 0
0 0
0 0
0 0
0 0
0 0
0 0
0 0
0 0
0 0
0 0
0 0
0 0
0 0
0 0
0 0
0 0
0 0
0 0
0 0
0 0
0 0
0 0
0 0
9 0
1 0
7 1
1 0
0 0
3 0
0 0
0 0
0 0
0 0
0 0
0 0
0 0
0 0
0 0
0 0
0 0
0 0
0 0
0 0
0 0
0 0
0 0
0 0
0 0
0 0
0 0
0 0
0 0
0 47
0 260
0 517
0 886
0 1328
0 1656
0 1676
0 1688
0 1545
0 1574
0 1918
0 2301
0 2309
0 2111
0 1892
0 1700
0 1777
0 1869
0 1546
0 1149
0 1259
0 1359
0 1181
0 746
0 1465
0 1767
0 2053
0 2009
0 1769
0 1559
0 1305
0 996
0 819
0 704
0 595
0 353
0 11
0 33
0 7
0 0
0 0
0 2
0 0
0 0
0 0
0 0
0 0
0 0
0 0
0 0
0 0
0 0
0 0
0 0
0 0
0 0
0 0
0 0
0 0
0 0
0 0
0 0
0 0
0 0
0 0
0 0
0 0
0 0
0 0
2 1
0 0
5 0
0 0
0 0
4 2
0 0
0 0
2 0
0 0
0 0
0 0
0 0
0 0
0 0
2 0
0 0
0 0
0 0
0 0
0 0
0 0
0 0
0 0
2 0
15 0
0 0
0 0
0 0
0 0
0 0
0 0
0 0
0 0
0 0
0 0
0 0
0 0
0 0
0 0
0 0
0 0
0 0
0 0
0 0
0 0
0 0
0 0
0 0
0 0
0 0
0 0
0 0
0 0
0 0
0 0
0 0
0 0
0 0
0 0
0 0
0 0
0 0
0 0
0 0
0 0
0 0
0 0
0 0
0 0
0 0
0 0
0 0
0 0
0 0
0 0
0 0
0 0
0 0
0 0
0 0
0 0
0 0
0 0
0 0
0 0
0 0
0 0
0 0
0 0
0 0
24 0
179 0
253 0
387 0
571 0
589 0
714 0
1224 0
1703 0
2008 0
2096 0
1942 22
1449 17
838 18
456 10
287 1
318 5
320 5
371 7
483 12
577 9
636 11
648 15
657 15
644 11
684 11
795 14
838 18
1038 13
1125 9
1177 7
1326 17
1382 0
1391 0
1425 0
1532 0
1620 0
1803 0
2032 0
2246 0
2651 0
3181 1
3558 0
3791 0
4350 2
4795 3
5256 6
5376 18
5028 2
4806 1
4136 2
3338 5
1950 0
1971 0
2195 0
2362 1
2337 1
2347 21
2269 113
2315 154
2692 155
2828 187
2938 180
3126 239
3186 225
3179 286
3437 282
3483 299
3217 411
3231 518
3478 414
3257 319
2847 141
2386 73
2232 165
1952 310
1632 511
1471 797
1530 965
1646 1371
1690 1799
1920 1976
1986 1999
2476 1853
2569 1732
2487 1412
2131 1034
2305 739
1938 687
1906 433
1530 287
1406 248
1125 299
1283 266
838 150
901 140
599 133
944 180
595 150
700 146
415 332
601 473
834 690
491 847
509 926
375 1131
435 1243
428 1418
350 1493
336 1515
224 1479
106 1395
122 1477
150 1511
250 1400
159 1111
247 959
84 819
97 790
88 641
137 471
78 349
85 267
152 260
197 283
176 315
343 460
82 323
41 96
9 60
75 23
119 16
90 0
172 0
383 0
363 6
177 0
89 0
65 0
3 0
10 0
40 0
13 0
11 0
26 0
9 0
29 0
12 0
121 0
112 0
252 0
128 0
305 0
393 0
228 0
399 0
376 0
479 0
291 0
339 0
409 0
525 0
358 0
799 0
641 0
414 0
293 0
810 0
615 0
1172 0
1576 0
1680 0
1897 0
1973 0
2098 0
2410 0
2346 0
2369 0
1732 0
1811 0
2200 0
2175 0
2007 0
1845 0
2494 0
2590 0
2274 0
2347 0
1394 0
1039 0
907 0
684 0
935 0
1291 0
1703 0
2140 0
2730 0
2444 0
2366 0
1969 0
2014 0
1841 0
1876 0
1840 0
1712 0
1375 0
874 0
511 0
455 0
338 0
197 0
45 0
148 0
259 0
529 0
598 0
468 0
548 0
821 0
1200 0
966 0
913 0
1108 0
1567 0
1469 0
1408 0
1807 0
2039 0
2054 0
2083 0
1803 0
1592 0
911 0
759 3
976 0
1100 0
1079 0
932 0
1100 0
1242 0
1242 0
1324 0
1400 0
1523 2
1344 24
1748 35
2223 18
2484 80
2394 73
1968 119
2349 94
2942 114
2655 195
2480 243
2001 294
1614 315
1688 462
1495 694
1675 810
1385 854
1560 795
1489 826
1387 882
991 838
886 830
502 791
1148 738
875 637
1531 485
1240 121
1441 199
1203 517
1730 691
1922 784
1516 772
1725 840
2446 918
3072 1056
3368 1119
3675 1129
3919 1025
3722 962
3379 962
3074 908
2287 896
2113 846
2205 821
2177 789
2358 660
2108 640
1958 580
2041 513
2154 474
2200 305
2263 277
2137 237
2449 231
2290 291
2430 280
2233 340
2763 266
3033 377
3561 394
3623 459
3950 520
3901 666
3842 756
2992 911
2830 935
2242 978
2093 1138
1931 1308
2100 1534
1850 1607
1914 1834
1637 1788
1657 1732
1380 1811
1211 1868
892 1877
629 1797
335 1849
250 1747
126 1634
139 1492
249 1656
333 1565
682 1476
744 1341
1104 1169
1311 899
1833 761
2261 535
3021 464
3907 384
4596 254
5015 213
5495 430
5283 381
5164 353
4728 574
4421 533
3969 284
3762 186
3320 318
3212 370
2947 301
2878 479
2720 293
2702 609
2415 557
2339 643
2003 740
2001 620
1660 570
1611 883
1244 1018
1192 1080
899 1311
917 1664
842 1891
1004 1921
975 1817
1147 1726
981 1525
861 1538
772 1618
579 1368
582 912
479 716
441 1197
462 1659
613 1849
441 1581
479 1795
343 1939
182 1578
42 1437
0 1504
15 1275
20 1093
15 1021
17 968
3 1066
34 729
2 907
14 1117
0 1151
3 1158
4 1107
2 985
0 748
2 971
0 340
0 466
0 758
14 649
3 859
35 657
5 642
4 503
1 652
4 644
0 869
0 770
0 974
8 841
0 506
9 375
0 173
6 198
0 208
0 301
0 109
2 41
3 89
0 153
0 191
3 27
0 22
0 4
0 52
3 33
0 18
0 3
0 95
0 257
1 377
0 328
4 300
21 356
4 362
3 344
0 486
4 326
2 324
3 358
0 362
4 434
23 308
3 207
12 122
3 235
2 204
0 173
1 97
0 115
0 17
0 3
0 72
0 42
0 4
0 2
0 87
0 202
0 327
0 303
0 253
0 204
0 251
2 202
0 224
3 299
17 288
19 351
0 318
0 241
0 89
0 76
0 113
0 132
46 121
192 166
315 133
264 177
170 212
42 206
121 147
137 5
43 86
93 219
101 244
136 287
181 311
165 246
138 202
104 208
65 149
19 81
14 23
7 2
6 3
19 17
27 0
60 0
38 0
17 0
9 9
0 48
0 3
0 0
0 8
2 24
2 4
0 0
0 0
1 0
0 0
0 0
0 0
0 0
0 2
0 6
0 22
0 46
0 41
0 102
0 135
0 141
0 254
0 290
0 235
0 281
1 255
0 131
0 132
2 246
0 205
0 197
2 140
8 3
7 118
0 182
0 163
0 8
0 16
0 25
0 0
0 16
1 58
0 5
0 43
0 23
0 0
0 8
0 0
0 7
0 1
0 0
7 0
0 0
0 0
0 27
0 81
0 9
0 0
1 0
0 32
0 35
0 28
0 23
0 52
0 38
0 54
0 58
0 47
0 7
0 1
0 37
0 86
0 11
0 10
2 0
4 2
12 0
0 8
0 0
1 0
0 0
0 0
0 9
0 34
0 4
0 22
0 10
0 8
0 0
1 0
0 0
0 0
0 1
2 0
13 2
0 0
0 0
0 0
0 103
1 352
0 657
4 800
1 694
1 569
2 534
0 515
0 808
4 1096
4 1220
3 1485
20 1778
26 1953
15 2191
25 2096
89 2117
73 2304
12 2484
6 2245
65 2116
109 1867
93 1206
49 892
14 928
9 1591
8 1824
15 1385
27 1140
37 1049
44 1038
14 702
22 562
41 623
20 528
201 772
69 734
337 675
49 626
288 538
95 360
160 221
39 379
71 458
14 447
15 274
2 316
5 256
1 201
2 211
1 285
0 614
4 1166
6 1548
9 1869
11 2004
6 2107
0 2069
2 1857
5 1545
2 836
2 893
2 726
0 588
0 554
0 573
0 278
44 635
70 615
67 399
6 231
7 188
1 279
2 189
0 294
0 433
29 352
37 158
52 163
63 224
24 123
4 202
38 100
82 38
148 53
255 63
266 42
224 9
226 3
176 42
122 62
47 90
118 62
96 47
43 10
13 66
10 13
7 24
1 1
0 0
5 6
0 0
0 0
0 0
1 0
21 3
76 0
79 0
51 0
62 0
23 0
35 0
21 0
60 0
68 0
42 0
48 0
56 0
22 0
4 0
29 0
1 0
3 0
0 0
0 0
0 0
1 0
0 0
0 0
0 0
0 0
0 0
0 8
0 0
0 0
0 0
3 8
4 16
9 23
0 55
0 85
0 88
0 14
0 8
0 12
0 0
4 11
2 8
14 2
8 0
0 10
2 0
6 8
2 1
1 0
12 2
29 1
23 0
41 0
34 0
5 0
5 0
0 0
0 1
0 0
3 0
0 0
0 11
3 3
11 0
153 0
301 0
373 0
464 0
556 0
647 0
656 0
686 0
702 0
657 0
751 0
762 0
812 0
923 0
1103 0
1233 0
1357 0
1387 4
1488 9
1512 1
1533 0
1588 0
1777 7
1769 24
1778 14
1747 11
1823 4
1851 0
1904 0
2019 6
2026 6
2162 1
2388 0
2336 0
2443 14
2490 17
2670 9
2813 1
2886 2
3052 1
3088 2
3108 39
3127 21
3108 78
2934 52
2701 51
2432 15
2123 10
1686 40
1303 70
1058 48
805 25
803 46
487 127
592 250
231 345
351 304
53 267
61 376
0 361
20 375
16 144
26 139
44 342
12 104
40 65
12 191
18 156
16 164
37 337
5 231
104 105
53 0
252 2
226 7
659 2
1009 0
1538 3
2165 5
3215 3
4208 2
5220 2
5737 15
6517 80
7151 201
7476 319
7085 329
6469 363
5217 482
3785 500
2732 380
2016 379
1311 367
1251 433
966 588
880 638
629 757
418 726
212 914
203 984
439 1057
758 1113
1081 1133
1331 949
1905 1113
2033 804
1951 512
2224 680
3053 583
3691 450
3860 386
3566 388
3435 729
3018 651
2787 768
2783 789
2433 599
2133 424
2405 422
2158 410
2210 543
2124 501
2262 274
2181 88
1703 159
1762 334
1452 442
1475 554
1573 585
1704 475
1776 673
1702 563
1603 416
1596 381
1515 450
1261 655
1353 712
1222 831
1192 964
1381 894
1396 771
1433 1033
1176 939
1154 848
1000 1000
788 960
798 1004
784 944
783 1051
771 870
727 788
784 579
748 447
777 361
828 295
855 194
697 213
583 215
632 150
605 358
707 355
859 276
1116 314
1327 453
1423 556
1538 604
1559 505
1433 439
1038 500
961 393
975 202
1062 494
985 719
870 803
617 772
324 628
134 341
398 64
451 78
331 26
409 147
285 50
64 124
9 234
39 192
163 182
418 138
530 178
468 129
495 122
487 33
668 100
750 188
526 419
355 530
423 426
460 306
476 320
306 369
276 457
352 349
161 290
95 239
34 147
23 143
18 32
23 5
19 9
0 9
7 2
21 60
29 93
32 28
22 36
12 51
6 84
17 70
23 53
33 18
30 7
24 69
14 105
7 47
0 83
3 55
6 4
16 41
27 99
31 64
31 70
16 58
0 111
0 155
17 137
26 192
27 146
26 118
14 161
7 109
0 18
0 131
10 173
18 207
25 239
25 216
25 173
20 103
3 163
0 204
15 96
22 125
21 215
24 255
21 172
13 150
4 171
0 72
5 134
16 169
22 101
25 33
24 31
24 85
11 61
0 5
12 56
22 95
26 118
28 104
18 35
39 104
167 72
525 116
584 242
603 384
592 343
465 332
520 303
500 428
519 390
331 415
230 290
129 277
152 162
345 109
417 173
369 28
469 43
548 90
646 0
733 47
832 6
933 19
923 37
154 45
97 28
51 0
12 0
128 8
28 15
128 7
105 0
81 0
14 0
0 0
7 4
15 1
20 52
23 83
22 56
61 113
237 216
310 249
505 272
633 302
618 340
671 296
550 187
377 231
440 283
154 102
75 173
134 239
298 295
288 233
283 310
328 197
632 316
1012 256
1036 223
442 134
387 312
77 155
27 80
145 170
53 182
11 182
26 131
61 218
55 417
18 359
9 274
12 294
0 251
13 245
16 227
21 225
18 236
13 309
0 283
0 140
0 56
0 73
11 170
19 282
23 278
16 473
6 520
0 541
0 375
11 303
18 169
21 336
11 186
6 93
0 53
6 14
14 213
178 129
710 190
993 98
761 181
661 281
825 158
603 304
497 824
491 1102
302 1245
320 1297
425 1548
583 1333
488 960
550 1006
419 1599
349 1905
314 1616
346 979
585 1373
857 1621
480 1352
179 862
4 1603
23 1941
48 1596
12 1176
1 846
26 721
32 870
15 914
1 857
0 678
13 572
25 370
10 528
11 448
8 274
12 76
23 17
5 3
74 83
131 266
243 303
306 183
299 20
368 18
400 45
473 283
609 456
729 411
945 280
1081 168
1250 139
1328 283
1280 474
1053 595
874 538
832 541
967 478
959 459
811 432
578 303
700 301
840 366
853 477
859 522
817 431
779 310
818 352
967 75
1029 102
873 16
856 16
910 30
1083 68
959 17
800 76
699 271
639 292
555 200
464 262
576 268
585 335
463 420
302 433
143 389
91 363
188 403
272 419
341 406
324 421
247 499
318 725
361 883
362 1047
323 1311
301 1157
345 1176
376 1106
276 1152
384 886
502 1155
658 1373
934 1394
693 1076
538 1304
755 1582
793 1511
597 1269
469 1295
612 992
796 1447
832 1282
676 851
595 765
541 580
726 767
755 640
1130 673
744 477
726 424
492 508
422 413
342 272
444 752
565 851
496 1142
847 1161
1289 977
1480 1016
1315 801
854 1370
681 1854
508 2116
417 2485
280 2365
309 1849
545 2250
469 2858
340 3208
118 3125
58 2788
55 2444
20 2212
26 2038
8 2090
3 2401
0 2342
0 2339
0 2469
13 2664
71 2357
48 1821
25 1610
47 1294
52 1016
36 836
2 754
0 634
0 566
1 448
1 370
0 400
5 354
9 293
7 327
8 396
11 302
13 304
11 240
5 162
8 145
20 180
62 466
30 685
36 825
28 801
19 797
17 666
13 587
4 467
7 379
14 262
18 323
25 503
30 824
27 907
52 951
72 797
41 603
25 473
16 394
15 323
14 252
10 369
7 385
8 424
11 435
7 531
7 650
10 711
14 1009
7 1271
2 1401
4 1611
5 1887
6 2204
11 2450
13 2625
18 2789
19 2973
17 3007
17 2951
28 2697
7 2424
5 2144
5 1774
0 1330
0 1128
1 1007
0 1065
7 1073
0 998
0 1002
0 1089
0 1259
1 1215
1 1352
1 1281
0 1168
0 1027
0 1017
0 1169
0 1458
0 1309
0 1195
0 1130
0 1144
1 1139
6 988
3 584
2 415
5 354
2 429
4 557
2 672
3 955
2 1151
2 1255
2 1365
0 1442
1 1416
5 1412
6 1314
5 1228
5 941
2 733
0 629
1 600
4 618
4 573
5 328
7 466
4 636
6 719
12 547
2 388
1 239
5 284
0 289
6 361
0 497
0 659
0 804
2 1019
5 1274
0 1526
1 1755
3 1904
0 1806
0 1577
0 1494
0 1421
0 1418
1 1227
0 915
0 443
2 609
2 584
0 792
0 1208
0 1095
2 1114
0 1408
0 1485
1 1670
0 1577
2 1412
1 1179
0 1007
0 1069
0 1512
0 1577
0 1242
0 788
0 1091
0 1219
0 1194
0 1214
0 1129
0 936
0 1025
18 873
31 618
55 660
58 775
24 607
5 101
0 38
0 13
1 9
0 1
0 0
0 0
0 1
0 4
3 4
1 0
0 1
0 6
0 0
0 0
0 0
0 0
0 0
0 0
10 0
0 0
0 0
0 0
0 0
0 0
0 3
0 11
0 20
0 43
0 50
0 60
0 55
0 20
0 0
0 18
0 8
0 0
0 0
0 0
0 0
0 0
0 0
0 0
0 0
0 0
0 0
0 0
0 0
0 0
0 0
0 0
0 0
0 0
0 0
0 0
0 0
0 21
0 25
0 4
0 0
0 0
0 0
0 0
0 0
0 0
0 0
0 0
0 0
0 0
0 12
0 261
0 557
0 992
0 1045
15 1214
17 1283
12 1060
12 785
5 627
1 675
0 711
0 646
0 453
0 120
0 122
1 51
0 154
1 167
1 169
0 233
0 456
1 555
4 587
5 559
1 625
1 507
6 482
33 369
28 233
3 282
22 344
33 277
14 360
5 748
38 812
40 842
44 767
40 438
0 209
32 126
48 453
48 718
49 729
21 618
8 549
4 398
5 843
3 878
1 840
2 889
6 734
4 580
0 534
5 501
5 755
0 676
1 402
5 837
2 870
0 982
4 960
5 635
6 527
8 462
13 526
8 711
5 858
13 743
7 506
0 121
0 79
0 98
0 167
0 233
0 142
0 84
3 187
0 337
0 306
0 286
0 168
0 15
0 6
0 0
0 7
0 32
0 16
1 11
0 8
0 11
0 5
0 4
0 4
0 0
0 0
0 0
0 0
0 6
0 18
0 32
0 35
0 19
0 0
0 3
0 3
0 0
0 0
0 0
0 0
0 0
0 0
0 0
0 0
0 0
0 0
0 0
0 4
0 2
0 12
0 26
0 35
0 30
0 23
0 0
0 0
0 0
0 1
0 0
0 0
0 5
0 0
0 20
0 39
0 6
0 2
0 0
0 0
0 0
0 0
0 0
0 0
0 0
0 0
0 0
0 0
0 0
0 0
0 0
0 0
0 0
0 0
0 0
0 1
0 5
0 0
0 0
0 7
0 10
0 0
0 0
0 0
0 1
0 5
0 0
0 0
0 1
0 10
0 28
0 15
0 1
0 4
0 0
0 0
0 0
0 0
0 0
0 0
0 0
0 0
0 0
0 0
0 0
0 9
0 6
0 12
0 0
0 0
0 0
0 13
0 6
0 0
0 0
0 12
0 0
0 0
0 0
0 0
0 9
0 16
0 31
0 18
0 10
0 7
0 1
0 0
0 0
0 0
0 0
0 0
0 0
0 0
0 0
0 0
0 0
0 0
0 0
0 0
0 0
0 0
0 0
0 6
0 0
0 24
0 22
0 14
0 4
0 0
0 0
0 0
0 5
0 4
0 25
0 205
0 297
0 399
17 507
8 594
12 546
5 388
5 320
4 220
0 79
0 24
0 48
1 166
1 306
2 468
5 446
0 423
0 360
0 285
0 132
0 75
0 13
0 36
0 61
0 17
0 41
0 16
0 9
0 2
0 0
0 0
0 0
0 4
0 6
0 0
0 0
0 0
0 0
0 0
0 0
0 0
0 0
0 0
0 0
0 0
0 0
0 0
0 0
0 0
0 0
0 0
0 0
0 0
0 0
0 0
0 0
0 0
0 0
0 0
0 0
0 0
0 0
0 0
0 2
0 4
0 1
0 0
0 0
0 0
0 0
0 0
0 0
0 0
0 0
0 0
0 0
0 0
0 0
0 0
0 0
0 0
0 0
0 0
0 0
0 0
0 0
0 0
0 0
0 0
0 0
0 0
0 0
0 0
0 0
0 2
0 3
0 1
0 0
0 1
0 0
0 0
0 0
0 0
0 0
0 0
0 0
0 0
0 0
0 0
0 0
0 0
0 0
0 0
0 0
0 0
0 0
0 0
0 0
0 0
0 7
0 1
0 0
0 0
0 0
0 0
0 1
0 9
0 6
0 12
0 8
0 12
0 0
0 5
0 0
0 0
0 0
0 0
0 0
0 0
0 0
0 0
0 6
0 11
0 19
0 14
0 18
0 14
0 0
0 4
0 0
0 0
0 0
0 0
0 0
0 0
0 0
0 0
0 0
0 0
0 0
0 0
0 0
0 0
0 0
0 0
0 0
0 0
0 0
0 0
0 11
0 0
0 0
0 0
0 0
0 1
0 1
0 2
0 0
0 1
0 9
0 7
0 1
0 0
0 0
0 0
0 7
0 1
0 7
0 0
0 25
0 43
0 30
0 42
0 29
0 8
0 0
0 0
0 2
0 0
0 0
0 0
0 0
0 0
0 0
0 0
0 0
0 0
0 0
0 0
0 0
0 0
0 0
0 0
0 0
0 0
0 0
0 0
0 0
0 0
0 0
0 0
0 0
0 4
0 0
0 0
0 4
0 0
0 1
0 0
0 0
0 2
0 2
0 0
0 0
0 0
0 3
0 0
0 0
0 0
0 0
0 0
0 0
0 3
0 0
0 0
0 6
0 6
0 2
0 20
0 8
0 4
0 0
0 2
0 1
0 2
0 3
0 0
0 0
0 0
0 0
0 0
0 0
0 0
0 0
0 0
0 0
0 0
0 0
0 0
0 0
0 0
0 0
0 0
0 0
0 0
0 0
0 0
0 0
0 4
0 0
0 0
0 1
0 0
0 0
152 4
370 11
649 5
917 0
1216 0
1333 0
1571 0
1675 0
1071 4
925 1
711 0
584 0
222 0
226 0
379 0
467 0
625 0
722 0
738 0
822 2
960 1
694 0
674 0
652 0
766 0
847 0
797 5
538 0
544 51
297 64
256 15
301 15
151 4
205 5
597 6
1061 0
1230 1
1241 1
1461 1
1506 1
1403 0
919 0
622 0
289 7
255 51
281 111
216 137
95 66
142 5
35 0
45 0
84 0
222 3
313 23
321 21
243 33
128 47
227 22
354 0
477 0
573 0
548 1
416 0
255 0
418 0
410 1
564 0
624 0
600 0
595 12
594 1
559 0
664 0
569 0
473 26
461 2
410 2
223 36
93 28
164 0
237 10
391 0
479 0
506 0
322 20
280 207
272 447
301 446
347 592
225 588
170 390
190 198
65 237
10 188
17 462
16 526
9 503
5 414
6 192
12 710
5 920
11 555
12 402
11 866
2 820
4 245
12 943
1 696
2 238
5 670
5 767
0 458
0 646
2 400
0 420
0 415
0 294
0 231
0 96
0 20
0 9
0 4
0 0
0 0
0 0
0 0
0 0
0 0
0 0
0 0
0 0
0 0
0 0
0 0
0 0
0 0
0 0
0 0
0 0
0 0
0 0
0 0
1 0
4 0
16 0
7 0
6 0
5 0
1 0
0 0
0 0
9 0
6 0
23 0
30 3
0 1
2 0
1 0
17 0
1 0
0 7
0 10
0 0
0 0
0 0
0 0
0 0
0 0
0 0
2 0
0 0
0 0
0 0
0 0
0 1
0 0
0 0
5 0
10 0
7 0
1 0
0 0
0 0
16 0
34 0
13 0
8 0
0 0
0 18
1 8
7 0
30 0
32 2
33 4
0 17
0 25
0 22
0 6
9 0
14 0
20 0
0 0
0 0
0 17
12 9
0 0
27 0
0 0
0 0
0 0
0 0
0 0
0 0
0 0
0 0
0 0
0 0
0 0
0 0
0 0
0 0
0 0
0 0
0 0
0 0
0 0
0 0
0 0
0 0
0 0
0 0
0 0
0 0
0 0
0 0
0 0
0 0
0 0
0 0
0 0
0 0
0 0
0 0
0 0
0 0
0 0
0 0
0 0
0 0
0 0
0 0
0 0
0 0
0 0
0 0
0 0
0 0
4 0
0 0
0 0
0 91
0 309
0 141
0 32
0 48
0 33
0 21
0 27
0 66
0 58
0 46
0 34
0 21
0 12
0 3
0 0
0 0
0 0
0 0
0 0
0 0
0 0
0 0
0 0
0 0
0 0
0 0
0 1
0 1
0 0
0 1
0 0
0 0
0 0
0 0
0 0
0 0
0 0
0 0
0 0
0 0
0 0
0 0
0 0
0 0
0 0
0 0
0 0
0 1
3 0
0 0
0 0
0 0
32 0
34 0
45 0
11 0
0 0
0 0
1 0
12 5
1 0
0 0
0 0
0 0
6 0
0 0
0 0
0 0
5 0
1 0
0 0
0 0
0 0
0 0
0 0
0 0
0 0
0 0
0 100
0 230
0 685
0 854
5 931
11 1188
7 1061
3 879
3 193
26 871
11 1011
0 289
0 562
8 630
5 504
5 649
0 717
0 712
0 628
0 171
0 77
0 58
0 2
0 0
0 8
0 0
0 0
0 0
0 0
0 0
0 0
0 0
0 0
0 0
0 0
0 0
0 0
0 0
0 0
0 0
0 0
0 1
0 0
0 0
0 0
0 0
0 0
0 0
0 0
0 0
0 0
0 0
0 0
0 0
0 0
0 0
0 0
0 13
0 25
0 27
0 24
0 6
0 0
0 6
0 14
0 5
0 0
0 0
0 2
0 9
0 2
0 11
0 4
0 0
0 0
0 0
0 0
0 0
0 0
0 0
0 0
0 0
0 0
0 0
0 0
0 0
0 0
0 0
0 0
0 0
0 0
0 0
0 0
0 0
0 0
0 0
0 0
0 0
0 0
0 0
0 0
0 0
0 0
0 0
0 0
0 0
0 0
0 0
0 0
0 0
0 0
0 0
0 0
0 0
0 0
0 0
0 0
0 0
0 0
0 0
0 0
0 0
0 0
0 0
0 0
0 0
0 0
0 0
0 0
0 0
0 0
0 0
0 0
0 0
0 0
0 0
0 0
0 0
0 0
0 0
0 0
0 0
0 0
0 0
0 0
0 0
0 0
0 0
0 0
0 0
0 0
0 0
0 0
0 0
0 0
0 0
0 0
0 0
0 0
0 0
0 0
0 0
0 0
0 0
0 0
0 0
0 0
0 22
0 0
0 0
0 0
0 0
0 4
0 0
0 0
0 1
0 0
0 0
0 0
0 0
0 0
0 0
0 0
0 0
0 0
0 0
0 0
0 0
0 0
0 0
0 0
0 0
0 0
0 0
0 0
0 0
0 0
0 0
0 0
0 0
0 0
0 0
0 0
0 0
0 0
0 0
0 0
0 0
0 0
0 5
0 0
0 0
0 0
0 0
0 0
0 0
0 0
0 0
0 0
0 0
0 0
0 0
0 0
0 0
0 0
0 0
0 0
0 0
0 0
0 0
0 0
0 0
0 0
0 0
0 0
0 0
0 0
0 0
0 0
0 0
0 0
0 0
0 0
0 0
0 0
0 0
0 5
0 1
0 8
0 31
0 31
0 38
0 35
0 18
0 23
0 16
0 7
0 0
0 0
0 0
0 23
0 186
0 438
0 816
0 1011
5 1181
0 1147
4 1182
6 811
0 909
7 1538
7 1568
0 1224
3 967
3 1242
0 1168
0 1505
0 1569
0 1483
0 1413
0 1389
0 1098
0 567
0 713
0 835
0 889
0 1093
0 1303
0 1453
0 1511
1 1464
6 1418
14 1342
18 1293
16 1094
13 882
2 888
0 923
0 1076
0 979
0 708
0 561
0 313
0 29
0 18
0 20
0 10
0 2
0 13
0 2
0 9
0 8
0 4
0 30
0 22
0 54
0 42
0 20
0 0
0 0
0 6
0 32
0 34
0 13
0 0
0 0
0 0
0 0
0 0
0 5
0 183
0 376
0 488
0 465
0 393
0 287
0 258
0 287
0 149
0 483
0 546
0 520
0 243
0 161
0 245
0 43
0 0
0 87
0 170
0 223
0 112
0 52
0 28
0 5
0 0
0 0
0 0
0 0
0 29
0 93
0 99
0 84
0 4
0 0
0 5
0 0
0 0
0 0
0 1
0 0
0 2
0 11
0 2
0 0
0 0
0 0
0 26
0 3
0 0
0 0
0 0
0 0
0 0
0 0
0 0
0 0
0 0
0 0
0 0
0 0
0 0
0 6
0 14
0 0
0 0
0 1
0 0
0 0
0 0
0 0
0 0
0 0
0 0
0 0
0 0
0 0
0 0
0 0
0 0
0 0
0 0
0 16
0 0
0 0
0 0
0 0
0 0
0 3
0 0
0 0
0 0
0 0
0 0
0 5
0 0
0 2
0 0
0 0
0 2
0 1
0 0
0 0
0 13
0 5
0 9
0 0
0 3
0 0
0 2
0 14
0 3
0 0
0 0
0 0
0 13
0 22
0 37
0 27
0 12
0 0
0 1
0 26
0 17
0 9
0 0
0 0
0 0
0 0
0 0
0 0
0 1
0 0
0 21
0 5
0 7
0 0
0 0
0 6
0 1
0 0
0 0
0 0
0 0
0 0
0 0
0 0
0 0
0 0
0 0
0 0
0 0
0 0
0 0
0 0
0 0
0 0
0 0
0 0
0 0
0 0
0 0
0 0
0 0
0 0
0 0
0 8
0 16
0 2
0 0
0 0
0 0
0 10
0 10
0 1
0 0
0 0
0 0
0 0
0 0
0 15
0 150
0 313
4 573
8 761
5 890
10 1121
7 1390
15 1696
6 1689
0 1658
26 1487
16 1709
2 1559
0 985
0 1386
3 1563
1 1151
0 1458
1 1383
0 783
2 730
0 1309
13 1366
11 1227
3 1075
0 975
11 970
15 950
2 893
5 994
4 966
1 768
0 400
0 91
0 51
0 22
0 15
0 18
0 0
0 1
0 5
0 85
0 122
0 124
0 98
0 39
0 19
2 59
4 66
0 12
0 31
1 8
0 8
0 3
0 5
0 14
0 13
0 64
0 49
0 0
0 0
0 1
0 1
2 1
0 8
0 21
0 0
0 0
0 2
0 0
11 0
31 2
98 1
114 1
115 0
58 2
2 2
0 0
0 0
24 0
130 0
220 3
469 2
739 0
1201 0
2322 0
3203 1
3230 1
2957 0
2564 9
2015 9
1702 8
1275 0
1855 0
1996 0
2106 0
2103 2
2074 12
1929 11
1840 7
1853 5
1729 9
1644 15
1417 4
974 4
654 10
471 11
510 2
685 1
661 0
643 1
649 0
495 0
374 0
186 0
319 0
353 0
419 0
511 1
594 7
697 0
783 0
912 4
921 7
957 0
973 0
902 0
780 0
640 0
579 0
538 0
410 0
194 11
121 34
344 19
594 5
804 0
783 0
859 1
844 2
647 1
561 5
399 4
232 15
276 0
629 0
773 3
697 14
764 33
686 17
887 0
751 8
518 21
307 10
337 0
371 0
240 4
450 17
532 37
688 16
588 1
474 1
161 2
102 4
38 3
57 0
23 0
45 2
51 0
48 0
42 22
8 3
10 0
32 6
34 11
73 29
0 42
0 41
0 31
12 25
33 11
3 0
3 0
2 27
17 36
27 28
19 12
8 4
19 22
5 19
1 2
7 0
0 0
0 0
0 0
44 0
49 0
84 0
86 0
54 0
41 0
5 0
5 0
0 0
1 0
0 0
0 0
0 0
0 0
0 0
0 0
0 0
0 0
0 0
0 0
0 0
0 0
0 0
0 0
0 0
0 0
0 0
0 0
0 0
0 0
0 0
0 0
0 0
0 0
0 0
0 0
0 0
0 0
0 0
1 0
3 0
0 0
0 0
0 0
0 0
3 0
0 0
0 0
0 0
0 0
0 0
0 0
0 0
0 0
0 0
0 0
0 0
0 0
0 0
0 0
0 0
0 0
0 1
0 1
0 0
0 0
0 0
0 0
0 0
0 0
0 0
0 0
0 0
0 0
0 0
0 0
0 0
0 0
0 0
0 0
0 0
0 0
0 1
0 0
0 0
0 0
0 0
0 0
0 0
0 0
0 0
0 0
0 6
0 6
0 18
0 21
0 22
0 27
0 26
0 24
0 13
0 7
0 4
0 0
0 0
0 0
0 0
0 0
0 0
0 0
0 0
0 0
0 0
0 0
0 0
0 0
0 0
0 0
0 0
0 0
0 0
0 0
0 6
0 0
0 0
0 0
0 0
0 0
0 0
0 0
0 0
0 0
0 0
0 0
0 0
0 0
0 0
0 0
0 0
0 0
0 0
0 0
0 0
0 0
0 0
0 0
0 0
0 0
0 0
0 0
0 0
0 0
0 0
0 0
0 0
0 0
0 0
0 0
0 0
0 0
0 0
0 0
0 0
0 0
0 0
0 0
0 0
0 0
0 0
0 0
0 0
0 0
0 0
0 0
0 0
0 0
0 0
0 0
0 0
0 0
0 0
0 0
0 0
0 0
0 4
0 0
0 0
0 0
0 21
0 116
0 224
23 418
29 763
21 649
48 420
37 315
32 376
12 351
21 257
20 129
30 63
20 47
4 25
0 11
5 32
21 45
27 160
27 213
39 305
20 306
21 335
29 548
24 778
0 894
0 630
0 275
0 97
0 58
0 16
0 7
0 11
0 0
0 4
0 0
0 0
0 0
0 0
0 0
0 0
0 0
0 0
0 0
0 4
0 0
0 0
0 0
0 0
0 0
0 0
0 0
0 0
0 0
0 0
0 0
0 0
0 0
0 0
0 0
0 0
0 0
0 0
0 0
0 0
0 0
0 0
0 0
0 0
0 0
0 0
0 0
0 0
0 0
0 0
0 0
0 0
0 0
0 0
0 0
0 0
0 0
0 0
0 0
0 0
0 0
0 0
0 0
0 0
0 0
0 0
0 0
0 0
0 0
0 0
0 0
0 0
0 0
0 0
0 0
0 0
0 0
0 0
0 0
0 0
0 12
0 68
0 134
0 284
0 468
0 617
0 771
0 795
0 975
0 1095
17 1202
15 913
14 700
8 914
6 1116
4 1110
12 1024
9 710
5 1044
0 994
8 784
9 547
6 878
11 896
3 358
0 677
2 940
10 831
9 778
0 840
8 884
11 547
4 902
0 792
6 587
11 720
4 757
2 554
13 436
1 727
0 457
3 381
12 612
5 677
7 817
35 787
34 729
10 586
9 585
0 618
0 744
3 890
0 884
0 356
0 23
0 142
0 9
0 2
0 22
0 0
0 0
0 19
0 8
0 0
0 20
0 33
0 0
0 3
0 34
0 0
0 16
0 20
0 0
0 0
0 2
0 62
0 533
0 920
4 944
1 976
0 949
0 704
0 450
0 755
0 810
0 727
0 496
0 250
0 490
0 592
0 527
0 486
2 380
5 427
0 467
0 299
0 34
0 15
0 15
0 42
0 16
0 1
0 0
0 12
0 10
0 1
0 113
0 328
0 426
0 422
0 397
0 384
0 506
0 792
5 870
1 859
0 852
0 886
3 1056
0 1149
0 1277
0 1311
0 1123
0 886
0 814
0 687
0 768
0 736
0 701
0 846
0 917
0 897
0 894
0 850
0 868
0 876
0 877
0 867
0 803
0 828
0 797
0 824
0 755
0 652
0 674
0 696
1 787
1 821
2 629
0 474
0 665
0 818
3 757
8 747
0 639
0 346
0 56
0 4
0 35
28 6
0 0
0 0
0 0
0 4
0 0
0 0
0 0
0 0
0 0
0 0
0 0
0 0
0 0
0 0
0 0
0 0
0 0
0 0
0 0
0 0
0 0
0 0
0 0
0 0
0 0
0 0
0 0
0 0
0 0
0 0
0 0
0 0
0 0
0 0
0 0
0 0
0 0
0 0
0 0
0 0
0 0
0 0
0 0
0 0
0 0
0 0
0 77
0 277
0 506
0 784
8 1062
20 1245
19 1289
17 1300
13 1170
27 1117
9 1265
0 931
2 563
9 812
0 581
10 456
1 894
0 613
0 434
4 740
12 732
11 725
1 762
0 892
0 864
0 663
0 0
0 233
0 113
0 17
0 140
0 0
0 0
0 1
0 0
0 0
0 0
0 0
0 0
0 0
0 0
0 0
0 0
0 0
0 0
0 0
0 0
0 0
0 0
0 0
0 0
1 0
0 0
0 0
0 0
0 0
0 0
0 0
0 0
0 2
0 3
0 0
0 2
0 0
0 0
0 0
0 0
0 0
0 0
0 0
0 0
0 0
0 0
0 0
0 0
0 0
0 0
0 0
0 0
0 0
0 0
0 0
0 1
0 0
0 0
0 0
0 0
0 4
0 2
0 15
0 18
0 16
0 0
0 2
0 14
0 15
0 12
0 0
0 0
0 7
0 0
0 0
0 0
0 0
0 0
0 0
0 6
0 0
0 1
0 0
0 0
0 2
0 0
0 0
0 0
0 0
0 3
0 0
0 0
0 0
0 0
0 0
0 0
0 0
0 0
0 6
0 3
0 0
0 2
0 0
0 0
0 0
0 0
0 0
0 0
0 0
0 0
0 0
0 0
0 0
0 0
0 0
0 0
0 20
0 2
0 0
0 0
0 0
0 0
0 0
0 0
0 0
0 0
0 0
0 0
0 0
0 0
0 0
0 0
0 0
0 0
0 0
0 0
0 0
0 0
0 0
0 0
0 0
0 0
0 0
0 0
0 0
0 0
0 0
0 0
0 0
0 0
0 0
0 0
0 0
0 0
0 0
0 0
0 0
0 0
0 0
0 0
0 0
0 0
0 0
0 0
0 0
0 0
0 0
0 0
0 0
0 0
0 0
0 1
0 0
0 0
0 0
0 0
0 0
0 0
0 0
0 0
0 8
0 4
0 27
0 18
0 0
0 0
0 0
0 0
0 0
0 7
0 0
0 0
0 10
0 0
0 0
0 0
0 0
0 0
0 0
0 0
0 0
0 0
0 0
0 0
0 0
0 5
0 0
0 0
0 0
0 0
0 0
0 0
0 0
0 0
0 0
0 0
0 0
0 0
0 0
6 0
29 0
32 0
9 0
0 0
0 0
0 0
0 0
0 0
0 0
8 0
63 0
66 0
8 0
0 0
0 0
0 0
0 0
0 0
0 0
0 0
0 0
0 0
0 0
0 0
0 0
0 0
0 2
0 0
0 0
0 0
0 0
0 0
0 0
0 0
0 0
0 0
0 0
0 0
0 0
0 0
0 0
0 0
0 0
0 0
0 0
0 0
0 0
0 0
0 0
0 2
0 0
0 0
0 0
0 0
0 0
0 0
0 0
0 0
0 0
0 0
0 0
0 0
0 0
0 0
0 0
0 0
0 0
0 4
0 0
0 2
0 0
0 0
0 0
0 0
0 0
0 0
0 0
0 0
0 0
0 0
0 0
0 0
0 0
0 0
0 0
0 0
0 0
0 0
0 0
0 0
0 0
0 0
0 0
0 0
0 0
0 0
0 0
0 0
0 0
0 0
0 0
0 0
0 0
0 0
0 0
0 0
0 0
0 0
0 0
0 0
0 0
0 0
0 0
0 0
0 0
0 0
0 0
0 0
0 0
0 0
0 0
0 0
0 0
0 0
0 0
0 0
0 0
0 0
0 0
0 0
0 0
0 0
0 0
0 0
0 0
