"pat" "th"
0 87
0 32
0 14
0 30
0 51
0 67
0 121
0 198
0 221
0 236
0 296
0 388
0 390
0 352
2 340
8 262
36 202
5 58
139 9
311 20
382 176
302 283
220 318
92 405
18 392
0 403
15 389
54 246
57 138
31 30
89 93
56 167
22 207
30 212
45 200
24 172
0 208
0 186
9 179
3 72
6 117
69 193
49 242
161 416
186 354
88 458
35 191
5 71
0 65
0 51
0 30
0 44
8 28
0 158
0 218
0 312
1 279
0 199
17 87
0 78
0 90
0 88
0 155
5 269
5 399
5 445
9 596
6 566
22 479
77 426
11 363
4 228
31 104
115 80
92 97
45 111
1 32
0 0
0 0
0 0
0 0
0 0
0 0
0 1
0 0
6 0
112 0
114 0
79 0
0 0
0 0
65 0
61 0
22 0
0 0
0 0
1 0
14 0
31 0
0 0
0 0
0 0
23 0
6 0
0 0
0 0
20 0
64 0
16 0
0 0
0 0
4 0
34 0
4 0
0 87
0 265
0 337
4 330
17 312
1 226
0 274
0 192
0 128
2 142
0 476
0 603
0 225
0 135
15 501
77 450
77 267
50 787
25 859
0 594
3 529
70 447
241 478
264 533
273 445
193 512
65 828
26 942
3 985
1 985
1 937
10 1006
6 1096
1 1068
3 1192
5 1376
2 1459
3 1423
3 1282
1 903
1 1079
3 734
3 667
2 399
0 282
0 574
2 786
0 890
0 930
5 1016
2 1087
0 1139
18 1283
34 1127
60 1251
27 1110
0 1139
0 1167
31 1149
39 931
39 966
14 905
0 814
0 861
69 807
2 710
0 695
0 590
0 449
1 284
48 257
812 272
1708 242
2911 365
3661 347
4075 527
4114 549
3652 421
2629 303
2095 272
1866 266
1565 188
1976 286
1457 347
1903 210
1749 221
1781 278
1706 383
1193 502
1088 609
1044 660
1180 607
1509 443
1687 366
1772 211
1611 301
1610 375
2086 429
2038 515
1590 643
1558 648
1306 587
1222 675
846 700
1020 761
1352 728
1035 505
755 382
1687 274
2806 145
3284 57
2903 174
2102 212
1757 211
1887 102
2213 101
2533 66
2734 302
2469 414
2210 333
2020 448
1695 470
1447 511
1543 331
1870 166
2309 219
2815 351
3467 358
3368 241
3489 158
3616 138
3639 262
4063 282
4124 222
4437 207
4451 228
4489 308
4057 244
3568 222
3082 301
3068 262
2710 426
2484 711
2345 666
2050 972
1561 729
1265 699
826 653
824 1020
1085 1325
1753 1107
2100 940
2585 1219
2866 999
2831 1005
2956 718
2820 727
2696 915
2294 937
1862 896
1711 1001
1903 1071
2078 1178
2536 1113
2506 1217
2629 1263
2647 1247
2982 1330
3344 1359
3695 1463
3987 1535
4087 1524
3843 1469
3890 1123
3984 769
4279 542
4291 409
4113 368
3189 281
2081 411
1301 591
1149 769
1280 1022
1314 1125
1211 1094
987 1129
822 1366
610 1415
591 1401
544 1190
348 1093
375 948
226 834
106 705
276 622
347 507
250 372
152 302
79 479
1 348
29 334
99 203
100 82
86 0
336 14
316 18
72 0
109 5
89 0
11 0
66 0
18 0
17 0
15 8
14 0
117 0
228 0
141 0
48 0
13 144
15 347
24 321
8 344
9 301
18 375
25 467
12 484
14 702
0 734
0 885
0 822
0 674
0 528
0 947
0 1176
0 1093
2 1138
0 330
0 570
0 224
0 169
0 176
0 27
0 90
0 43
0 68
0 80
0 84
0 80
0 31
0 28
0 8
2 25
0 36
0 60
0 52
0 73
0 19
0 32
0 7
0 4
0 7
0 7
0 16
0 4
0 50
0 74
0 70
0 40
0 16
0 13
0 26
0 14
0 5
0 10
0 2
0 8
0 36
0 43
0 36
0 1
0 0
0 0
0 0
0 0
0 0
0 0
0 0
0 4
0 0
0 0
0 0
0 0
0 0
0 0
0 0
0 0
0 0
0 0
0 0
0 0
0 1
1 2
0 0
0 0
0 0
0 12
0 1
0 8
0 11
0 0
0 0
0 0
0 0
0 1
0 1
0 0
0 0
0 0
0 0
0 1
0 0
0 0
0 0
0 0
0 0
0 0
0 0
0 0
0 0
0 0
0 0
0 0
0 0
0 0
0 0
0 0
66 0
291 1
313 2
122 0
9 0
0 2
105 17
311 45
368 68
242 88
14 88
0 100
42 124
54 115
21 89
13 106
13 56
221 47
61 85
3 111
0 215
16 232
29 256
2 305
2 302
0 273
27 156
67 126
132 98
10 234
0 283
14 358
66 498
122 563
32 619
0 597
254 553
400 438
233 436
536 438
807 481
382 464
478 424
363 378
271 300
410 234
323 215
163 292
38 177
85 8
187 58
216 67
364 33
560 39
125 38
1 30
263 5
410 4
107 1
5 0
12 0
30 0
19 9
0 0
101 1
187 0
67 0
16 0
0 0
7 0
23 0
0 0
0 0
0 0
2 7
0 30
0 23
0 35
2 17
0 12
8 13
0 16
1 22
0 39
0 71
0 52
0 44
0 50
0 116
0 166
2 163
0 122
0 61
0 67
18 78
39 92
0 68
0 1
0 1
0 35
0 30
0 113
0 161
0 225
0 228
0 5
0 8
0 0
0 0
0 0
0 0
0 0
0 0
0 0
0 0
1 0
0 0
0 0
0 0
0 1
0 0
0 0
0 10
0 0
0 0
0 0
0 0
0 0
0 0
0 0
2 0
0 0
0 0
0 0
0 0
0 0
0 1
0 0
0 0
0 0
0 0
0 0
0 0
0 0
0 0
2 1
0 13
0 11
0 5
0 18
0 63
4 72
5 143
1 184
0 204
1 188
6 112
0 43
0 92
5 130
38 181
66 79
53 62
16 12
0 7
1 10
0 1
0 3
0 9
0 1
0 5
0 26
0 2
0 5
0 13
0 2
0 0
0 0
0 0
0 0
0 0
0 4
0 0
0 0
0 0
11 0
0 0
0 0
0 0
3 0
7 0
0 0
0 0
0 0
3 0
0 0
0 0
0 1
0 0
0 1
0 2
0 4
0 0
0 7
0 0
0 1
0 0
0 0
0 0
0 0
0 7
0 0
0 15
0 0
0 9
1 38
0 20
0 1
0 15
0 2
0 1
0 0
0 0
0 3
1 8
0 41
0 75
0 78
0 49
0 7
0 1
0 0
0 0
0 0
0 0
0 0
0 0
0 0
0 54
0 52
0 80
0 55
0 8
0 0
0 2
0 0
0 0
0 0
0 21
0 40
0 22
0 133
0 153
0 217
0 250
0 178
0 31
0 1
0 70
0 222
0 219
0 153
0 14
0 70
0 173
0 127
0 107
0 246
0 400
0 422
0 444
0 460
0 575
0 709
0 413
0 348
0 319
0 97
0 232
0 22
0 0
0 9
0 0
23 0
13 0
0 0
0 0
0 0
0 0
0 0
0 2
0 0
0 0
0 0
0 0
0 0
0 0
0 0
0 0
0 0
0 0
0 10
0 19
0 40
0 112
0 189
3 278
7 307
0 448
2 507
0 705
0 742
0 636
0 534
0 470
10 490
0 510
3 583
4 841
0 1078
0 1346
0 1482
0 1164
0 758
0 1273
0 1683
0 1458
0 1617
0 1756
0 1934
0 1728
6 1519
0 1485
0 1276
0 1348
4 1253
0 1186
0 1325
0 1349
0 1314
0 1239
0 1026
0 742
0 539
0 489
0 662
0 1032
0 1153
0 1012
0 755
0 468
0 354
0 292
0 135
0 453
0 656
0 727
0 850
0 823
0 606
0 490
0 596
0 522
0 323
0 137
0 49
0 31
0 62
0 187
0 200
0 188
0 145
0 97
0 106
0 118
0 72
0 75
0 41
0 59
0 78
0 30
39 25
66 1
39 15
9 0
4 0
2 0
4 0
0 0
0 0
3 0
0 0
5 0
47 0
110 0
60 0
45 0
37 0
0 0
0 0
0 0
0 0
1 0
2 0
0 0
13 0
42 0
6 0
0 0
0 0
0 0
0 0
0 0
0 0
16 0
57 0
0 0
0 0
0 0
0 0
0 0
0 0
0 0
0 0
0 0
0 0
0 0
0 0
0 0
0 0
0 0
0 0
0 0
2 0
0 0
0 0
0 0
0 0
0 31
0 153
0 202
0 74
0 67
0 41
0 0
0 0
0 24
0 11
0 2
0 0
0 0
0 0
0 0
0 0
0 0
0 0
5 0
109 0
76 37
0 35
2 1
10 8
2 4
0 2
0 1
1 0
0 0
0 2
0 0
0 11
0 8
0 0
0 1
1 0
0 2
0 3
2 0
0 0
0 0
0 0
0 0
0 0
0 0
0 0
0 0
0 0
0 0
0 0
0 0
0 0
0 0
0 0
0 0
0 0
0 0
0 0
0 0
0 0
0 0
0 0
8 0
19 0
0 0
0 0
0 0
0 0
0 0
0 0
0 0
0 0
0 0
0 0
0 0
0 0
0 0
0 0
0 0
0 0
0 0
0 0
0 0
0 0
0 0
0 0
0 0
0 0
0 0
0 0
0 0
0 0
0 0
0 0
0 0
0 0
0 0
0 0
0 0
0 0
0 0
0 0
0 0
0 0
0 0
0 0
0 0
0 0
0 0
0 0
0 0
5 0
0 0
0 0
0 0
0 0
12 0
49 0
6 0
0 0
5 0
4 0
6 0
0 0
0 0
1 0
85 0
223 0
4 0
0 0
15 0
4 0
7 8
0 0
0 2
0 13
54 18
63 0
7 12
1 0
0 1
0 20
0 12
0 0
0 3
0 7
0 9
0 7
0 6
0 51
0 31
0 99
0 180
0 245
0 205
0 34
0 2
0 191
0 221
0 150
0 40
0 279
0 353
0 353
0 402
0 369
0 232
1 153
0 232
0 157
0 251
0 220
0 137
0 202
0 262
0 344
0 348
85 458
270 479
1279 178
2050 113
1525 128
1146 101
1288 114
1851 10
2447 0
2386 0
1971 0
2087 1
1373 3
1014 3
896 4
316 1
344 0
672 0
388 0
75 0
287 0
523 0
523 0
736 0
642 0
781 0
734 0
990 0
706 4
216 3
73 65
101 120
134 199
164 222
82 240
160 184
41 179
133 166
342 146
330 113
258 191
175 199
206 161
286 116
240 26
114 112
45 271
50 350
20 365
35 355
126 208
57 7
114 145
102 93
178 17
172 0
330 1
507 0
213 1
12 0
38 0
25 0
50 0
81 0
10 0
14 0
30 0
19 0
0 0
42 0
80 0
82 0
101 0
43 0
16 0
31 0
51 0
13 0
20 0
2 0
1 0
18 0
0 0
1 0
0 0
0 3
0 0
0 0
0 2
0 0
0 2
0 0
0 0
0 0
5 0
0 31
0 44
0 24
0 59
0 96
2 166
0 154
0 21
0 37
0 63
0 87
0 130
0 294
0 527
0 657
0 531
0 484
0 282
0 402
0 475
0 445
0 529
0 442
0 285
0 56
0 245
0 255
0 210
0 145
0 1
1 13
0 77
0 95
0 24
0 2
0 47
0 204
10 378
15 492
154 276
339 150
684 63
1350 107
1738 57
1715 7
1728 21
1827 84
2266 50
2631 19
3045 20
3372 42
3692 21
3889 24
3918 27
3924 25
4019 29
3767 37
3592 40
3158 41
3135 40
3644 55
3983 72
4005 54
4421 34
4354 48
3962 48
3834 30
3650 37
3313 25
2921 23
2555 26
2351 15
2034 18
1577 14
1067 12
697 13
400 29
327 69
307 105
577 124
787 75
781 41
1081 119
1268 151
1199 224
1090 337
1064 377
1303 371
1513 485
1749 637
2242 895
2711 1184
3394 1359
3714 1545
3578 1614
2607 1965
1989 2481
1882 2142
1468 1844
1297 2230
1391 2111
1585 2012
1802 1535
1865 1713
1661 761
1754 961
1245 932
1541 857
993 953
1291 1135
2014 787
1624 602
1780 778
2114 1055
2178 759
2044 603
2152 598
2371 675
2524 875
3046 935
3317 992
3290 468
3347 727
3397 681
3634 244
3745 160
3646 204
3538 177
3679 306
3435 425
3868 584
3859 239
4002 118
3716 64
4178 131
4425 107
4460 86
4600 142
3944 22
3998 50
3858 41
3976 34
4126 29
4354 56
4629 58
4886 55
4813 55
4934 42
4860 51
4759 35
4474 27
4472 16
4312 30
3589 14
2811 14
2223 25
1724 8
1378 16
1434 43
1421 24
1450 79
1280 32
1535 101
1388 53
1412 65
1248 46
1524 30
1115 37
1189 4
1153 6
1367 9
1528 3
1751 2
1829 8
1796 6
1132 6
919 14
1435 20
1602 21
1959 33
2239 45
2264 19
2662 36
2438 48
1986 60
1442 131
952 316
788 327
653 371
658 409
1015 353
1226 416
1046 488
980 636
1908 564
1998 484
2202 308
2575 161
2946 80
3281 89
3890 69
4328 77
4735 50
4951 51
5282 54
5458 36
4991 13
4577 14
4089 20
3949 19
4279 37
4960 35
5124 138
4615 274
4170 333
4205 317
3689 223
3680 153
3701 73
3192 156
2476 24
2518 23
2497 74
2062 79
2284 49
1917 43
1440 51
1004 42
1842 39
2021 29
2366 87
1720 101
1885 36
1728 31
1877 14
1378 4
1667 1
2738 11
2705 16
3257 27
3274 15
3752 5
3352 7
2976 6
3201 0
2873 0
2653 0
2609 2
1830 0
1799 1
1421 0
1262 0
735 1
1044 2
1144 1
1450 0
1276 0
1153 19
1338 0
1468 28
1294 5
1127 23
466 0
296 0
379 0
289 4
393 0
259 1
123 0
95 3
54 4
3 4
0 29
25 3
7 7
5 25
0 8
0 28
0 78
0 0
2 22
10 47
3 12
5 6
0 0
0 0
0 0
16 0
8 0
0 3
0 8
0 0
1 3
12 3
0 4
0 11
0 0
3 11
0 3
0 6
0 7
0 31
0 48
0 59
0 61
3 73
0 50
0 71
0 140
0 204
0 336
0 339
0 347
0 242
0 164
0 42
0 1
0 13
0 14
0 0
0 0
0 0
0 0
0 0
0 10
0 234
0 310
0 262
0 385
0 425
0 286
0 222
0 178
0 65
0 14
0 11
0 0
0 4
0 11
0 0
0 0
0 2
0 0
0 0
0 0
0 0
0 0
0 8
0 35
0 46
0 67
0 52
0 55
0 77
0 54
3 17
0 0
0 7
0 0
0 0
0 0
0 0
0 0
0 0
0 0
0 0
0 4
0 19
0 35
0 59
0 277
1 527
0 1035
2 1637
2 1695
2 1701
3 1743
2 2045
2 1745
1 1027
1 1342
1 1344
0 1464
0 1270
0 876
0 1012
0 968
0 1555
0 1770
0 1747
0 1744
0 1550
15 2136
93 1870
169 1286
124 843
42 943
20 720
0 1038
38 1077
0 939
1 654
1 388
0 196
0 228
1 532
2 585
1 564
0 339
0 58
0 0
0 46
1 2
8 0
1 0
0 0
0 0
0 0
0 0
0 0
0 0
0 0
0 0
0 0
0 0
3 0
16 0
169 0
5 2
0 0
16 4
3 0
44 0
72 0
36 0
111 0
120 0
143 0
81 0
50 0
13 0
23 0
2 0
3 0
28 0
0 0
0 0
1 0
208 0
70 0
0 0
8 0
0 0
0 0
15 0
1 0
0 0
0 0
0 0
0 0
0 0
0 0
0 0
0 0
0 0
0 0
0 0
0 0
0 0
0 0
0 0
0 0
0 0
0 0
0 0
0 9
2 140
1 331
0 362
0 299
0 330
0 381
0 277
0 175
0 135
0 809
1 1395
2 1522
3 1575
3 1959
0 2356
0 2347
0 1860
1 1730
1 1725
0 1853
0 1982
0 1830
2 1630
2 1600
0 2072
0 2516
0 2914
0 3107
0 3414
1 3394
0 3097
0 2667
0 1882
2 1523
41 2085
169 2836
191 3668
156 4509
117 5151
25 5190
6 4658
17 3802
9 2556
21 1760
6 1411
0 1439
1 2241
22 3168
11 3796
8 3908
0 3623
16 2908
23 2465
0 1858
0 1602
0 2172
0 3042
0 3790
0 4482
0 4632
3 4847
4 4199
9 3118
5 2459
2 2342
278 2079
825 1997
1162 2029
1025 2560
1278 2056
1330 1613
1692 2968
1921 3069
1939 2131
1855 1626
1966 1316
2007 1856
2174 2215
735 2204
396 2427
210 2394
275 809
231 1328
348 1011
308 708
205 554
328 384
405 211
295 225
208 272
116 259
207 132
437 131
479 144
467 121
664 44
452 30
397 67
383 40
260 25
212 0
265 0
241 0
108 0
84 0
10 0
57 0
33 0
7 0
6 0
11 0
1 0
9 0
10 0
53 0
23 0
60 0
64 0
20 0
61 0
137 0
222 0
385 0
589 0
787 0
917 0
855 0
460 0
124 0
2 0
0 0
15 0
139 0
214 6
107 0
25 0
7 0
37 0
41 55
13 161
1 170
13 138
0 119
58 123
72 106
47 59
72 18
7 33
0 23
1 19
11 129
13 232
29 300
32 280
14 254
15 216
27 356
0 332
0 260
0 195
4 192
0 143
0 72
0 93
0 171
0 332
0 280
5 324
187 458
849 285
1558 150
2239 92
3113 92
3656 91
4029 129
4113 28
4252 87
4294 29
4162 36
4099 63
3727 55
3187 81
2505 75
1703 54
1867 78
1713 68
1329 70
1304 66
1060 83
541 70
690 99
525 103
572 109
1209 116
1329 102
1959 116
2187 132
2359 105
2062 100
1441 81
1382 63
1664 12
1770 16
2389 22
2891 32
2813 33
2820 26
2971 26
2754 29
2312 22
1938 10
1844 10
1871 9
1886 7
1842 11
1749 8
1733 1
1196 0
1205 0
1358 0
1432 0
1299 0
1504 0
1572 0
1613 3
1689 0
2075 2
2284 1
2482 1
2954 5
2762 0
2634 124
2720 208
2351 165
1466 63
1011 23
836 14
520 1
370 0
406 0
397 0
375 0
137 0
20 0
30 0
117 2
4 0
4 0
4 0
0 0
0 0
0 0
0 0
0 0
0 0
0 0
5 0
0 0
0 0
0 0
0 0
0 0
0 0
0 0
0 0
0 0
0 2
0 1
0 4
1 202
0 529
0 785
0 846
0 755
0 895
59 1043
40 1344
2 1246
0 1132
1 922
0 669
3 645
0 485
0 300
0 202
56 213
117 135
19 18
0 150
0 271
8 402
2 557
0 822
46 1210
54 1810
0 2019
0 1446
0 688
2 577
0 216
0 102
0 63
13 193
0 155
0 149
0 7
0 3
0 3
0 0
0 0
0 0
0 0
0 0
0 0
0 0
1 0
36 0
15 0
0 1
0 0
42 0
19 0
0 0
6 0
41 0
3 17
0 172
6 353
47 327
7 258
3 136
2 159
15 99
10 69
11 237
3 260
21 205
0 77
20 0
0 9
0 6
0 0
0 0
0 0
0 0
0 0
0 0
0 0
0 0
0 0
0 22
0 182
0 310
0 416
0 393
0 249
0 64
0 0
0 67
0 199
0 234
0 138
0 23
0 62
0 0
2 0
0 0
17 2
22 0
1 0
0 0
10 0
6 0
13 0
10 0
27 0
0 0
0 0
0 0
2 0
0 0
0 0
2 0
0 4
21 6
65 0
24 0
0 0
0 0
5 0
12 0
26 0
16 2
0 1
0 1
0 0
0 0
4 1
9 0
6 0
0 0
0 0
0 0
2 2
29 0
0 0
20 0
0 0
3 0
0 0
23 0
31 0
4 0
0 0
2 0
0 0
1 0
5 0
0 0
0 0
0 0
0 0
0 0
0 0
0 0
0 0
0 14
0 0
1 8
12 13
0 0
0 0
0 19
0 73
0 392
0 822
0 1496
0 1979
0 1868
1 1550
0 1293
0 1333
0 1353
0 965
0 925
0 1516
0 1597
0 1382
0 1264
0 1186
7 1545
11 1791
0 1739
0 1170
0 819
0 643
1 391
0 131
0 78
0 16
1 105
2 449
8 860
0 902
0 970
0 1048
0 1073
0 1081
0 1012
0 804
0 692
0 821
6 762
41 986
38 1125
0 1054
0 1082
6 928
6 1302
11 1520
6 2249
0 2601
0 1167
20 403
25 553
2 462
2 512
0 363
0 91
1 20
0 0
0 2
0 0
0 0
0 0
0 0
0 0
2 0
3 0
0 43
0 306
0 526
0 438
0 264
0 211
0 110
0 196
0 371
0 300
0 139
1 92
0 70
0 47
0 6
0 23
0 15
0 23
0 0
0 0
0 0
0 0
0 5
0 1
0 4
0 0
0 0
118 0
596 8
587 1
486 6
194 0
186 0
487 1
242 0
57 5
16 109
36 44
132 716
93 824
26 695
3 320
107 717
268 1211
43 1260
10 1054
182 1099
140 1042
91 903
7 787
104 741
3 592
0 281
4 243
44 177
47 102
6 96
26 103
179 445
19 889
131 1080
296 895
290 555
49 435
50 280
71 132
158 40
335 46
248 12
26 58
47 7
158 6
177 9
84 0
0 1
47 0
72 0
222 0
247 20
53 0
0 6
33 0
150 11
118 0
19 0
0 0
0 2
1 0
40 0
30 0
0 0
0 0
0 0
22 0
31 0
0 0
0 0
0 0
0 0
0 0
0 0
0 0
0 0
0 0
0 0
0 0
0 0
0 0
0 0
0 1
0 0
0 0
0 0
0 0
0 0
0 0
0 0
0 0
0 0
0 70
0 43
0 38
0 22
0 28
0 161
0 226
0 363
0 550
0 503
0 408
0 497
0 423
0 455
0 415
0 390
0 368
0 299
0 117
0 84
0 173
0 229
0 225
0 277
0 285
0 440
0 424
0 318
0 218
7 128
13 118
2 14
54 0
70 49
41 15
48 145
34 209
7 129
10 57
11 31
14 87
9 91
0 136
0 144
1 13
0 85
1 52
6 17
20 0
0 37
0 123
28 128
6 154
8 222
6 415
40 602
6 676
2 919
0 1172
0 1004
5 585
0 365
0 271
0 157
0 32
0 59
0 14
1 0
0 0
0 0
0 3
0 49
0 9
0 49
0 6
0 0
0 0
0 0
0 0
0 6
0 0
0 0
0 0
0 0
0 0
4 0
0 0
0 0
0 0
0 0
0 0
0 0
0 0
0 0
0 0
0 0
0 0
0 0
0 0
0 0
0 0
0 0
0 0
0 1
0 0
0 0
0 0
0 0
0 0
0 0
0 0
0 0
0 0
0 0
0 0
0 0
0 0
0 0
0 0
0 0
0 1
0 21
0 44
0 82
0 153
0 97
0 91
0 74
0 99
0 47
0 10
0 0
0 0
0 0
0 5
0 2
0 4
0 0
0 2
0 0
0 32
0 60
0 69
0 73
0 372
0 437
0 355
0 206
0 53
0 10
0 33
0 213
0 197
0 235
0 127
0 81
0 12
0 4
0 0
0 0
0 0
1 0
0 0
0 0
0 0
0 0
3 0
19 0
11 0
0 0
0 0
0 0
2 0
1 0
3 0
19 11
23 0
2 8
0 0
0 0
2 0
0 0
0 7
1 2
0 6
0 44
0 87
0 89
0 80
10 10
26 2
0 0
0 0
0 0
0 0
0 0
0 0
0 0
0 0
0 0
10 0
7 0
0 0
0 0
0 0
0 0
0 0
0 0
0 0
0 0
0 0
2 0
0 0
0 0
0 0
0 0
0 0
0 2
0 0
0 0
2 0
0 5
0 3
0 0
0 0
0 0
0 0
0 0
0 0
0 0
0 0
0 0
0 0
0 0
0 0
0 0
20 0
1 0
0 0
0 0
0 0
0 0
0 0
0 0
0 0
0 0
0 0
0 0
0 0
0 0
0 0
0 0
0 0
0 0
0 0
0 0
0 0
0 0
0 0
0 0
0 0
0 0
0 0
0 0
1 0
8 0
0 0
0 0
0 0
0 0
0 0
0 4
0 0
0 0
0 0
0 0
0 0
2 0
0 0
0 0
0 0
0 0
0 0
0 0
0 0
0 0
0 98
0 312
0 541
2 557
0 587
0 835
0 1029
0 1206
0 1472
0 1343
0 1329
0 1442
0 1424
0 1229
0 1168
0 597
0 1126
0 1120
0 307
0 1427
0 1887
0 2143
0 2281
1 2111
2 1772
3 1253
0 953
0 1385
0 1462
6 1471
11 937
12 973
15 1142
0 1105
0 916
1 1547
2 2132
1 2524
0 2768
0 2556
0 1993
1 1749
0 1638
0 1539
0 1348
0 1026
0 771
0 499
0 417
0 484
0 506
0 324
0 60
0 0
0 0
0 0
0 9
0 63
0 88
0 18
0 2
0 4
0 0
0 1
0 1
2 6
22 12
76 34
111 29
176 59
113 68
115 36
123 24
71 2
10 0
7 2
1 0
2 39
0 39
6 182
1 252
1 446
27 568
84 690
168 970
57 1038
3 1273
6 1333
7 1383
7 1230
3 884
0 974
5 693
0 322
0 107
0 202
0 386
0 664
0 739
0 717
1 798
0 829
0 712
0 581
0 514
0 457
3 313
0 428
7 235
0 293
13 211
5 68
2 114
0 205
1 254
1 246
1 97
0 103
0 215
0 102
0 139
0 148
0 205
0 144
0 126
0 213
0 265
0 463
0 506
0 555
0 739
0 543
0 393
0 320
0 225
0 36
0 29
0 51
0 28
0 5
0 27
0 52
0 48
0 58
0 94
0 193
0 81
0 153
0 132
0 94
0 63
13 1
75 0
0 20
0 34
0 46
2 24
0 8
0 1
0 0
0 38
0 193
0 147
0 14
0 54
0 37
0 72
0 111
0 41
0 8
0 4
0 7
0 0
0 0
0 0
0 0
0 0
0 0
0 0
0 2
0 0
0 0
0 0
0 0
0 0
0 0
0 0
0 0
0 0
0 0
0 0
0 0
0 2
0 0
0 0
0 0
0 0
0 0
0 2
0 1
0 7
0 3
0 14
0 6
0 1
0 2
0 0
0 0
0 0
0 0
0 0
0 0
0 0
0 0
0 0
0 0
0 0
0 0
0 0
0 0
0 0
0 0
0 0
0 0
0 0
0 0
0 0
0 0
0 1
0 7
0 0
0 0
0 0
0 0
0 2
0 0
0 0
0 0
0 0
0 0
0 0
0 0
0 0
0 0
3 1
0 0
0 0
0 0
0 0
0 0
0 7
0 0
0 0
0 0
0 16
0 1
0 0
0 0
0 0
0 0
0 0
0 0
6 0
2 0
0 0
0 0
0 0
0 15
0 0
0 94
0 62
0 124
0 21
0 24
0 0
0 0
0 1
0 0
0 0
0 0
0 4
0 6
0 0
0 0
0 0
0 0
0 0
0 0
0 0
0 0
0 0
0 0
0 0
0 0
0 0
0 0
0 0
0 0
0 0
0 0
0 0
0 0
0 0
0 0
0 0
0 0
0 0
0 0
0 0
0 0
0 0
0 0
0 0
0 0
0 0
0 0
0 0
0 0
0 0
0 0
0 0
0 0
0 0
0 0
0 0
0 1
0 0
0 0
0 0
0 0
0 1
0 0
0 0
0 8
0 0
0 0
0 0
0 0
0 0
0 6
0 0
0 0
0 0
0 0
0 0
0 0
0 0
0 0
0 0
0 0
0 0
0 0
0 0
0 0
0 0
0 0
0 0
0 0
0 0
0 0
0 0
0 0
0 0
0 0
0 0
0 0
0 0
0 0
0 0
0 0
0 0
0 0
0 0
0 0
0 0
0 0
0 0
0 0
0 0
0 0
0 0
0 0
0 0
0 0
0 0
0 0
0 0
0 0
0 0
0 0
0 0
0 0
0 0
0 0
0 0
0 0
0 0
1 0
46 0
4 0
69 0
210 0
577 0
719 0
598 0
389 0
248 0
562 0
705 2
727 54
896 12
968 1
997 0
832 0
719 3
962 44
1225 15
1283 41
1242 225
1920 231
1966 182
1869 51
1561 92
1225 132
457 158
162 160
26 126
0 157
2 126
29 136
68 43
30 24
0 3
422 12
1209 15
1666 15
2391 106
2841 210
2563 357
2486 580
2508 642
2309 842
1672 1069
1769 1170
1620 1385
1656 1570
1580 1670
939 1632
624 1595
547 1522
324 1210
175 855
171 379
290 337
696 836
1109 1078
177 1132
125 717
131 352
192 696
466 858
1125 1109
1935 1391
1767 1335
2071 1230
2668 1350
2964 1399
3151 1523
2276 1671
1461 1821
1216 1776
813 1649
390 1447
465 1327
750 1105
375 888
252 758
385 854
226 896
113 737
69 633
63 631
124 423
162 472
482 569
859 743
828 1015
568 1143
54 1359
411 1572
493 1675
581 1620
541 1774
550 1971
611 2049
388 2053
152 1951
238 1508
388 1130
329 891
88 675
0 626
0 561
45 566
56 482
176 511
192 547
97 555
15 538
83 554
155 448
121 584
20 674
7 671
0 629
4 706
0 765
0 767
27 729
100 695
53 706
47 673
45 666
34 510
6 275
5 179
0 5
7 5
11 39
38 29
241 75
388 87
329 41
436 28
829 119
787 190
900 228
931 197
761 127
260 78
256 13
231 3
132 2
17 0
2 0
8 2
2 2
0 0
0 0
0 1
3 10
0 14
1 12
19 0
0 0
0 3
0 18
0 8
0 111
0 171
0 151
0 41
0 2
0 0
0 0
0 0
0 0
0 0
0 1
0 6
0 0
0 0
0 0
0 2
0 18
0 3
0 0
0 2
0 17
0 25
0 0
0 5
0 33
0 82
0 43
0 0
0 0
0 0
0 0
0 0
0 40
0 1
0 6
0 0
0 0
0 0
0 0
0 0
0 0
12 0
38 2
6 0
28 0
29 12
0 112
0 203
5 55
10 324
36 320
12 368
40 149
7 19
0 0
2 0
5 4
0 50
3 83
168 241
303 405
92 460
0 236
5 132
22 298
2 337
0 357
3 181
33 103
181 295
141 399
3 368
0 221
4 4
14 0
19 0
12 4
0 70
0 121
16 87
29 8
4 30
0 0
0 0
2 0
0 0
0 0
0 0
0 0
0 0
4 0
0 0
1 0
0 0
0 0
0 0
14 0
13 0
4 13
0 101
0 308
0 342
0 249
0 169
0 2
0 24
0 169
0 484
0 1188
0 1634
0 2080
0 2506
0 2449
0 2853
0 2640
0 1392
0 705
0 1689
0 2381
0 2687
0 2666
0 2551
0 2318
0 1999
0 1902
0 1494
0 350
0 466
0 518
0 610
0 229
0 71
0 121
0 50
0 10
0 12
0 31
0 127
0 80
0 69
0 61
0 42
1 108
0 129
0 225
0 118
0 38
0 0
0 7
0 280
0 338
0 292
0 59
0 4
0 39
0 97
0 75
0 68
0 58
0 61
0 30
0 0
0 0
0 2
0 0
0 0
0 0
1 0
0 0
0 0
0 0
0 0
0 0
0 14
0 0
0 0
1 0
3 0
10 2
64 0
115 0
7 0
0 3
1 0
1 5
0 0
0 0
18 0
6 0
0 0
0 0
0 0
0 0
0 0
0 0
1 0
0 0
0 0
0 0
0 0
0 0
0 0
0 0
0 0
0 0
0 0
0 0
0 0
0 0
0 0
0 0
0 0
0 0
0 0
0 0
0 0
0 0
0 0
0 0
0 0
0 34
0 429
0 969
0 1492
0 1475
0 1393
0 1089
0 210
0 416
0 354
0 87
0 107
0 410
0 900
0 1170
0 1193
0 1242
0 1135
0 393
0 216
0 21
0 206
0 3
0 65
0 3
0 0
0 0
0 0
0 0
0 0
0 0
0 0
0 0
0 0
0 0
0 0
0 0
0 0
0 0
0 0
0 0
0 0
0 0
0 0
0 0
0 0
0 0
0 0
0 0
0 0
0 0
0 0
0 0
0 0
0 0
0 0
0 0
0 0
0 0
0 0
0 0
0 0
0 0
0 0
0 0
0 0
0 0
0 0
0 0
0 0
2 0
21 0
75 0
6 0
33 0
127 0
95 0
0 0
0 0
0 0
0 0
0 0
0 0
100 0
152 0
54 0
15 2
0 0
0 1
0 0
2 0
2 0
0 0
0 0
1 0
1 0
1 0
6 0
0 0
0 0
0 0
0 0
0 0
0 0
0 1
3 0
1 0
0 6
1 9
1 93
0 323
0 556
2 593
0 666
0 783
0 935
5 1043
3 1084
1 1169
0 1137
0 1293
0 1131
1 1055
0 997
0 867
0 474
0 1013
0 1333
0 1277
0 660
0 274
0 472
0 808
0 1115
0 1456
0 1475
0 1364
0 1373
0 390
0 495
0 68
0 229
0 73
0 118
0 31
0 14
0 0
0 0
0 0
0 0
0 0
0 0
0 0
0 0
0 0
0 0
0 0
0 0
0 0
0 0
0 0
0 0
0 0
0 0
0 0
0 0
0 0
0 0
0 0
0 0
0 0
0 0
0 0
0 0
0 0
0 0
0 0
0 0
0 0
0 0
0 1
0 1
0 22
0 0
0 0
0 0
0 29
0 22
0 56
0 210
0 189
0 56
0 183
0 216
0 318
0 480
0 371
0 92
0 39
0 209
0 147
0 97
0 235
0 437
0 327
0 55
5 0
10 47
0 173
0 40
0 14
0 23
0 154
0 97
1 140
2 340
1 570
0 528
0 194
0 16
0 42
0 126
0 88
0 2
0 0
0 0
0 0
0 0
0 0
0 0
0 0
0 0
0 0
0 0
5 0
2 0
0 0
0 0
0 0
2 0
0 0
0 0
0 0
0 0
0 0
0 69
0 751
2 1674
0 2064
0 1881
0 1186
0 1241
0 1623
0 1116
0 1048
0 1232
0 991
0 1093
0 2079
1 2607
0 2308
0 1204
0 809
0 609
0 841
0 1006
0 997
0 1002
0 610
0 277
0 106
0 74
1 50
0 24
0 21
0 3
0 0
0 0
0 0
0 8
0 17
0 15
0 26
0 0
0 6
0 0
0 0
0 0
0 4
0 0
0 0
0 0
0 0
0 0
0 0
0 16
0 2
0 5
0 0
0 0
0 0
0 0
0 4
0 0
0 0
0 0
0 0
0 0
0 0
0 0
57 0
527 0
807 0
951 0
1003 0
902 0
951 0
1172 0
935 0
868 0
613 0
363 0
315 0
457 0
1154 0
1302 1
1300 0
905 0
775 0
704 0
441 0
217 9
126 5
48 0
37 4
114 7
51 0
2 0
0 0
0 0
15 2
2 116
0 347
0 666
0 692
2 779
0 582
5 383
0 232
14 216
17 237
1 227
24 240
3 511
0 553
14 902
40 1073
38 1022
18 635
5 190
2 72
2 195
7 133
59 10
187 0
83 2
8 0
21 0
17 0
2 89
2 389
0 631
189 800
212 917
8 1215
0 1503
13 1937
4 2304
2 2413
0 2166
0 2115
4 1773
54 930
110 1137
8 1293
0 1275
0 1175
1 1196
0 1270
0 1292
0 1271
0 1434
0 1342
3 1170
11 985
0 530
0 812
0 845
3 493
0 207
0 229
0 451
0 628
2 608
4 703
0 923
0 998
0 956
1 950
0 832
0 528
0 408
0 474
0 481
0 480
0 285
0 355
2 753
0 885
0 742
0 928
1 1037
1 999
0 973
0 1141
0 1395
0 1386
0 1408
0 1242
0 1032
2 1182
1 1046
2 629
0 383
0 443
0 489
0 512
0 548
0 605
0 770
0 696
0 691
1 752
0 779
0 1006
0 1125
2 1068
1 1123
1 1245
1 1317
0 1332
2 1362
3 1516
4 1434
1 1315
0 1170
0 1060
1 850
162 672
170 427
15 306
0 269
99 363
210 355
240 300
71 226
2 281
2 402
0 411
1 413
1 310
18 350
61 471
4 501
1 607
0 916
2 1145
2 1401
9 1256
4 560
7 807
4 668
2 361
0 276
4 145
0 86
0 102
0 112
0 77
0 20
0 93
0 84
1 33
0 38
0 42
2 143
2 437
4 626
2 655
2 530
0 259
0 100
0 14
0 7
0 2
0 9
0 13
0 31
0 3
0 5
0 5
0 2
0 1
0 0
0 0
0 0
0 0
0 0
0 0
0 0
0 0
0 0
2 0
0 0
0 0
0 2
3 0
2 8
0 2
0 1
0 9
0 6
0 0
0 10
0 2
0 0
0 0
0 0
0 0
0 0
0 0
0 0
0 0
0 0
0 0
0 0
0 0
0 0
0 0
0 14
0 31
0 9
0 54
0 26
0 35
0 68
0 9
0 0
0 75
0 104
0 188
0 238
1 182
0 147
0 27
0 8
0 2
0 23
0 0
0 5
0 0
0 0
1 0
0 0
0 0
0 0
0 0
0 1
0 1
0 2
1 2
0 3
0 0
0 0
0 0
0 0
0 13
0 21
0 18
0 5
0 21
0 19
0 5
0 14
0 11
0 48
0 86
0 82
0 8
2 65
2 61
0 2
0 0
2 49
0 22
0 5
0 1
0 2
0 0
0 19
0 0
0 0
0 4
0 0
0 0
0 0
0 8
0 7
0 0
1 0
0 0
0 0
9 2
0 0
0 0
0 0
0 8
0 0
2 0
0 0
0 0
0 0
19 0
33 1
31 0
0 14
1 26
0 0
0 0
0 0
2 0
20 0
11 0
0 0
0 0
0 0
0 0
2 0
0 0
0 12
0 0
0 0
0 7
0 0
2 0
15 0
0 0
0 0
0 0
0 14
1 0
0 0
0 0
0 0
0 0
0 0
0 0
0 0
0 16
0 0
0 0
0 0
4 0
0 0
0 0
0 0
0 0
0 4
0 27
0 3
0 0
0 0
0 25
0 0
1 8
0 14
0 0
0 12
0 0
0 0
2 0
0 0
0 2
0 5
0 0
0 2
0 0
0 2
0 0
0 0
0 0
0 0
0 3
0 0
0 0
0 0
0 38
0 58
0 14
0 71
0 267
0 423
3 648
5 688
4 325
7 351
5 285
0 215
0 105
0 74
3 119
0 32
0 41
1 55
2 87
0 34
2 193
1 347
0 439
0 474
0 398
1 367
0 201
8 159
55 307
181 697
189 1579
53 2165
60 2083
103 1057
142 1566
70 1803
24 1818
15 1449
8 1035
9 344
10 700
8 679
4 579
60 177
102 35
5 39
1 0
0 0
0 4
0 7
0 64
6 389
9 599
5 886
0 1159
0 1444
0 1399
0 1067
0 947
0 679
0 258
0 189
0 32
0 370
0 632
0 957
2 1180
12 1164
11 712
12 600
15 866
12 674
6 225
9 673
11 700
9 441
0 36
6 350
7 369
0 26
0 33
1 135
1 78
7 387
6 960
0 1303
0 1238
2 874
0 541
2 328
0 221
0 152
0 66
0 57
0 70
0 124
0 206
0 228
0 191
0 102
0 122
0 78
0 47
0 34
0 105
0 92
0 239
0 317
0 402
0 407
0 299
0 256
0 199
1 427
0 502
0 396
1 429
1 468
1 497
1 487
0 362
0 233
0 282
0 287
0 260
0 62
0 218
0 211
0 79
0 51
0 118
0 168
0 239
0 344
0 638
0 876
0 1084
0 1385
0 1523
0 1586
0 1503
1 1872
3 1675
10 1125
17 900
21 1230
17 1106
10 780
1 625
6 738
14 637
0 181
3 46
2 66
0 4
10 335
13 547
13 452
8 465
12 511
8 439
3 371
5 502
5 616
19 877
18 842
7 512
11 439
9 312
8 236
5 148
4 143
3 117
3 109
0 122
0 18
0 1
0 2
0 12
0 0
0 0
0 19
2 8
1 21
2 13
0 27
1 177
3 363
4 617
1 791
2 758
0 614
0 531
0 308
2 287
2 212
2 136
4 125
2 224
3 304
3 410
3 515
4 598
2 674
1 664
0 572
0 614
0 629
0 851
0 1235
0 1414
0 1209
0 853
0 741
0 475
0 269
0 0
0 0
0 1
0 0
4 0
1 0
9 5
26 4
15 2
12 0
7 0
8 8
48 5
329 17
460 12
384 13
172 13
101 14
46 0
0 4
41 2
63 3
19 0
22 0
54 0
49 1
53 0
46 0
84 0
37 0
57 0
54 0
32 0
23 0
4 0
10 0
12 4
21 0
35 0
41 0
74 0
32 0
17 0
19 0
34 0
113 0
19 0
0 0
0 0
0 0
1 51
0 78
0 48
0 40
0 23
0 16
0 13
0 35
0 216
0 447
0 734
1 957
0 975
0 1028
0 954
0 866
6 731
0 472
0 225
0 589
0 686
0 729
0 693
0 568
0 381
1 100
0 125
0 443
0 535
0 524
0 574
0 607
0 640
0 631
0 579
1 469
0 213
0 167
0 388
0 266
0 305
0 361
0 347
0 196
0 216
0 390
0 362
0 316
0 286
0 214
0 66
0 11
0 88
0 247
0 318
0 254
0 542
0 953
0 1031
0 1026
0 867
0 993
0 965
1 917
0 791
0 703
0 617
0 464
0 234
0 331
0 440
0 587
0 860
0 1078
0 1066
0 551
0 934
0 1045
1 772
0 622
0 350
0 363
0 435
0 418
0 257
0 0
0 11
0 90
0 247
0 621
0 1007
0 762
0 593
0 785
0 749
0 423
0 545
0 575
0 751
0 996
0 943
0 327
0 1033
0 1296
0 1332
0 1266
0 1053
0 779
0 645
0 563
0 825
0 1062
0 941
0 756
0 548
0 407
0 312
0 286
0 353
0 374
0 438
0 468
0 561
0 666
0 750
0 769
0 812
0 1079
0 1307
0 1481
0 1698
0 1996
0 1889
0 1665
0 1116
0 1211
0 763
0 809
0 774
0 510
0 286
0 392
0 445
0 488
0 588
0 734
0 1012
0 1202
1 1484
0 839
0 753
0 745
0 751
0 696
0 330
0 259
0 192
0 8
0 32
0 43
0 0
0 52
0 0
0 0
0 0
0 0
0 0
0 0
0 0
0 0
0 0
0 0
0 0
0 0
0 0
0 0
0 0
0 0
0 0
0 0
0 0
0 0
0 0
0 0
0 10
1 128
2 345
4 631
2 958
2 1248
2 1676
2 1866
1 1939
1 1486
1 1496
0 1600
1 1055
0 790
0 339
0 892
2 1317
0 1629
0 1713
0 1644
0 1283
0 1152
0 499
0 728
0 349
0 164
0 53
0 1
0 0
0 1
0 0
0 0
0 3
0 0
0 0
0 0
0 0
0 2
0 6
0 1
0 15
0 0
0 0
0 0
0 0
0 0
0 0
0 0
0 0
0 0
0 0
0 0
0 0
0 0
0 0
0 2
0 4
0 12
0 83
0 725
0 1342
0 1520
0 1492
0 1501
0 1141
0 967
0 746
0 557
2 349
13 174
51 651
324 801
207 870
21 1024
13 1031
4 769
9 616
45 573
66 698
40 714
0 671
1 839
0 978
8 1222
90 1316
88 1225
0 1182
0 1292
0 1160
2 931
5 714
6 507
21 547
54 633
6 491
1 545
2 878
15 1481
11 1965
8 2196
4 2265
4 2032
4 1610
8 1291
3 496
0 518
0 194
0 240
0 219
0 279
2 494
1 515
0 609
0 686
1 640
1 640
11 750
12 592
3 391
2 187
2 153
2 214
2 427
0 676
0 837
0 1012
0 1370
0 1590
0 1525
0 1387
0 1118
0 654
0 936
0 1598
0 2140
0 2471
0 2241
4 1854
2 228
36 648
91 350
138 759
166 1110
188 1536
88 1691
55 1739
27 1601
61 1443
5 1172
10 1002
23 1018
7 874
1 838
5 957
0 898
0 895
0 1155
0 1365
0 1798
0 1956
0 1963
1 1605
0 1088
3 1057
1 1034
0 1024
3 886
0 425
0 644
0 268
1 688
0 837
0 532
0 550
0 704
0 830
0 900
0 1287
0 1727
0 1913
0 1899
0 1454
0 1237
0 904
0 707
0 720
0 507
0 1285
0 2021
0 2916
0 3308
0 2648
0 955
1 1540
0 827
0 781
1 1072
1 874
1 449
0 326
0 373
0 804
0 1382
0 1659
0 1327
1 1248
2 1158
4 1164
0 1188
2 913
2 977
0 916
0 1121
3 1393
2 1457
2 1472
7 1364
3 1162
0 1006
0 821
0 689
0 678
7 669
29 784
0 1083
1 1611
3 2037
122 2074
13 1565
3 1330
1 1538
14 1580
37 1677
5 1587
6 1098
2 724
1 675
0 974
0 643
0 442
15 515
25 599
1 884
2 1231
0 1421
0 2049
0 2345
1 2434
11 2107
0 1659
2 1285
1 619
0 675
2 817
0 982
0 976
0 1064
0 1229
0 1254
0 1335
0 993
0 583
0 1235
0 1283
0 933
0 613
0 497
0 799
0 1223
0 1215
0 600
0 1277
0 1349
0 1066
0 799
0 1160
0 402
0 817
0 856
0 489
0 440
0 992
0 1217
0 783
0 375
0 822
0 539
0 364
0 152
0 808
0 1171
0 1405
0 1200
0 658
0 1091
0 1205
0 1169
0 874
0 1680
0 1832
0 1846
0 1605
0 1178
0 548
0 379
0 573
0 662
0 354
0 49
0 186
0 379
0 250
0 97
0 287
0 663
0 828
0 800
0 735
0 667
0 351
0 210
0 587
0 628
0 492
0 1014
0 1741
0 2275
0 2091
0 1716
0 893
0 965
0 953
0 878
0 870
0 1072
0 1141
0 1371
0 1556
0 1264
2 700
5 517
0 521
0 209
0 91
0 0
0 1
0 30
0 25
0 30
0 26
0 22
0 4
0 0
0 0
0 6
0 0
0 0
3 1
0 1
5 6
5 2
2 0
0 33
0 22
4 0
2 0
2 0
0 0
0 1
0 0
0 1
0 6
0 1
0 13
0 2
0 5
0 26
0 32
0 6
2 23
0 20
0 0
0 0
0 0
0 0
0 2
0 0
0 0
0 0
0 0
0 0
0 0
0 0
0 0
0 0
0 0
0 0
0 0
0 0
0 0
0 0
0 0
0 0
0 0
0 0
0 0
0 0
0 0
0 0
0 0
0 0
0 0
0 0
0 0
0 0
0 0
0 0
0 0
0 0
0 0
0 0
0 0
0 0
0 0
0 0
0 0
0 0
0 0
1 0
127 0
211 0
149 0
149 0
141 3
52 7
22 0
6 0
232 2
133 103
0 243
14 567
40 873
165 1186
479 1468
221 1604
0 1645
21 1717
7 1748
12 1906
49 1971
20 2220
0 2314
27 2597
42 2841
8 2963
1 2912
0 2171
0 1802
0 1589
3 1452
0 1382
0 1535
0 1696
16 1875
4 2281
0 2986
8 3288
0 2952
0 2294
0 2165
9 2142
1 2364
0 2290
0 1780
0 1820
0 1898
0 1777
2 1658
4 1654
1 1420
2 1409
4 1470
2 1446
3 1421
2 1449
3 1581
1 1761
1 1827
0 1905
0 2071
0 2024
1 1815
0 1485
0 1391
2 1357
3 1441
2 1170
2 888
0 776
9 752
1 760
1 660
1 609
1 504
93 516
577 371
848 432
938 312
805 253
701 245
607 245
465 312
300 290
340 226
350 181
529 151
718 128
562 61
310 52
320 122
317 95
294 72
248 66
113 45
81 84
6 128
0 110
0 115
0 24
0 26
0 25
2 89
2 117
3 142
14 121
10 118
36 141
173 68
349 5
429 0
558 0
524 46
427 26
769 43
966 22
861 6
848 6
584 14
396 22
447 10
437 13
425 5
207 0
29 1
0 0
4 0
9 0
64 0
35 0
28 0
14 0
22 0
10 0
23 0
2 0
13 0
74 0
7 0
1 0
0 0
0 0
0 0
0 0
0 0
0 0
2 0
2 0
2 0
1 0
3 0
3 0
1 0
0 0
0 0
0 0
0 0
0 0
4 0
1 0
0 0
0 0
0 0
0 0
0 0
18 0
139 0
233 12
419 277
461 397
381 314
576 116
663 60
683 10
534 3
13 9
67 30
209 25
271 17
77 0
0 0
3 0
1 0
2 0
0 0
0 0
0 0
1 0
0 0
0 0
0 0
0 0
0 6
0 0
0 0
0 0
0 7
0 1
0 1
1 50
0 232
0 144
0 101
0 180
0 228
0 108
0 9
0 1
0 14
0 20
0 0
0 0
0 1
0 0
0 1
0 5
0 0
0 0
0 0
0 4
0 0
0 0
0 0
0 0
0 0
0 0
0 0
0 0
0 0
0 0
0 0
0 0
0 0
0 0
0 0
0 0
0 0
0 0
0 0
0 0
0 0
0 0
0 0
0 0
0 0
0 0
0 2
0 0
0 0
0 0
0 0
0 0
0 0
0 0
0 0
0 0
0 0
0 0
0 0
0 0
0 0
3 15
5 16
0 0
0 0
0 0
0 0
0 0
0 0
0 0
0 0
0 0
0 0
0 0
0 0
0 0
0 0
0 0
0 0
0 0
0 0
0 0
0 0
0 0
0 1
0 0
0 0
1 0
0 0
0 0
0 0
0 0
0 18
0 0
0 0
0 0
0 13
0 15
0 0
0 0
0 0
0 0
0 0
0 1
0 0
0 0
0 0
0 2
0 0
0 0
0 0
0 0
0 0
0 0
0 11
0 14
0 9
0 5
0 0
0 19
0 5
0 1
0 18
0 21
0 13
0 2
0 14
0 16
0 11
0 6
0 6
0 7
0 6
0 2
0 28
0 49
0 27
0 4
0 0
0 1
0 6
0 0
0 0
0 4
0 8
0 7
0 15
0 4
0 6
0 9
0 3
0 6
0 1
0 0
0 6
0 0
0 5
58 0
81 0
58 0
44 0
66 0
63 2
0 0
83 0
130 0
103 0
35 0
0 0
0 0
0 15
0 81
1 144
1 192
2 135
1 82
0 4
1 0
0 0
0 0
0 0
0 0
0 0
0 0
0 0
0 0
0 0
0 0
0 0
0 0
0 0
0 0
0 0
0 0
0 0
5 0
2 0
1 0
0 0
0 0
0 22
0 49
0 21
0 22
0 4
0 1
0 1
0 0
0 7
0 10
0 11
0 8
1 7
0 0
0 1
0 6
0 0
0 0
0 0
0 0
0 0
0 0
0 0
0 0
0 0
0 8
0 41
0 35
0 29
0 23
0 3
0 2
0 0
0 0
0 0
0 0
0 0
0 1
0 0
0 0
0 0
0 0
0 0
0 0
0 0
0 0
0 0
0 0
0 0
0 0
0 20
0 62
0 70
0 5
0 0
0 8
0 51
0 1
0 0
0 26
0 31
0 12
0 4
0 1
0 0
0 0
0 0
0 0
0 0
0 0
0 0
0 0
0 0
0 13
1 42
0 33
0 56
0 56
1 249
2 491
0 505
0 490
0 463
0 365
0 191
0 134
0 202
0 166
0 66
0 9
0 0
0 0
0 0
0 0
0 11
0 23
0 29
0 57
96 4
204 24
148 0
10 0
9 0
18 0
0 0
0 0
2 2
13 0
31 0
29 0
36 8
37 0
41 6
8 11
0 52
1 2
0 0
0 19
7 31
0 0
0 4
16 3
12 0
48 0
190 0
3 0
139 3
121 0
55 0
12 2
2 0
2 0
3 0
0 0
0 0
1 0
0 0
0 0
0 0
0 0
0 0
0 0
0 3
0 0
0 1
0 0
0 0
8 2
30 4
9 122
2 228
1 316
5 297
3 239
0 212
7 396
11 501
0 473
0 404
2 342
0 190
0 8
0 83
0 206
0 355
0 291
1 36
0 181
0 222
0 195
0 34
0 64
0 143
1 130
0 4
0 195
0 135
0 70
0 257
0 355
0 335
0 175
0 112
0 186
0 207
0 161
0 194
0 263
0 275
0 236
0 230
0 216
0 241
0 104
0 82
0 343
0 366
0 235
0 183
0 288
0 253
0 277
0 338
0 335
0 342
0 274
0 130
0 26
0 142
1 15
0 39
0 221
0 342
0 278
0 273
0 271
0 364
0 218
0 214
0 325
1 649
0 956
0 1002
0 1838
0 2565
0 2094
0 1189
0 1466
0 1440
0 1540
0 1249
0 846
0 729
0 927
0 1017
0 809
0 747
0 760
0 470
0 531
0 548
0 200
161 79
196 7
187 13
62 21
10 62
0 3
6 5
0 0
0 4
0 0
2 0
31 1
229 21
430 11
59 0
0 0
1 0
0 0
1 0
2 1
0 7
0 0
0 0
0 0
3 0
64 0
63 138
13 316
13 468
51 519
167 629
19 798
8 768
3 624
3 742
48 746
74 566
0 241
0 139
3 520
6 881
17 1181
17 1098
13 837
14 569
8 411
9 451
2 142
5 13
4 56
0 36
0 6
0 2
0 0
1 0
0 0
0 0
0 10
0 17
0 52
1 71
0 55
0 24
0 11
0 8
0 11
0 25
0 0
0 0
0 8
0 3
0 0
30 0
268 0
568 8
757 0
753 0
538 0
679 0
904 0
1034 0
1294 0
1290 0
1384 0
958 0
386 0
927 2
786 0
593 0
419 2
369 0
413 0
543 0
305 0
176 0
200 2
255 6
161 7
15 0
123 0
84 1
30 0
54 0
1 0
3 0
38 0
39 10
28 34
41 186
123 435
32 918
6 1472
71 1900
50 2103
35 2233
21 2181
107 1897
70 1707
7 1899
33 1831
132 1777
93 1460
173 964
27 1335
0 1366
0 1046
1 917
2 777
6 516
1 391
0 191
0 58
0 98
0 147
0 134
0 39
0 6
0 13
1 13
9 0
3 1
0 0
0 3
0 25
0 1
7 124
0 259
0 658
0 682
1 903
0 1117
0 1760
0 1927
0 1776
0 1494
3 1406
28 1267
10 815
51 624
32 1251
15 1463
0 1943
0 1964
0 919
0 1074
0 254
0 491
0 243
0 345
0 109
0 40
0 2
0 9
0 2
0 2
0 0
0 0
0 0
0 0
0 12
0 0
0 0
0 0
0 6
0 15
0 0
0 0
0 0
0 0
0 0
0 0
0 0
0 0
0 0
0 0
0 0
0 0
0 0
0 0
0 0
0 0
0 0
0 0
0 0
0 0
0 0
0 0
0 0
0 0
0 0
0 0
0 0
0 0
0 0
0 4
3 0
0 0
0 0
0 0
0 0
0 1
0 0
0 0
0 0
0 0
0 0
0 0
0 0
0 0
0 0
0 0
0 0
0 0
0 0
0 0
0 0
0 0
0 0
0 0
0 0
0 0
0 0
3 0
0 0
0 0
0 0
0 0
0 0
0 0
95 0
175 0
241 0
280 0
161 0
101 0
21 0
6 0
2 0
69 0
109 0
112 0
48 0
27 0
10 0
0 0
0 0
0 0
0 0
0 0
0 0
1 0
0 0
0 0
0 0
0 0
0 0
0 0
0 0
2 0
0 0
0 0
0 0
0 0
0 0
0 0
0 0
0 5
0 9
0 7
0 1
0 0
0 0
0 0
0 0
0 0
0 0
0 0
0 0
0 0
0 0
0 0
0 0
0 0
0 0
0 0
0 0
0 3
0 0
0 0
0 0
0 0
0 0
0 0
0 0
0 0
0 0
0 0
0 0
0 0
0 0
0 2
0 0
0 0
0 0
0 0
0 0
0 0
0 0
0 0
0 0
0 2
0 0
0 0
0 5
0 0
0 0
0 0
0 0
0 0
0 0
0 0
0 0
0 0
0 0
0 0
0 0
0 0
0 0
0 0
0 0
0 0
0 0
0 0
0 2
0 0
0 0
0 7
0 0
0 0
0 0
0 0
0 1
0 0
0 0
0 0
0 0
0 0
0 0
0 0
0 3
0 12
0 0
0 66
0 260
0 455
0 444
0 236
0 172
0 264
0 380
0 494
0 405
0 332
0 87
0 5
0 61
0 38
0 0
0 0
0 0
0 0
0 1
0 3
0 5
0 0
0 0
0 0
0 1
0 0
0 0
0 0
0 0
0 0
0 0
0 0
0 0
0 0
0 0
0 0
0 0
0 0
0 0
0 0
0 0
0 21
0 29
0 1
0 8
0 16
0 35
0 16
0 13
0 35
0 20
0 32
0 131
1 111
0 121
0 142
0 6
0 0
0 0
0 21
0 0
0 0
0 0
0 0
0 0
0 0
0 0
0 0
0 0
15 154
51 654
3 978
0 1213
1 2032
5 2879
5 4019
2 4478
0 4546
1 3985
1 3225
0 2171
0 1723
0 1592
1 1770
0 1443
1 1821
3 1826
8 1788
7 1707
8 1722
0 1619
0 1196
0 1528
0 1233
2 637
0 556
4 484
77 460
29 324
50 417
33 374
71 347
122 440
110 487
85 439
73 377
62 385
6 412
3 416
0 589
0 697
0 826
0 980
0 1158
2 1390
2 1402
2 1667
31 1723
34 1212
20 998
4 1040
5 1211
12 1402
0 1569
1 1529
10 1781
3 2169
1 2541
16 2792
0 3127
1 3474
0 3521
1 3386
3 3518
21 3206
172 3342
244 3378
264 2650
272 1881
341 1495
1244 1302
1743 1043
1268 996
932 867
913 852
1214 747
1213 957
1183 1002
405 968
185 986
185 1064
312 1236
174 1401
391 1232
371 1023
741 863
623 811
605 764
887 759
2366 685
2719 576
2602 542
1529 682
1038 831
2077 944
2463 1080
2014 958
1553 889
2463 522
3069 527
2625 485
2117 407
1617 438
1456 618
2375 394
2938 168
3006 81
2786 274
2304 361
1819 413
1491 392
1465 336
1529 274
1882 255
2279 169
2601 32
2582 71
2214 105
2013 96
2266 60
2211 53
2178 88
2010 114
1859 106
1878 93
2217 123
1966 161
1181 203
468 99
216 76
139 93
194 98
145 66
113 51
182 8
515 2
758 0
542 161
370 341
457 382
611 263
348 149
195 17
228 112
190 118
325 102
333 91
153 56
112 8
500 0
612 6
451 0
622 17
284 2
263 0
262 0
293 6
488 13
625 0
826 12
1097 2
1503 13
1819 0
2219 0
2650 0
2567 0
2006 0
1347 0
1467 0
1619 0
2061 9
1930 0
591 3
372 5
31 2
18 8
52 5
177 14
186 0
250 18
52 3
12 3
35 0
26 9
7 9
14 11
26 34
25 18
47 11
31 0
42 0
75 0
82 0
64 0
64 19
61 0
60 17
35 85
4 108
6 149
0 191
0 295
4 299
0 250
0 234
0 327
0 434
0 375
0 224
0 75
0 0
0 0
0 5
0 5
0 28
0 41
0 12
0 2
0 3
0 14
0 111
0 124
0 48
0 0
0 63
0 149
0 101
1 10
0 0
0 55
0 83
0 71
0 58
0 62
0 48
0 89
0 94
0 28
0 18
0 18
0 39
0 4
0 28
0 31
0 64
0 84
0 72
0 126
0 180
0 253
0 297
0 322
2 283
0 128
0 10
0 12
0 48
0 136
0 218
0 252
0 223
0 238
0 267
0 250
0 191
0 134
0 88
0 72
0 53
0 14
0 0
0 70
0 0
6 0
0 3
20 33
57 116
78 132
48 132
110 98
39 38
17 25
8 32
8 11
2 5
7 2
5 0
38 0
75 0
87 1
187 0
166 0
237 0
331 0
309 0
151 0
38 0
4 0
0 0
2 0
14 0
107 0
128 0
0 0
0 0
58 0
50 0
48 0
98 0
378 0
902 0
1174 2
1517 10
1748 2
1761 4
1553 0
1189 0
1141 0
2185 0
2511 1
1854 3
1096 0
432 0
195 0
147 0
50 0
44 0
92 0
4 0
0 0
0 0
0 0
0 0
0 0
0 0
1 0
0 0
0 0
0 0
0 0
2 0
27 0
242 0
365 0
164 0
20 0
0 0
45 0
0 0
0 0
0 0
0 0
1 0
0 0
0 0
0 0
0 0
0 0
0 0
29 0
70 0
27 0
1 0
8 4
1 0
2 0
0 0
0 2
1 0
2 0
4 0
0 0
2 5
5 4
4 7
0 1
0 1
0 3
0 0
0 3
0 0
0 0
0 0
0 0
0 0
0 0
0 0
0 0
0 0
0 0
0 1
0 0
0 0
0 0
0 0
0 0
0 0
0 0
0 0
0 0
0 0
0 0
1 3
0 0
0 0
0 0
0 0
0 0
0 0
0 1
0 0
0 1
73 0
1 0
0 0
0 0
2 0
0 0
0 1
26 31
12 103
1 270
0 502
0 688
0 1041
0 1093
0 1086
0 918
0 695
0 489
0 326
0 177
0 104
0 64
0 53
0 47
0 31
0 31
0 35
0 23
0 0
0 0
0 11
0 59
24 58
153 38
137 15
78 7
0 0
1 10
0 4
0 33
0 40
5 23
201 21
400 2
666 1
832 3
1235 0
1612 0
1820 0
1892 0
1754 0
1678 1
1553 0
1451 1
1207 0
1162 0
1002 0
637 0
399 5
558 0
541 0
529 0
312 0
151 0
152 5
116 0
126 0
154 0
51 0
49 0
238 0
382 0
403 0
602 0
772 0
1044 0
973 0
814 0
711 0
890 0
1031 0
846 0
967 0
932 0
774 0
586 0
724 0
1463 3
2117 1
2007 2
2131 0
1991 0
1860 0
1833 1
1545 1
1572 0
2029 0
1989 2
1153 2
442 0
654 1
623 0
313 0
29 0
206 0
283 0
462 0
340 0
46 0
48 0
206 0
99 0
24 0
13 0
27 0
25 0
14 0
261 0
258 0
79 0
24 0
66 0
76 0
0 0
0 0
1 0
0 0
0 0
0 0
0 0
0 0
0 0
0 0
0 0
0 0
0 0
0 0
1 0
6 0
0 0
2 0
0 0
82 0
140 0
29 0
0 0
3 0
40 0
43 0
0 0
2 0
47 0
29 3
0 1
0 0
6 0
3 0
2 0
0 0
2 0
4 0
0 1
0 0
1 0
1 0
0 0
0 0
1 0
0 0
0 0
0 0
0 0
0 0
0 0
0 0
0 0
0 0
0 0
0 0
0 0
0 0
0 0
0 0
0 0
0 0
0 0
0 0
0 0
0 0
0 0
1 0
0 0
0 0
2 0
0 0
0 0
0 0
0 0
0 0
0 0
0 0
0 0
0 0
0 0
0 0
0 0
0 0
0 0
0 0
0 0
0 0
0 0
0 0
0 0
0 0
0 0
0 0
0 0
0 0
0 0
0 0
0 0
0 0
0 0
0 0
0 0
0 0
0 0
120 0
1 0
170 0
271 1
92 0
83 0
74 3
3 0
5 0
8 0
1 0
4 0
14 1
0 0
0 0
12 0
137 1
335 0
294 1
12 0
6 0
100 0
166 0
174 0
169 0
2 0
1 0
11 0
35 42
46 166
58 295
13 470
7 814
26 1382
101 2129
182 2276
137 2656
119 2436
31 2417
19 2212
5 1861
3 1858
9 1392
0 1209
13 1087
42 1043
73 823
30 739
10 585
2 779
2 547
1 370
1 335
0 463
0 470
0 570
0 817
1 868
0 783
0 631
0 486
0 268
1 98
3 46
138 163
146 244
15 304
0 234
0 220
28 188
90 181
87 189
12 209
16 169
41 184
21 194
11 211
6 255
7 143
4 125
11 122
14 74
17 160
37 217
59 245
150 288
219 291
75 223
40 135
98 85
234 58
334 136
411 307
489 404
643 396
678 322
743 269
523 175
116 66
76 80
385 96
678 64
974 69
916 18
790 14
96 0
194 5
149 13
16 17
1 8
0 19
0 33
2 44
0 4
0 6
0 9
10 6
0 17
14 2
5 0
2 0
16 0
3 3
16 0
1 13
0 0
0 0
0 0
0 23
0 29
0 6
0 0
0 0
15 0
5 0
0 0
10 0
168 0
267 0
425 0
498 0
301 0
176 0
19 0
84 0
367 0
401 0
348 0
259 0
86 0
6 0
1 0
0 0
0 0
0 0
0 0
0 0
0 0
0 0
0 0
0 0
0 0
13 0
11 0
14 0
2 0
0 0
10 0
80 0
183 0
198 0
63 0
39 0
10 0
3 0
13 0
2 0
19 9
17 0
21 2
30 0
35 0
33 0
0 0
2 0
22 0
4 0
4 4
0 4
3 0
6 5
23 5
2 2
0 0
3 0
4 0
11 0
0 0
10 0
0 0
3 0
27 0
33 0
15 0
18 0
62 0
53 0
41 0
60 0
62 0
69 0
61 0
96 0
13 0
0 0
0 0
0 0
0 0
0 0
6 0
56 0
187 0
745 0
1637 0
2364 0
3048 0
3335 1
3279 0
2865 0
2440 0
1968 0
1610 0
764 0
440 0
340 0
409 0
241 0
402 0
127 0
129 0
32 0
72 0
92 0
42 0
112 0
292 0
460 0
176 0
197 0
78 0
104 0
123 0
217 0
301 0
219 0
261 0
264 0
407 0
731 0
1410 0
1453 0
1095 0
1293 0
1165 0
893 0
404 0
385 0
471 0
555 0
497 0
504 0
507 0
390 0
592 0
980 0
1256 0
1556 0
1782 0
2140 0
2188 0
2080 0
1964 0
1982 0
1980 0
1801 0
1536 0
1240 0
989 0
154 0
209 0
131 0
472 0
726 0
791 0
835 0
827 0
986 0
1011 0
715 0
691 0
365 0
923 0
952 0
900 0
786 0
875 0
902 0
784 0
308 0
212 0
0 0
71 0
4 0
0 0
0 0
0 0
0 0
0 0
0 0
0 0
0 0
0 0
0 0
0 0
0 0
0 0
0 0
0 0
0 0
0 0
0 0
0 0
0 0
0 0
0 0
0 0
0 0
121 0
329 0
569 0
647 0
561 0
442 0
267 0
54 0
0 0
0 0
11 0
20 0
9 0
25 0
44 0
260 0
574 0
886 0
913 0
484 0
2 0
125 0
5 0
3 0
1 0
3 0
0 0
0 0
0 0
0 0
0 0
14 0
0 0
0 2
0 1
0 10
4 0
1 0
0 0
0 0
0 0
0 0
0 0
0 0
0 0
0 0
0 0
0 0
0 4
0 0
3 3
0 0
0 0
0 0
0 0
0 0
0 0
0 0
0 0
0 0
0 0
0 0
0 0
0 0
0 0
0 0
0 0
0 0
0 0
0 0
0 0
0 0
0 0
0 0
0 0
0 0
0 0
0 0
0 0
0 0
0 0
0 0
0 0
78 0
315 0
266 0
75 0
12 0
39 0
7 0
0 0
0 0
0 0
0 0
0 0
7 0
229 0
690 0
1144 0
1169 0
943 0
495 0
331 0
297 0
290 3
284 0
465 0
746 0
1102 0
1310 0
1456 0
987 0
916 0
905 0
1024 0
978 0
928 0
899 0
842 0
945 0
980 0
969 0
869 0
656 0
551 0
573 0
515 0
274 0
219 0
262 0
333 0
609 0
984 0
1467 0
1701 0
1000 0
916 0
1209 0
1240 0
1005 0
607 0
584 0
993 0
1000 0
888 0
636 0
562 0
726 0
892 0
1006 0
1290 0
1117 0
994 0
1018 0
991 2
775 0
679 0
921 0
1103 0
1067 0
1031 0
868 0
473 0
523 0
685 0
961 0
951 0
1048 0
1146 0
817 0
361 0
340 0
269 0
157 0
7 0
1 0
0 0
0 0
0 0
0 0
5 0
1 0
3 0
0 0
0 0
0 0
5 0
12 0
0 0
0 0
0 0
0 0
0 0
0 0
1 0
0 0
0 0
0 0
5 0
40 0
2 0
0 0
0 0
11 0
3 0
2 0
8 0
4 0
23 0
1 0
0 0
0 0
0 0
0 0
0 0
0 3
0 9
0 0
0 0
0 0
0 0
0 0
7 0
0 0
0 0
2 0
0 0
0 0
0 0
0 0
0 0
0 0
0 0
0 0
0 0
0 0
0 0
1 0
0 0
0 0
0 0
0 0
0 0
0 0
0 0
0 0
2 0
0 0
113 0
346 0
646 0
952 0
1313 0
1348 0
817 0
775 0
1120 0
927 0
709 0
814 0
899 0
1024 0
894 0
480 0
921 0
1140 0
1244 0
1318 0
1298 0
1045 0
702 0
641 0
656 0
881 0
1179 0
1020 0
274 0
73 0
17 0
19 0
21 0
49 0
41 0
33 0
25 0
0 0
3 0
7 0
1 0
6 0
7 0
4 0
0 0
0 0
0 0
0 0
0 0
0 0
0 0
0 0
0 0
0 0
0 0
19 0
5 0
47 0
186 0
215 0
158 0
110 0
28 0
189 0
536 0
795 0
1098 0
833 0
698 0
815 0
717 0
449 0
394 0
670 0
1039 0
1177 0
1111 0
989 0
553 0
280 0
909 0
1423 0
1796 0
1590 0
1224 0
1125 0
1591 0
1766 0
1277 0
1091 0
1051 0
1695 0
1326 0
777 0
1291 0
1647 0
1678 0
1395 0
848 0
480 0
303 0
788 0
1240 0
1107 0
417 0
67 0
35 0
14 0
10 0
12 0
0 0
10 0
0 0
0 0
0 0
37 0
33 0
0 0
0 0
0 0
4 0
9 0
178 0
276 0
450 0
839 0
846 0
652 0
400 0
307 0
157 0
16 0
18 0
67 0
21 0
0 0
0 0
241 0
565 0
850 0
858 0
815 0
682 0
453 0
155 0
26 0
0 0
0 0
0 0
0 0
0 0
0 0
1 0
0 0
0 0
0 0
0 0
0 0
0 0
0 0
0 0
0 0
0 0
0 0
0 0
0 0
40 0
10 0
14 2
270 0
669 0
1114 0
1423 0
1302 0
975 0
993 0
1001 0
776 0
1160 0
786 0
761 0
783 0
834 0
843 0
818 0
862 1
814 0
519 1
478 0
612 0
751 0
694 0
586 0
430 0
285 0
99 0
2 0
43 0
0 0
50 0
68 0
147 0
206 0
104 0
0 0
27 0
58 0
36 0
234 0
528 0
831 0
1073 0
814 0
550 0
506 0
692 0
1140 0
1026 0
845 0
823 0
856 0
927 0
844 0
1258 0
2037 0
2247 0
1764 0
1787 0
1396 0
1244 0
1418 0
1442 0
1341 0
987 0
967 0
1053 0
956 0
491 0
311 0
202 0
286 0
288 0
366 0
483 0
472 0
524 0
338 0
286 0
283 0
189 0
166 0
209 0
253 0
135 0
126 0
130 0
210 0
312 0
275 0
98 0
0 0
93 0
399 0
763 0
811 0
734 0
766 0
435 0
605 0
1161 0
1601 0
1782 0
2100 0
2118 0
2128 0
2138 0
2002 0
1680 0
1396 0
1439 0
1730 0
2129 0
2086 0
1886 0
1915 0
1387 0
1150 2
1104 0
1382 2
1115 0
767 0
646 0
864 0
968 0
1068 0
1031 0
1031 0
655 0
81 0
347 0
1307 1
1445 2
2631 2
2880 1
2731 2
2028 1
1156 0
1015 0
1144 0
1012 0
621 0
504 0
363 0
522 0
553 0
286 0
155 0
284 0
424 0
250 0
356 0
374 0
174 0
146 0
168 0
282 0
368 0
616 0
505 0
650 0
460 0
359 0
367 0
436 0
470 0
515 0
450 0
454 0
448 0
261 0
203 0
118 0
141 0
141 0
297 0
632 0
986 0
1156 0
1159 0
1124 0
1317 0
1495 0
1603 0
1425 0
1174 0
850 0
690 0
561 0
347 0
368 0
704 0
1360 0
1777 5
1782 3
2117 0
2480 0
2885 0
3734 0
3884 0
3360 0
2828 0
1934 0
1447 0
1111 0
742 0
391 0
344 0
796 0
1324 0
1823 0
2033 0
1863 0
924 0
1800 0
1963 0
1299 0
846 0
1219 0
1075 0
1045 0
1298 0
1256 0
1459 0
1660 0
511 0
350 0
127 0
118 0
29 0
0 0
0 0
0 0
0 0
0 0
0 0
0 0
0 0
3 0
1 0
0 0
0 0
0 0
0 0
0 0
0 0
0 0
0 0
0 0
0 0
0 0
0 0
0 0
0 0
0 0
0 0
0 0
0 0
0 0
0 0
0 0
0 0
142 0
957 0
1704 0
2364 0
2484 0
2457 0
1688 0
1797 0
2622 0
2599 0
1688 1
1707 0
2531 0
2189 0
1624 0
1734 0
2140 0
2485 0
2540 0
1932 0
1381 0
1253 0
1319 0
595 0
393 0
264 0
195 0
63 0
63 0
10 0
0 0
116 0
499 0
1044 0
1041 0
629 0
469 0
410 0
579 0
398 0
573 0
477 0
781 0
980 0
849 0
63 0
1112 0
1191 0
790 0
511 0
413 0
439 0
151 0
176 0
73 0
6 0
23 0
11 0
17 0
1 0
15 0
73 0
121 0
230 0
123 0
55 0
8 0
0 0
141 0
280 0
464 0
625 0
621 0
669 0
817 0
784 0
977 0
985 0
1319 0
1444 0
1155 0
831 0
466 0
640 0
922 0
1504 0
1595 2
1165 0
641 0
937 0
1349 0
1430 0
1236 0
1254 0
1777 0
1742 0
1225 0
1050 0
1106 0
1139 0
1093 0
587 0
45 0
161 0
601 0
846 0
628 0
797 0
891 0
867 0
754 0
665 0
546 0
288 0
278 0
488 0
901 0
1129 0
1403 0
1354 0
1365 0
946 0
540 0
443 0
246 0
452 0
15 0
3 0
2 0
2 0
0 0
1 0
0 0
0 0
7 0
20 0
59 0
32 0
1 0
10 0
4 0
0 0
0 0
0 0
10 0
32 0
113 0
272 0
505 0
723 0
733 0
508 0
176 0
18 0
118 0
167 0
142 0
47 0
1 0
24 0
31 0
0 0
64 0
73 0
81 0
182 0
294 0
257 0
106 0
41 0
58 0
6 0
35 0
246 0
665 0
1208 0
1420 0
1243 0
430 0
46 0
127 0
136 0
212 0
409 2
725 0
916 1
1030 0
984 0
749 0
368 0
168 0
0 0
29 0
87 0
26 0
13 0
8 0
0 0
0 0
0 0
0 0
0 0
0 0
0 0
3 0
0 0
0 0
0 0
0 0
0 0
0 0
0 0
0 0
0 0
0 0
0 0
0 0
0 0
13 0
0 0
0 0
0 0
0 0
0 0
0 0
0 0
0 0
4 0
0 0
0 0
0 0
0 0
51 0
443 0
894 0
1164 0
1370 0
1252 0
971 0
1054 0
1128 0
2107 0
2648 0
3286 0
3348 1
3102 0
2489 0
1382 0
971 0
995 0
853 0
543 0
521 0
868 0
432 0
231 0
70 0
203 0
151 0
423 0
671 0
792 0
716 0
742 0
788 0
703 0
399 0
384 0
592 0
941 0
1508 0
1415 0
1282 0
1160 2
594 0
301 0
194 0
153 0
91 0
88 0
90 0
4 0
0 0
117 0
614 0
897 0
974 0
626 0
47 0
5 0
6 0
7 0
15 0
9 0
0 0
0 0
0 0
0 0
0 0
0 0
0 0
0 0
0 0
0 0
0 0
0 0
0 0
0 0
0 0
0 0
0 0
0 0
0 0
0 0
0 0
0 0
0 0
0 0
0 0
158 0
590 0
844 0
995 0
1208 0
1061 0
936 0
465 0
45 0
712 0
1077 0
1092 0
975 0
735 0
180 0
246 0
4 0
166 0
3 0
68 0
9 0
0 0
0 0
0 0
0 0
0 0
0 0
1 0
0 0
0 0
0 0
0 0
0 0
0 0
0 0
0 0
0 0
0 0
0 0
0 0
2 0
0 0
2 0
2 0
24 0
32 0
8 0
2 0
0 0
0 0
1 0
0 0
0 0
0 0
0 0
0 0
0 0
2 0
0 0
0 0
0 0
0 0
0 0
0 0
0 0
0 0
0 0
0 0
0 0
0 0
0 0
0 0
0 0
0 0
0 0
0 0
0 0
0 0
0 0
0 0
0 0
0 0
0 0
0 0
0 0
0 1
0 0
0 1
0 1
0 1
0 9
0 4
0 3
0 1
0 0
0 0
0 0
0 0
0 0
0 0
0 0
0 0
0 0
0 0
0 0
0 0
0 0
0 0
0 0
0 0
0 0
0 0
0 0
0 0
0 0
0 0
0 0
0 0
0 0
1 0
0 0
0 0
0 0
0 0
0 0
0 0
0 0
3 0
0 0
0 0
0 0
0 0
0 0
0 0
0 0
0 0
0 0
0 0
0 0
0 0
1 0
0 0
0 0
0 0
4 0
23 0
148 0
262 0
315 0
541 0
684 0
809 0
670 0
466 0
312 0
206 0
397 0
536 0
945 0
1180 0
1818 0
2198 0
2491 0
2392 0
2181 0
2399 0
2430 0
2243 0
1923 0
1485 0
1284 0
1189 0
1541 0
1418 0
904 0
1609 0
2230 0
2049 0
1094 0
1174 0
1028 0
959 0
1213 0
1333 0
1443 0
1433 0
1058 0
555 0
980 0
1003 0
1424 0
1434 0
1457 0
1335 0
604 0
468 0
1109 0
1410 0
904 0
263 0
298 0
249 0
216 0
154 0
315 0
884 0
2009 0
2411 0
3219 3
3766 5
4154 4
3721 9
3561 16
2703 13
1498 6
1609 1
1792 0
1848 0
2349 4
2184 0
1677 3
1233 7
1350 12
1992 8
2637 1
2854 0
2453 0
1686 0
384 2
1322 2
1848 3
2056 2
1978 0
2458 2
2555 2
2287 2
1900 3
1399 3
1154 0
640 0
403 0
425 0
441 0
236 0
43 0
7 0
1 0
69 0
29 0
112 0
269 0
649 0
1265 0
1369 0
1573 0
1139 0
642 0
841 0
958 0
1019 0
1202 0
1160 0
1040 0
622 0
475 0
294 0
589 0
112 0
42 0
1 0
0 0
6 0
0 0
0 0
0 0
0 0
0 0
0 0
0 0
0 0
0 0
0 0
0 0
0 0
0 0
0 0
0 0
0 0
0 0
0 0
0 0
0 0
0 0
0 0
0 0
0 0
0 0
6 0
12 0
12 0
0 0
0 0
1 0
0 0
0 0
0 0
0 0
0 0
0 0
0 0
0 0
0 0
0 0
0 0
0 0
0 0
0 0
0 0
0 0
0 0
0 0
0 0
0 0
170 0
583 0
1249 0
1505 0
1538 1
1188 0
962 0
1269 0
1103 0
782 0
1072 0
1472 0
1606 2
1180 0
1047 0
1005 0
771 0
568 0
320 0
392 0
311 0
385 0
644 0
998 0
1286 0
574 0
247 0
24 0
40 0
4 0
1 0
0 0
0 0
0 0
0 0
0 0
0 0
0 0
0 0
0 0
0 0
0 0
0 0
0 0
11 0
153 0
513 0
904 0
1128 0
917 0
913 0
1136 0
1212 0
1397 0
1488 0
1118 0
843 0
460 0
934 0
1024 0
781 0
192 0
514 0
853 0
1077 0
1060 0
877 0
784 0
681 0
669 0
618 0
461 0
344 0
273 0
4 0
15 0
132 0
71 0
31 0
110 0
15 0
3 0
0 0
0 0
0 0
4 0
0 0
0 0
0 0
0 0
0 0
0 0
0 0
0 0
0 0
0 0
0 0
0 0
0 0
0 0
0 0
0 0
0 0
0 0
0 0
0 0
0 0
1 0
2 0
0 0
0 0
0 0
0 0
2 0
12 0
47 0
21 0
150 0
496 0
807 0
1086 0
1470 3
1941 3
2490 5
2432 1
1524 0
992 0
981 0
1334 2
2408 2
2925 2
2658 0
2011 1
687 1
596 0
345 0
159 0
134 0
95 0
5 0
9 0
10 0
31 0
7 0
0 0
0 0
0 0
0 0
0 0
0 0
0 0
0 0
0 0
0 0
3 0
0 0
0 0
0 0
1 0
0 0
0 0
1 0
45 0
158 0
562 0
1068 0
1538 0
1301 0
1023 0
1097 0
1587 0
1877 0
1240 0
727 0
1194 0
1572 0
1362 0
1256 0
1359 0
1422 0
1050 0
1079 0
1124 0
1330 0
916 0
418 0
417 0
344 0
389 0
966 0
1301 0
1375 0
1114 0
1031 3
1323 7
2281 8
2407 6
2115 3
960 1
139 0
217 0
722 0
1661 3
2287 3
1795 4
765 0
327 0
486 0
607 0
965 0
1135 0
1179 0
984 0
486 0
173 0
457 0
283 0
166 0
636 0
805 0
815 0
706 0
459 0
233 0
19 0
60 0
129 0
113 0
5 0
77 0
308 0
976 0
1035 0
1391 0
1603 0
1629 0
1433 0
1061 0
233 0
29 0
186 0
911 0
2117 0
2593 0
2561 0
2500 3
2542 3
1890 2
1961 0
1958 0
1947 1
2258 0
1985 0
1452 0
1259 2
1732 0
1509 0
1002 0
909 0
1103 0
521 0
662 0
633 0
288 0
460 0
739 0
861 0
873 0
900 0
741 0
696 0
851 0
1002 0
1068 0
786 0
202 0
115 0
344 0
283 0
242 0
140 0
179 0
340 0
487 0
409 0
231 0
3 0
12 0
88 0
352 0
718 0
779 0
1217 0
1669 0
1837 0
1578 0
585 0
854 0
966 0
1300 0
1509 0
1263 0
1236 0
723 0
676 0
889 0
1431 0
1880 0
2052 0
1390 0
669 0
434 0
82 0
353 0
55 0
7 0
1 0
0 0
0 0
0 0
0 0
0 0
0 0
0 0
0 0
0 0
0 0
0 0
5 0
16 0
0 0
0 0
0 0
0 0
0 0
17 0
4 0
18 0
75 0
147 0
80 0
6 0
58 0
83 0
12 0
0 0
0 0
1 0
0 0
0 0
0 0
0 0
2 0
2 0
0 0
0 0
0 0
0 0
0 0
0 0
0 0
0 0
0 0
8 0
0 0
4 0
16 0
8 0
0 0
11 0
0 0
3 0
16 0
4 0
0 0
0 0
0 0
0 0
0 0
0 0
0 0
0 0
0 0
0 0
0 0
0 1
0 0
0 3
0 0
0 0
0 2
0 0
0 0
0 0
0 0
0 0
0 0
0 0
1 0
2 0
0 0
1 0
12 0
97 0
54 0
0 0
12 0
54 0
156 0
149 0
168 0
99 0
64 0
69 0
130 0
64 0
26 0
0 0
6 0
22 0
1 0
1 0
36 0
278 0
716 0
1103 0
1529 0
1270 0
483 0
907 0
1073 0
841 0
630 0
567 0
520 0
505 0
474 0
440 0
653 0
744 0
540 0
429 0
132 0
28 0
55 0
51 0
26 0
18 0
255 0
376 0
373 0
206 0
51 0
18 0
64 0
50 0
181 0
212 0
124 0
82 0
94 0
53 0
33 0
6 1
6 0
92 0
145 0
166 0
146 0
89 0
17 0
0 0
0 0
27 0
67 0
346 0
733 0
1140 0
885 0
1311 0
1664 0
1305 0
1389 0
1338 0
1192 0
1203 5
1728 4
1900 0
1735 0
1229 0
1339 0
1198 0
1389 0
973 0
583 0
198 8
114 17
11 0
2 0
7 0
63 0
12 0
1 0
161 0
177 0
10 0
0 1
0 0
11 0
42 0
79 0
17 0
0 0
0 0
20 0
4 0
0 0
0 0
0 0
22 0
21 5
2 0
0 8
0 4
4 13
0 12
0 13
0 27
0 41
7 44
11 40
0 24
0 2
0 0
1 0
0 0
0 0
0 0
0 0
0 0
5 0
0 0
0 0
0 0
0 0
0 0
0 0
0 0
0 0
0 0
0 0
14 0
0 0
54 0
51 0
35 0
41 0
50 0
25 0
2 0
0 0
0 0
13 0
36 0
50 0
121 0
155 0
96 0
9 0
4 0
29 0
33 0
0 0
0 0
9 0
0 0
0 0
0 0
0 0
0 0
0 0
0 0
5 0
0 0
0 0
0 0
0 0
0 0
3 0
0 0
0 0
0 0
0 0
0 0
0 0
0 0
0 0
0 0
0 0
0 0
2 0
7 0
0 0
0 0
0 0
0 0
0 0
0 0
0 0
0 0
0 0
0 0
0 0
0 0
0 0
0 0
0 0
0 0
0 0
0 0
0 4
0 85
0 184
0 198
0 213
0 270
0 324
0 392
0 462
0 356
0 326
0 426
0 556
0 528
0 534
3 545
9 650
0 599
5 582
13 364
1 310
20 219
0 290
0 291
0 295
0 317
0 287
0 206
0 80
0 119
0 80
0 89
0 97
0 49
9 84
0 9
0 0
0 0
0 0
0 0
0 0
0 0
0 12
0 34
0 41
0 4
0 0
0 3
0 0
0 0
0 0
0 0
0 0
22 0
196 0
12 0
21 0
173 0
290 0
313 0
173 0
12 0
18 66
17 141
8 164
11 68
37 13
1 3
59 6
33 27
23 18
7 69
13 60
1 130
43 147
4 140
0 146
0 79
1 50
0 25
0 35
10 64
10 163
27 239
27 278
18 263
3 153
6 101
3 106
3 73
1 66
0 63
0 74
0 49
0 87
0 78
0 45
0 95
3 104
0 130
0 127
1 98
0 35
1 50
0 27
0 55
0 66
0 77
0 116
0 134
0 131
0 130
0 179
0 249
0 282
0 390
0 272
9 299
0 148
20 56
0 16
0 11
0 1
5 9
0 4
0 13
0 17
0 7
0 16
0 55
0 83
0 168
0 207
0 338
0 500
0 653
0 717
0 721
0 767
0 689
0 594
0 264
0 373
0 510
0 811
0 921
0 807
0 660
0 383
0 33
13 24
36 36
36 321
21 592
4 608
0 504
0 138
0 206
0 98
0 115
0 258
0 466
0 444
0 268
0 114
0 32
0 89
0 335
0 453
0 191
0 76
0 24
0 73
0 90
0 115
0 207
0 256
0 235
0 130
0 116
0 85
0 25
0 34
0 100
0 81
0 148
3 235
0 177
0 77
0 52
0 29
0 7
0 0
0 0
0 0
0 0
0 0
0 1
0 0
0 8
0 20
0 2
0 0
0 0
0 0
0 2
0 0
0 0
0 2
0 33
0 0
0 0
0 0
0 0
0 9
0 89
0 143
0 223
7 269
18 213
33 38
8 3
0 97
0 103
38 0
32 4
6 98
0 187
0 197
0 251
0 219
0 97
1 120
0 75
9 147
12 232
23 271
5 344
10 418
4 241
0 277
0 299
0 76
0 207
32 358
38 365
45 97
0 165
0 132
0 228
3 159
11 101
9 121
9 82
0 79
0 75
0 51
11 37
11 80
0 116
0 137
0 88
0 75
0 77
0 203
0 145
0 81
0 19
2 18
82 11
170 0
84 0
136 0
65 0
1 0
9 0
0 0
1 0
3 0
37 0
84 0
17 0
0 0
0 0
7 0
0 0
5 0
0 0
30 0
13 0
0 0
0 0
0 0
0 0
0 0
0 0
0 0
0 0
0 0
0 0
0 0
0 0
0 0
0 0
0 0
0 0
0 0
0 0
0 0
0 0
0 0
0 0
8 0
207 0
519 0
987 0
1050 0
1016 0
1551 2
1621 1
1762 14
1831 2
1544 10
1163 16
921 9
748 11
289 4
139 1
102 1
106 0
86 0
14 0
0 0
0 0
0 0
0 0
0 0
0 0
0 0
27 0
102 0
93 0
60 0
4 0
0 0
0 0
17 0
50 0
52 0
54 0
0 0
0 0
0 0
0 0
13 0
20 0
15 0
30 0
23 0
28 0
6 0
25 0
26 0
116 0
363 2
630 6
766 10
737 14
981 16
1136 8
1038 16
1173 2
1274 0
1226 0
1403 0
1195 0
1020 0
954 0
747 0
262 0
141 0
273 0
262 0
102 0
198 0
77 0
152 0
79 0
1 0
0 0
2 0
0 0
0 0
0 0
0 0
0 0
0 0
0 0
0 0
0 0
0 0
134 0
289 0
655 0
896 0
763 0
518 0
812 0
1173 0
1164 0
850 0
1460 0
1767 0
1429 0
1176 0
798 0
1015 0
710 0
1122 0
1599 0
1633 0
1543 0
1325 0
1034 0
956 0
674 0
1219 0
1302 0
1077 0
1007 0
809 0
993 0
1142 0
1073 0
897 10
549 0
542 7
240 3
162 4
77 0
2 0
0 0
2 0
0 0
0 0
0 0
3 0
173 0
530 0
992 0
1215 2
810 0
111 0
160 0
106 0
10 0
5 0
56 0
143 0
635 0
998 0
1049 0
358 0
96 0
21 0
25 0
4 0
0 0
0 1
59 4
23 8
0 0
0 0
0 0
0 0
4 0
59 0
43 0
5 0
0 0
0 0
0 0
25 0
36 0
181 0
350 0
688 0
817 0
892 0
849 0
913 0
423 0
113 0
104 0
43 0
31 0
6 0
80 0
65 0
1 31
0 386
0 565
0 633
4 765
0 773
0 859
0 993
0 1145
0 1033
3 826
0 659
0 560
0 325
0 143
15 18
11 2
0 0
0 0
0 24
0 1
0 0
1 0
2 0
0 0
0 0
0 0
0 365
0 544
0 531
0 421
0 331
0 344
0 443
0 790
0 807
0 1000
0 988
19 742
22 521
19 225
0 45
0 73
0 101
0 199
6 315
0 269
0 90
0 0
6 0
32 0
22 0
1 3
0 0
0 0
0 0
0 0
21 2
13 0
0 0
0 0
0 0
0 0
1 0
2 1
0 24
0 14
7 37
46 43
96 35
18 8
12 0
4 0
5 0
0 0
0 0
0 0
0 0
0 0
0 0
0 0
282 0
887 3
1657 3
1715 14
1320 0
223 0
198 0
1447 2
2055 4
1839 2
1718 0
1631 0
1267 0
1336 2
1196 22
1034 12
668 3
397 0
492 0
768 0
1058 0
1611 1
1683 2
1170 0
400 0
245 0
132 0
293 0
1023 0
1622 0
1660 0
1523 0
1321 0
1781 0
1462 0
1314 0
917 0
1130 0
1159 0
1171 0
935 0
665 0
463 0
448 0
414 0
194 0
108 0
39 0
19 0
14 0
4 0
12 0
2 29
5 296
253 659
860 867
1423 1016
1681 738
1442 674
1126 700
1451 834
1501 659
963 866
1015 764
988 428
977 132
974 146
1262 41
1029 80
930 84
884 8
984 0
640 37
424 6
180 3
69 20
99 0
129 0
225 18
358 2
455 0
672 0
677 0
457 0
277 0
77 0
18 0
5 0
1 0
0 0
0 1
3 0
0 0
0 0
3 0
0 0
0 0
0 0
0 0
23 0
12 0
2 0
2 0
2 0
15 0
4 0
24 0
73 0
84 0
248 0
462 0
470 0
955 0
1496 0
1307 0
523 0
816 0
892 0
807 0
923 0
1131 0
1339 0
1359 0
422 6
783 10
1006 0
741 0
235 0
70 0
34 0
0 0
13 0
12 0
2 0
5 0
0 0
0 0
0 0
0 0
0 0
0 0
0 0
0 0
0 0
0 0
0 0
16 0
64 0
6 0
0 0
0 0
0 0
3 0
0 0
1 0
234 0
506 0
1013 0
1257 0
1584 0
1558 0
1698 2
1938 0
2124 0
1837 0
1726 0
1793 0
1664 0
1527 0
1190 0
1091 0
1284 0
1002 0
1195 0
1257 0
1719 0
1626 0
1399 0
1295 0
1390 0
988 0
847 0
943 0
1231 0
1032 0
525 0
563 0
395 0
232 0
44 0
3 0
1 0
12 0
0 0
0 0
0 0
0 0
0 0
0 0
0 0
0 0
0 0
0 0
57 0
404 0
1017 0
1200 0
627 0
293 0
53 0
67 0
113 0
75 0
257 0
311 0
159 0
303 0
314 0
38 0
32 0
60 0
12 0
1 0
112 0
114 0
99 0
645 0
798 0
749 0
1035 1
2013 3
1965 0
2198 1
2231 0
1486 0
1155 0
657 0
1017 0
1449 0
2247 0
2254 0
1842 3
1780 3
813 0
425 0
1179 0
1964 2
2403 2
2196 0
2012 0
1248 0
992 0
969 0
503 0
20 0
151 0
377 0
646 0
874 0
905 0
730 0
299 0
9 0
136 0
318 0
623 0
818 0
865 0
697 0
491 0
584 0
699 0
802 0
914 0
920 0
895 0
492 0
163 0
159 0
307 0
150 0
176 0
157 0
45 3
13 3
0 0
3 0
0 0
0 0
2 0
0 0
2 0
0 0
1 0
0 0
0 0
1 0
2 0
0 0
5 0
2 0
0 0
0 0
0 0
35 0
259 0
703 0
1173 0
1456 0
1537 0
1623 0
2136 0
1960 0
1223 0
1461 0
1305 0
1555 0
1720 0
1514 1
1294 0
2100 0
2693 0
2775 0
2317 0
2406 0
1824 0
1261 0
1152 0
1016 0
732 0
741 0
742 0
741 0
637 0
293 0
203 0
399 0
604 0
246 0
377 0
637 0
475 0
629 0
389 0
181 0
102 0
96 0
68 0
102 0
214 0
227 0
423 1
515 0
600 0
838 0
626 0
711 0
688 0
734 0
1036 0
1359 0
1934 0
2181 1
2197 1
2735 0
3087 0
2844 0
2894 0
3199 0
2262 1
2163 0
2751 0
2926 1
2879 2
2520 1
1795 0
1756 0
2412 2
2739 2
3385 3
2787 1
2418 0
1837 0
2311 0
2477 0
2499 0
2179 1
1531 0
1403 0
1390 0
1348 0
1167 0
812 1
509 0
179 0
56 0
169 1
443 1
612 0
844 0
1699 0
1942 0
1997 0
1792 0
1413 0
1000 0
804 10
641 9
515 0
466 6
663 34
877 39
1181 75
1689 52
1723 39
1755 13
1453 1
1346 33
1351 89
935 40
1491 0
1911 0
2317 0
2347 0
2374 0
1958 0
1302 0
538 0
600 0
860 0
830 0
1130 0
1211 0
1079 0
1208 0
557 0
454 0
368 0
202 0
8 1
1 0
8 0
0 0
0 0
0 0
0 0
0 0
0 0
0 0
0 0
20 0
144 0
298 0
1047 0
1237 0
1327 0
1732 0
1396 0
774 0
614 0
18 0
489 0
1307 0
1806 0
1697 0
1195 0
569 0
972 2
915 0
475 0
589 0
699 0
670 0
417 0
128 0
445 0
230 0
165 0
358 0
519 0
509 0
325 0
280 0
663 0
1206 0
1425 0
1479 0
1485 0
1213 0
1228 0
1430 0
1048 0
1089 0
1624 0
1786 0
1658 0
1598 1
1308 2
1014 0
838 0
660 0
543 0
715 0
965 0
1307 1
669 0
363 8
155 17
1 7
33 0
0 0
0 0
0 0
0 0
0 0
6 0
286 0
1309 2
2497 8
2523 7
2199 3
1329 3
306 0
588 0
1687 0
2237 7
2442 7
1745 2
563 0
551 0
476 0
773 1
1398 0
1195 0
1095 0
1318 0
945 0
707 0
430 0
639 0
1019 0
1506 0
1958 0
2031 1
699 0
721 0
521 0
730 0
53 0
140 0
37 0
13 0
36 0
8 0
17 0
45 0
133 0
321 0
203 0
19 0
2 0
39 0
94 0
675 0
936 0
860 0
760 0
561 0
535 0
495 0
587 0
722 0
768 0
1074 0
659 0
596 0
332 0
441 0
217 0
568 0
84 0
44 0
113 0
315 0
204 0
30 0
34 0
61 0
80 0
17 0
2 0
89 0
108 0
58 0
23 0
321 0
842 0
1460 0
1798 0
1534 0
938 0
1205 0
1131 0
916 0
634 0
442 0
330 0
625 0
918 1
1220 0
1250 0
1354 0
1424 0
612 0
259 0
38 0
138 0
4 0
0 0
0 0
0 0
0 0
0 0
0 0
0 0
0 0
0 0
0 0
0 0
0 0
0 0
0 0
0 0
1 0
0 0
3 0
0 0
0 0
0 0
0 0
0 0
0 0
0 0
0 0
0 0
0 0
0 0
0 0
0 0
0 0
0 0
0 0
181 0
559 0
771 0
1249 0
1020 0
497 0
103 0
285 0
563 0
717 0
440 0
504 0
1076 0
1120 0
881 0
603 0
524 0
412 0
637 0
795 0
697 0
494 0
408 0
458 0
650 0
1127 0
1488 0
1644 0
940 0
819 0
798 0
690 0
494 0
321 6
125 9
29 1
15 9
11 6
0 19
1 83
3 237
3 501
4 662
4 776
2 969
2 990
8 1001
285 1037
742 1080
1340 1196
1658 1366
1372 1459
1524 1326
1474 1135
1621 940
1457 703
1174 511
900 414
928 237
1505 180
2042 128
2338 119
1644 207
1465 332
1244 374
1182 501
2498 694
2354 859
1154 1068
1833 1177
2975 1129
1950 958
1378 847
2272 787
3305 780
2917 723
2241 634
2393 599
2144 544
2169 477
1660 284
1062 315
424 634
586 861
773 1095
358 1192
41 1125
32 865
67 824
97 775
54 726
0 500
0 396
0 488
0 580
0 633
6 683
9 647
80 528
130 299
141 136
184 209
306 323
307 224
389 118
284 20
134 4
9 0
75 0
170 0
317 0
580 0
689 0
498 0
298 47
729 51
946 154
1037 185
747 419
711 645
1111 839
1241 930
761 909
155 842
231 840
172 845
165 754
9 715
0 731
10 834
0 770
0 552
0 575
0 801
0 548
0 445
85 350
93 298
13 172
8 60
30 36
80 157
82 468
56 745
26 820
5 910
1 815
1 781
0 971
2 1144
2 1257
1 1312
18 1284
0 1106
2 888
0 677
2 420
0 290
2 120
0 137
0 115
0 92
0 184
0 951
0 1735
0 2400
0 2665
0 2133
0 1374
0 2019
0 1966
0 1104
0 1448
0 1585
0 1693
0 1556
0 979
0 229
0 572
0 1057
0 936
0 1568
0 1641
0 1202
0 767
0 908
0 483
0 6
0 288
0 335
0 180
0 0
0 5
0 0
0 0
0 0
0 0
0 0
0 0
0 0
0 0
0 0
0 0
0 0
0 0
0 0
0 0
0 0
0 0
0 0
0 0
0 0
0 0
0 0
0 2
0 3
0 80
0 8
0 0
0 0
0 0
2 0
30 0
16 0
47 0
9 0
2 0
5 0
0 0
0 0
0 0
0 0
0 0
0 0
0 0
0 0
0 0
0 0
80 0
722 2
1540 0
2127 0
3329 3
3948 2
4224 4
4284 3
3670 25
2561 34
1968 38
1861 28
1827 23
1742 18
1738 16
1642 11
1447 13
1127 33
845 27
643 6
377 16
151 10
83 38
85 370
104 955
111 1551
59 1823
23 1946
31 1983
49 2117
36 2216
44 2258
0 2315
0 2399
3 2616
4 2802
13 3261
0 3313
12 3244
24 2655
21 2338
55 2668
43 3017
12 2936
24 2705
53 2678
108 2663
78 2589
109 2547
60 2249
39 1776
198 1326
430 1094
599 905
737 720
1003 615
1445 487
1592 249
1537 170
1379 235
669 27
1643 162
1690 276
1459 345
1484 396
1249 398
1349 306
1697 16
1676 37
1604 15
1696 18
1926 120
2275 196
2436 258
2485 124
2308 89
2316 134
2277 43
2286 21
2036 86
2469 158
3331 123
3333 9
2882 5
2521 95
2225 52
1850 94
1869 129
2391 66
2859 9
2537 140
2382 26
3654 58
3652 50
3329 56
2630 0
2034 2
2557 0
2546 18
2716 6
3092 64
3773 65
3524 110
2922 117
2599 59
3115 12
2880 2
2315 25
2274 13
1983 31
2393 60
2849 3
3034 0
3478 1
3293 43
2850 7
2537 152
2591 559
2022 874
1810 1340
1517 1794
1817 2271
1827 2621
1813 2841
2027 3120
1853 3277
1755 3138
1073 2954
586 2953
436 2817
325 2629
437 2549
571 2658
642 2922
650 2600
475 2109
320 1788
481 1734
509 1554
602 1378
558 1287
623 1291
558 1221
415 1047
515 958
650 1032
923 1095
802 1149
915 1053
1556 698
2086 574
2532 474
3113 234
3421 36
2989 36
2379 51
2081 265
1488 317
1858 397
2106 478
1781 482
2233 474
2168 436
1933 525
1575 504
1354 399
1288 200
1051 328
908 303
1034 227
1239 27
1400 156
1710 137
1637 6
1312 97
1083 49
1360 36
1550 65
1706 82
1769 98
2008 63
2160 13
2032 12
1116 2
908 0
310 0
102 0
25 0
213 0
150 0
0 1
0 3
4 0
1 0
19 14
33 38
63 29
8 12
648 20
1463 19
2075 36
1630 21
1488 11
2117 34
1829 21
694 57
1128 15
1642 0
2005 3
1646 24
1185 37
1030 17
691 3
216 4
193 6
165 0
761 4
1448 5
1619 1
1677 8
1419 4
1976 8
1826 5
1551 16
1154 0
1226 0
1547 0
1861 4
1761 2
1627 11
1286 8
1185 1
598 0
584 0
680 4
626 1
722 0
939 0
901 26
645 32
106 63
56 81
203 35
626 63
880 51
1276 2
892 2
211 2
246 12
50 36
12 84
2 141
0 202
1 237
11 240
21 227
51 86
127 14
284 33
116 124
142 53
185 52
142 28
53 80
61 148
7 135
4 122
11 104
7 33
2 50
25 3
31 8
0 17
0 38
0 47
0 77
0 91
0 105
0 35
0 37
0 63
0 68
0 110
0 141
0 126
0 74
0 93
0 127
0 165
0 224
0 235
0 306
0 369
0 432
0 326
0 201
0 204
0 199
0 203
2 173
2 105
137 167
242 186
321 154
502 52
596 6
892 4
950 0
437 2
477 5
799 13
793 21
542 0
703 0
659 0
581 0
763 0
1078 0
1443 0
1353 0
1051 0
704 0
934 0
539 0
382 0
354 0
413 0
480 0
446 0
358 0
220 0
12 0
45 0
54 0
118 0
118 0
193 0
97 3
23 12
5 16
0 24
0 35
0 40
0 31
0 21
0 50
0 53
0 71
0 54
0 9
0 56
0 89
0 96
2 64
0 76
214 40
651 5
1257 0
1379 0
1368 36
1092 32
1366 32
1317 29
961 31
1052 30
1299 18
932 9
902 3
1580 0
1961 0
1086 0
729 0
1357 0
1897 0
2219 1
2066 0
1534 0
1237 0
1161 0
1042 0
800 0
780 0
599 0
524 0
348 0
195 0
277 0
447 0
372 2
380 2
305 0
209 0
147 0
233 0
181 0
210 0
210 0
80 0
106 0
201 0
483 0
1183 1
1753 0
1954 0
2081 0
2841 0
2703 0
2149 0
1633 0
1436 0
1294 0
1382 0
1661 0
2182 0
2486 0
1909 2
1473 0
1705 0
1504 0
1483 0
1272 0
995 0
762 0
506 0
454 0
452 0
237 0
112 0
6 0
2 0
125 0
250 0
324 0
184 0
140 0
23 0
4 0
7 0
62 0
594 0
841 2
682 0
136 0
56 0
62 0
47 0
40 0
5 0
66 0
336 0
710 0
1059 0
1356 0
1067 0
531 0
44 0
127 0
436 0
1090 0
1286 0
956 0
664 0
384 0
58 0
14 0
0 0
0 0
0 0
0 0
0 0
64 0
97 0
121 0
36 0
36 0
87 0
59 0
30 0
5 0
0 0
0 0
0 0
33 0
230 0
298 0
331 0
242 10
88 145
36 183
13 189
0 169
0 113
0 88
0 29
0 0
0 0
4 21
0 71
21 58
21 66
9 47
15 42
0 3
0 0
0 0
0 0
0 0
0 0
0 0
0 0
0 0
0 0
0 0
0 0
0 0
0 0
0 0
0 0
0 0
3 0
0 2
5 10
7 30
32 21
2 3
20 0
31 0
47 0
61 1
4 14
0 2
2 3
0 0
0 0
22 0
25 0
43 0
237 0
235 0
193 0
89 0
27 0
27 0
11 0
18 1
145 0
428 0
371 14
122 13
31 6
58 16
150 5
118 1
32 0
76 0
77 15
17 25
5 10
42 0
14 0
1 0
0 0
1 25
5 26
2 49
6 94
5 156
2 272
0 278
0 237
59 84
0 25
0 168
0 246
0 232
0 172
0 79
0 28
0 0
0 0
1 0
35 0
0 0
43 0
42 1
0 8
4 34
21 76
43 100
131 168
25 145
109 156
25 92
2 21
0 22
35 26
53 32
153 40
197 56
143 104
79 190
156 228
124 208
18 198
64 170
128 168
177 114
141 122
47 71
51 94
16 120
0 107
28 47
48 33
107 41
16 99
0 177
0 141
0 126
0 16
0 29
0 49
0 16
0 3
0 2
0 10
0 12
0 15
0 34
0 3
0 68
0 189
0 195
0 226
0 162
0 320
0 322
0 265
0 304
0 235
0 262
0 317
0 201
2 160
0 325
0 236
0 167
0 74
0 8
0 33
0 44
0 127
0 173
0 125
0 126
0 140
0 209
0 255
0 288
0 346
0 350
0 283
0 206
0 218
0 220
2 188
11 205
29 267
65 195
60 97
1 74
0 77
0 284
0 363
0 366
0 281
1 238
5 141
0 64
0 131
3 109
0 39
0 2
1 0
0 0
0 0
2 6
0 0
0 0
2 4
0 0
0 4
0 1
0 16
0 6
0 1
2 10
0 58
0 49
0 45
0 57
0 47
0 30
0 54
0 30
0 27
0 28
0 59
0 38
0 61
0 50
0 23
0 9
0 10
0 0
0 6
0 31
0 19
0 53
0 47
0 80
0 94
0 70
0 31
0 52
0 65
0 54
0 55
0 14
0 0
0 0
0 0
0 0
0 0
0 0
0 0
0 0
0 0
0 0
0 0
0 0
0 0
0 0
0 0
0 0
0 0
0 0
0 0
0 0
0 0
0 0
0 0
0 0
0 0
0 0
0 0
0 0
0 0
0 0
0 0
0 0
0 0
0 0
12 0
8 0
0 0
55 0
85 0
95 0
257 0
324 0
311 0
259 0
202 0
215 0
219 0
87 0
32 137
11 299
60 357
107 355
45 421
72 580
357 607
184 459
40 334
63 227
104 166
27 247
22 285
10 254
133 215
118 188
36 164
0 92
6 11
0 39
70 31
28 3
0 0
0 0
0 0
0 0
76 0
0 0
0 0
0 0
0 0
0 0
14 0
25 0
48 0
57 2
51 3
36 0
22 0
47 0
65 0
79 1
37 1
16 0
0 0
0 0
0 0
0 0
0 0
3 0
0 0
0 0
0 0
0 3
0 7
0 0
8 9
0 4
0 13
0 0
0 0
0 0
8 0
0 8
0 20
0 15
0 3
0 0
0 0
1 0
5 0
3 0
0 0
0 0
0 0
0 0
0 0
0 0
3 0
33 0
41 0
5 2
0 0
0 0
0 0
0 0
0 0
6 0
23 0
95 0
61 0
1 0
0 0
0 0
0 0
0 0
0 0
0 0
0 0
0 0
0 0
0 0
0 0
0 32
0 62
0 51
0 34
0 13
0 0
0 0
0 6
0 0
0 2
0 0
0 0
0 0
0 0
0 0
0 0
0 0
0 0
0 0
0 0
0 0
0 0
0 0
0 0
0 0
0 0
0 0
0 0
0 0
0 0
0 0
0 0
0 0
0 0
0 0
0 0
0 0
0 0
0 0
0 0
0 0
0 0
0 0
0 0
0 0
0 0
0 0
0 0
0 0
0 0
0 0
0 0
0 0
0 0
0 0
0 0
0 0
0 0
0 0
0 0
0 0
0 0
0 0
0 0
123 1
554 2
1161 2
1490 0
1511 0
1467 0
1187 0
796 0
592 3
271 0
150 0
217 0
350 1
592 0
666 0
842 1
1150 3
1030 2
626 0
235 0
157 0
148 0
199 0
284 0
389 0
290 0
198 0
168 0
138 0
69 0
6 0
19 0
107 0
309 0
471 12
277 0
105 0
0 0
12 0
0 0
0 0
0 0
0 1
0 0
0 3
0 12
0 1
0 1
0 0
0 8
0 15
0 16
0 0
0 0
0 6
0 32
0 10
0 2
0 2
0 0
0 0
0 0
0 0
0 57
0 54
0 0
0 0
0 0
0 0
0 0
0 0
0 0
0 0
0 0
0 0
0 0
0 0
0 0
0 0
0 0
0 0
0 0
0 0
0 0
0 0
0 0
0 0
0 0
0 0
0 0
0 0
0 0
0 0
0 0
0 0
0 0
0 0
0 0
0 0
0 0
0 0
0 0
0 0
0 0
0 0
8 0
10 0
1 0
0 0
0 0
0 0
0 0
0 0
0 0
0 0
0 0
0 0
0 14
0 35
0 71
0 99
0 56
0 19
0 0
0 29
0 9
0 25
13 14
13 0
7 0
0 2
0 34
0 0
0 0
0 2
0 0
0 0
0 0
0 0
0 15
0 16
0 21
0 10
0 0
0 0
2 0
0 0
0 0
0 0
0 3
0 2
0 27
7 0
37 2
55 0
112 0
109 0
127 0
84 0
54 0
69 0
87 0
79 0
117 0
149 0
132 0
104 0
43 0
11 0
0 0
15 0
0 0
0 0
2 0
0 0
0 0
0 0
0 0
0 0
0 0
0 0
0 0
0 0
0 0
0 0
0 0
3 0
0 0
1 0
0 0
0 0
2 0
5 0
0 0
0 0
0 0
0 0
0 0
0 0
0 0
0 0
0 0
0 0
1 0
0 0
0 0
1 0
0 0
0 0
0 0
0 0
2 0
16 0
99 0
384 0
396 0
751 0
1300 0
1693 0
1713 0
1108 0
298 0
813 0
1056 0
950 0
696 0
886 0
584 0
647 0
457 0
182 0
179 0
142 0
233 0
307 0
336 0
393 0
148 0
102 0
77 0
75 0
12 0
0 0
0 3
0 8
0 15
0 8
0 3
0 0
2 0
21 6
123 3
145 8
154 0
75 0
9 3
29 0
73 0
66 0
3 0
2 0
1 0
0 0
0 0
2 0
4 0
0 0
0 0
0 0
2 0
14 0
1 0
0 0
0 0
0 0
0 0
0 0
0 0
3 0
0 0
0 0
0 0
0 0
0 0
0 0
0 0
0 0
0 0
0 0
0 0
0 0
0 0
0 0
0 0
0 0
0 0
0 0
0 0
0 0
0 0
0 0
0 0
0 0
0 0
0 0
0 0
0 0
0 0
0 0
0 0
0 0
0 0
0 0
0 0
0 0
0 0
0 0
0 0
0 0
0 0
0 0
0 0
0 0
0 0
0 0
0 0
0 0
0 0
0 0
0 0
0 0
0 0
0 0
0 0
0 0
0 0
6 0
35 0
20 0
7 0
0 0
0 0
0 0
0 0
0 0
0 0
0 0
0 0
0 0
0 0
0 0
9 0
23 0
30 0
16 0
9 0
0 0
0 0
0 0
0 0
0 0
0 0
0 0
0 0
0 0
0 0
0 0
0 0
0 0
0 0
10 0
50 0
190 0
230 0
214 0
46 0
26 0
104 0
114 0
23 0
0 0
0 0
0 0
0 0
0 0
0 0
0 0
0 0
0 0
0 0
0 0
0 0
0 0
0 0
0 0
0 0
0 0
0 0
17 0
29 0
130 0
94 0
37 0
2 0
13 0
26 0
8 0
17 0
0 0
0 0
0 0
0 0
0 0
0 1
0 28
0 15
0 23
0 7
0 0
0 0
0 1
0 0
0 0
0 0
0 0
0 0
0 0
0 0
0 0
0 1
0 0
0 0
0 0
0 0
0 0
0 0
0 0
0 32
0 0
0 0
0 0
0 0
0 0
0 0
0 0
0 0
0 0
0 0
0 0
0 0
0 0
0 0
0 0
0 0
0 0
0 0
0 0
0 0
0 0
0 0
0 0
0 0
0 0
0 0
0 0
0 0
0 2
0 62
0 92
0 136
0 157
0 175
0 236
0 272
0 269
0 283
0 155
0 23
0 61
0 129
0 205
2 250
11 222
29 204
10 310
4 291
0 345
10 319
0 304
0 274
0 124
0 48
0 27
0 3
1 0
12 151
10 267
24 245
31 265
17 398
14 219
0 218
14 204
3 221
0 189
5 265
0 238
0 217
0 197
0 152
0 83
0 46
12 68
1 79
0 72
10 35
7 7
0 0
0 0
0 0
0 0
0 0
0 0
2 0
171 3
409 0
463 0
418 0
162 0
152 0
199 0
420 0
498 0
228 4
191 11
242 24
436 0
705 0
885 4
578 25
283 15
209 51
352 99
355 184
435 230
404 398
48 445
56 797
67 1168
182 1458
117 1971
32 2319
99 2465
605 2436
361 3053
150 3537
162 4140
179 4143
387 3710
486 3216
150 2902
31 2691
19 2535
83 2605
100 2853
182 3074
91 2794
142 2112
61 2113
143 1900
364 1732
67 1569
27 1515
6 1368
1 1439
2 1336
3 1177
4 1001
2 563
0 423
1 622
1 970
1 1150
3 1255
3 1363
0 1358
0 1332
0 1260
0 1696
1 2016
9 1952
2 1826
2 1995
0 1898
5 1790
12 1852
6 1944
5 2248
2 1656
1 1592
0 1440
0 1607
0 1418
0 1587
0 1953
0 1900
0 1612
0 1503
0 1670
2 1735
9 1762
9 1615
8 1315
7 1089
3 1211
2 1299
2 1225
0 809
0 662
0 574
0 655
0 1154
0 1343
1 1490
7 1432
4 1132
3 642
1 597
0 1060
0 1307
0 1355
0 1440
0 1508
0 1460
0 1258
2 1103
0 845
0 538
1 296
0 127
0 123
1 242
0 474
1 689
0 734
0 618
0 453
0 268
0 109
1 107
2 296
2 511
2 681
1 795
0 770
0 607
0 219
0 27
0 85
0 132
0 122
0 42
0 46
0 130
0 350
0 355
0 266
0 186
0 142
0 182
0 311
0 482
0 623
0 562
0 415
0 344
2 94
0 53
1 127
0 192
0 139
0 143
0 317
0 516
0 875
0 1080
0 849
0 598
0 552
0 270
0 342
0 519
1 637
1 964
2 1062
1 903
0 717
1 469
1 173
0 169
0 138
0 130
0 166
0 220
1 235
1 314
0 281
0 141
0 95
0 40
0 55
0 83
0 92
0 386
0 668
0 693
0 463
0 356
0 255
0 185
0 286
0 227
0 343
0 431
0 494
0 359
0 229
0 68
0 20
0 88
0 78
0 1
0 21
0 77
0 33
0 0
0 0
0 63
0 149
0 127
0 36
0 12
0 0
0 0
0 2
0 3
0 8
0 11
0 0
0 0
0 0
0 0
0 0
0 0
0 0
0 0
0 0
0 0
0 0
0 0
0 0
0 0
0 0
0 0
0 0
0 0
0 0
0 0
0 0
0 0
0 0
0 0
0 0
0 0
0 0
0 0
0 0
0 0
0 0
0 0
0 0
0 0
0 0
0 0
0 0
0 0
0 0
0 0
0 0
0 0
0 0
0 0
0 1
0 0
0 0
0 0
0 0
0 0
0 0
35 0
129 0
293 0
370 0
246 0
132 0
16 0
1 0
107 0
229 0
201 0
107 0
93 0
52 0
59 0
27 0
3 0
2 0
5 0
0 0
0 0
3 0
0 0
0 20
1 12
0 2
0 12
0 1
0 0
0 0
0 0
0 0
0 0
0 0
0 0
0 0
0 0
0 0
0 0
1 0
0 0
0 0
0 0
0 0
0 0
0 0
0 0
0 0
0 0
0 0
0 0
0 0
0 0
0 0
0 0
0 0
0 0
0 0
0 0
0 0
0 0
0 0
0 0
0 0
0 0
0 0
0 0
0 0
0 0
0 0
0 0
0 0
0 0
0 0
0 0
0 0
0 0
0 0
0 0
1 0
0 0
0 0
0 0
0 0
0 0
0 0
0 0
0 0
0 0
0 0
0 0
0 0
0 0
0 0
0 0
0 0
0 0
0 0
0 0
0 0
0 0
0 0
0 0
0 0
0 0
0 0
0 0
0 0
0 0
0 0
0 0
0 0
0 0
0 0
0 0
0 0
0 0
0 0
0 0
0 0
0 0
3 0
0 0
0 0
0 0
0 0
0 0
0 0
0 0
0 0
0 0
0 0
0 0
0 0
0 0
0 0
0 0
35 0
113 0
59 0
0 0
1 0
6 0
0 0
0 0
5 0
14 0
2 0
2 0
1 0
14 0
14 0
3 0
24 0
31 0
33 0
0 0
0 0
2 0
0 11
0 0
0 0
0 13
0 0
0 8
0 1
11 0
25 0
11 0
0 0
0 0
0 0
2 0
49 0
85 0
68 0
4 0
0 0
0 0
41 0
131 0
45 0
0 0
0 0
0 0
0 0
0 0
20 0
0 0
0 0
0 0
0 0
0 0
11 0
54 0
122 0
185 0
88 0
29 0
17 0
30 0
24 0
23 0
19 1
2 0
0 2
0 0
0 0
0 0
0 0
0 0
0 0
55 0
222 0
590 0
1205 6
1841 83
2525 136
3045 232
3798 290
4220 393
4063 437
3217 214
2822 71
2370 26
1972 22
1808 13
1504 49
1240 56
858 57
585 25
394 23
192 25
144 7
148 5
142 0
129 1
107 2
83 3
45 0
22 0
14 18
12 18
17 7
7 4
2 0
33 3
30 2
116 22
127 33
138 26
93 20
64 3
74 4
62 6
4 3
43 4
84 8
139 7
124 6
39 0
17 2
104 8
272 20
344 16
338 13
330 18
412 13
414 17
525 12
544 17
638 11
654 12
775 11
765 7
823 14
957 11
1099 19
1409 15
1743 23
2035 24
2190 51
2454 44
3304 32
3946 0
3859 0
3707 3
3155 6
2479 21
1900 7
1457 4
1084 2
366 0
170 0
158 0
61 0
143 14
664 3
1372 2
1577 0
1422 0
1341 1
1481 0
1411 1
1384 2
1491 2
1200 1
772 0
1175 0
1425 2
1379 2
1410 2
1505 0
1078 0
910 0
949 1
520 0
468 0
526 0
682 2
314 1
151 0
129 0
194 0
194 0
82 0
95 0
82 0
185 0
240 0
295 0
453 0
456 0
414 0
319 0
124 0
6 8
143 2
133 0
34 0
0 0
1 0
36 0
966 0
1545 0
1195 0
501 0
64 0
867 0
1200 0
1197 0
933 0
305 0
292 0
126 0
39 0
65 0
6 0
28 0
255 0
854 0
1780 1
2432 0
2495 2
2565 2
2589 2
2346 2
1764 0
1414 0
1032 0
1058 2
1680 5
1805 5
1840 3
1553 0
1327 0
1046 0
1286 0
1552 0
1573 0
1309 0
766 3
563 0
750 0
1181 0
1403 0
1915 0
2186 2
2043 0
1703 3
1453 0
1119 0
840 0
580 0
709 0
756 0
346 0
29 0
0 0
0 10
0 0
6 2
9 0
0 0
0 0
0 0
0 0
0 0
0 0
0 0
0 0
13 0
33 0
1 0
115 0
1191 2
2175 7
2872 2
3666 2
3807 0
3139 0
2537 0
1933 1
1727 0
1121 0
619 0
344 0
570 3
1020 0
1078 0
679 0
739 0
828 0
749 0
471 0
509 0
199 0
508 0
977 0
810 0
547 0
278 1
181 0
336 0
162 0
2 0
35 0
0 0
8 0
26 0
41 0
34 0
114 0
295 0
377 0
361 0
496 0
647 0
593 0
526 0
404 0
263 0
156 0
20 0
109 0
292 0
556 0
1006 0
1012 0
1101 1
1221 0
1283 0
1358 0
1656 0
1845 0
2296 1
2627 0
2624 0
2418 0
2217 2
1831 0
1166 0
480 0
875 0
967 0
969 0
1032 0
1152 2
695 0
270 0
107 0
188 0
146 0
3 0
1 0
0 0
10 4
1 0
0 0
0 0
0 0
0 0
0 0
0 0
0 0
0 0
0 0
0 0
0 0
0 0
0 0
0 0
82 0
213 0
257 0
126 0
24 0
3 0
6 0
1 24
0 1
7 17
0 0
0 0
31 2
35 0
27 0
38 0
54 0
33 0
110 0
173 0
204 0
254 0
130 0
8 0
0 0
0 0
0 0
3 0
8 0
214 0
392 0
432 0
609 0
865 0
1087 0
956 0
723 0
697 0
863 0
791 0
609 0
635 0
1003 3
1532 0
1526 0
390 0
410 0
65 0
244 0
12 0
0 0
0 0
2 0
0 0
0 0
2 0
22 0
94 0
177 0
57 0
0 0
30 0
9 0
0 0
0 0
0 0
0 0
0 0
0 0
0 0
0 0
0 0
0 0
0 0
0 0
0 0
0 0
0 0
0 0
0 0
0 0
0 0
0 0
0 0
0 0
0 0
0 0
0 0
0 0
0 0
0 0
0 0
0 0
0 0
0 0
0 0
0 1
0 0
0 0
0 0
0 0
0 0
0 0
0 0
0 0
0 0
0 0
0 0
0 0
0 0
0 0
30 0
466 0
594 0
639 0
326 0
97 0
12 0
3 0
17 0
35 0
17 0
5 0
6 0
31 0
29 0
1 0
11 0
133 0
514 0
943 0
1158 0
1307 0
923 0
680 0
293 0
100 1
584 3
977 2
1152 2
789 0
415 0
669 4
930 4
849 3
389 0
675 0
968 2
1337 0
1507 0
1245 1
1348 3
1291 0
1013 0
591 0
639 0
878 2
1204 3
1323 2
1417 1
1291 0
1330 0
1194 0
599 0
338 0
305 0
87 0
21 0
32 0
82 0
55 0
283 0
532 0
287 0
77 0
2 0
0 0
8 0
0 0
0 0
0 0
18 0
165 0
272 0
349 0
199 0
225 0
94 0
34 0
15 0
10 0
0 0
0 0
0 0
0 0
0 0
0 0
0 0
0 0
0 0
194 0
1276 3
2070 3
2450 4
2672 1
2199 0
1721 0
1738 0
1603 0
2357 0
3621 0
4182 2
3665 0
3070 2
2701 2
2286 0
2722 0
3044 1
2599 4
2884 2
3051 0
2420 0
1960 0
1643 0
2303 3
2714 0
1959 0
1611 0
1544 0
2065 0
2425 0
2318 0
1741 0
1334 0
1427 0
1791 0
1189 9
563 1
1202 0
1557 2
1107 0
1184 0
1529 0
1909 0
1453 2
1351 0
1070 0
1057 0
1120 0
1732 3
2333 3
2462 2
1962 3
1511 2
0 0
759 0
778 0
807 0
360 0
88 0
3 0
0 0
0 0
0 0
0 0
0 0
3 0
0 0
0 0
0 0
8 0
0 0
0 0
0 0
0 0
0 0
0 0
0 0
0 0
0 0
0 0
0 0
0 0
0 0
0 4
0 0
0 0
0 1
2 0
0 0
7 0
4 0
4 0
3 0
10 0
6 0
1 0
2 0
4 0
2 0
7 0
2 0
7 0
0 0
1 0
0 0
0 0
0 0
0 0
0 0
0 0
0 0
0 0
0 0
36 0
2 0
1 0
33 0
5 0
92 0
508 0
149 0
0 0
184 2
200 0
41 0
0 0
0 0
127 0
249 0
96 0
0 0
9 0
85 0
113 0
0 0
12 0
314 0
86 0
0 0
70 0
26 0
1 0
249 0
186 0
0 0
0 0
16 0
8 0
0 0
5 0
18 0
0 0
0 0
0 0
0 0
0 0
0 0
0 0
0 0
0 0
0 0
2 0
0 0
0 0
0 0
0 0
0 0
0 0
0 0
0 0
0 0
0 0
0 0
0 0
0 0
0 0
0 0
0 0
0 0
0 0
0 0
0 0
0 0
0 0
0 0
0 0
0 0
0 0
0 0
0 0
8 0
16 0
15 0
5 0
0 0
0 0
0 0
32 0
11 0
0 0
0 0
0 0
0 0
0 0
0 0
0 0
0 0
0 0
0 0
0 0
0 0
0 0
0 0
0 0
0 0
0 0
0 0
0 0
0 0
0 0
0 0
0 0
0 0
0 0
0 0
0 0
0 0
0 0
0 0
0 0
0 0
0 0
0 0
0 0
0 0
0 0
0 0
0 0
0 0
0 0
0 0
0 0
0 0
0 0
0 0
0 0
0 0
0 0
0 0
0 0
0 0
0 0
0 0
0 0
0 0
0 0
0 0
0 0
0 0
0 0
0 0
0 0
0 0
0 0
0 0
12 0
0 0
0 0
71 0
38 0
0 0
17 0
142 0
19 0
0 0
36 0
13 0
0 0
3 0
168 0
15 0
0 4
3 5
1 9
0 55
34 140
10 42
0 3
0 0
16 8
0 84
8 92
8 13
0 0
0 0
0 0
0 0
0 0
2 0
6 5
0 0
0 0
0 0
0 0
0 0
0 0
0 0
0 0
0 0
0 0
43 0
43 0
109 0
129 0
109 0
83 0
45 0
5 0
40 0
340 0
762 0
1544 0
2589 2
3432 3
4070 3
4362 2
4084 31
3137 31
2555 28
2379 27
2294 19
1982 13
1807 35
1544 31
1158 19
868 23
651 9
340 2
138 5
62 2
82 1
78 7
84 5
78 5
73 4
48 2
22 2
0 1
1 1
7 0
33 4
34 3
59 6
93 3
101 4
94 3
40 1
0 0
52 0
40 2
31 1
40 1
51 3
64 3
68 4
44 1
29 1
0 0
0 0
32 0
6 0
0 0
0 0
0 0
2 1
0 0
0 0
6 0
60 3
132 4
195 7
291 6
339 9
602 18
751 16
841 25
1185 31
1496 20
1383 18
1331 23
1237 17
1046 13
995 12
905 8
915 13
825 8
853 7
1086 8
1254 10
1465 17
1748 15
2068 21
2879 30
3814 17
3914 0
3694 0
3284 3
2895 1
2258 0
1661 0
1048 0
1265 0
774 0
1142 0
795 0
810 0
636 0
519 1
286 0
133 0
424 0
827 0
898 0
1008 0
1282 0
1776 1
1652 0
1182 0
784 0
615 0
520 0
582 0
504 0
1148 0
1304 0
1334 0
1254 1
1139 0
1065 0
1060 0
1083 1
709 0
492 0
925 0
945 0
822 0
707 0
463 0
103 0
1 0
18 0
8 0
8 0
0 0
2 0
82 0
162 0
167 0
114 0
42 0
0 0
11 0
36 0
8 0
0 0
0 0
0 0
0 0
0 0
0 0
0 0
0 0
4 0
0 0
0 0
0 0
0 0
0 0
0 0
0 0
0 0
0 0
0 0
0 0
0 0
0 0
0 0
0 0
0 0
0 0
0 0
0 0
0 0
0 0
0 0
0 0
0 0
0 0
0 0
0 0
0 0
0 0
0 0
0 0
0 0
0 0
0 0
0 0
0 0
0 0
0 0
0 0
0 0
0 0
0 0
0 0
0 0
13 0
4 0
46 0
396 0
964 3
1726 5
1888 4
1584 3
665 0
20 0
250 0
1181 3
1824 4
1814 5
1230 0
371 0
257 0
50 0
10 0
38 0
22 0
4 0
0 0
0 0
0 0
0 0
0 0
0 0
0 0
0 0
0 0
0 0
0 0
0 0
0 0
0 0
0 0
0 0
0 0
0 0
0 0
1 0
0 0
0 0
0 0
0 0
0 0
0 0
0 0
1 0
0 0
0 0
0 0
0 0
0 0
0 0
0 0
0 0
0 0
0 0
0 0
0 0
0 0
0 0
0 0
0 0
1 0
0 0
0 0
0 0
3 0
0 0
0 0
0 0
0 0
1 0
0 0
8 0
0 0
1 0
0 0
0 0
0 0
0 0
0 0
0 0
0 0
0 0
0 0
0 0
1 0
0 0
0 0
1 0
177 0
732 0
1018 0
935 0
349 0
3 0
401 0
524 0
396 0
272 0
247 0
180 0
186 0
122 0
78 0
3 0
0 0
0 0
0 0
0 0
0 0
0 0
2 0
0 0
56 0
57 0
56 0
3 0
0 0
6 0
74 0
213 0
709 0
784 0
1358 0
1591 0
2559 0
2999 1
2803 0
1888 0
1408 0
2259 0
2286 0
1727 0
1448 0
1889 0
2276 0
2728 3
2348 2
2135 1
2089 0
2600 2
2751 3
2860 4
2566 3
1921 1
1365 0
2167 2
3059 4
3305 4
3307 4
1781 0
1545 1
616 0
575 0
396 0
241 0
62 0
50 1
20 0
61 0
0 0
7 0
0 0
3 0
0 0
0 0
0 0
0 0
0 0
1 0
13 0
51 1
75 1
371 0
1237 0
2019 0
3214 3
3902 6
4082 0
3258 0
2331 0
2009 0
1515 0
873 1
618 0
459 0
358 0
528 2
791 2
730 3
683 0
738 0
1019 2
1128 0
1276 0
914 0
628 0
410 0
240 0
537 0
640 0
754 0
710 0
642 0
626 0
905 0
703 0
359 0
538 0
551 0
755 2
1111 0
739 0
715 0
600 0
437 0
363 0
289 0
202 0
175 0
210 0
20 0
58 0
296 0
512 0
504 0
62 0
298 0
536 0
758 0
1216 0
1692 0
1996 0
2377 2
2632 0
2756 0
2588 0
1838 0
1142 2
942 0
1091 0
917 0
477 0
993 0
1331 0
1534 2
1725 2
2062 3
2115 0
1304 0
1012 0
583 0
590 0
713 0
330 0
42 0
0 0
38 0
0 0
7 0
0 0
1 0
0 0
0 0
0 0
0 0
0 0
0 0
0 0
0 0
0 0
3 0
0 0
3 0
6 0
5 0
0 0
0 0
0 0
0 0
0 0
1 0
0 0
1 0
0 0
0 0
2 0
0 0
0 0
0 0
0 0
0 0
10 0
583 0
2032 5
2554 5
1737 0
392 0
80 0
1315 0
1938 3
2031 3
1648 2
544 0
794 0
179 0
7 0
209 0
51 0
0 0
0 0
8 0
0 0
0 0
0 0
0 0
49 0
510 0
519 0
527 0
443 0
702 0
1024 0
1175 0
852 1
331 0
384 0
488 0
548 0
905 0
1104 0
496 0
767 0
263 0
277 0
262 0
275 0
563 0
1060 0
1207 0
1278 0
1131 0
673 0
527 0
827 0
1331 0
1057 0
629 0
358 0
300 0
139 0
177 0
89 0
119 0
122 0
170 0
60 0
99 0
138 0
30 0
19 0
43 0
22 0
1 0
0 0
0 0
0 0
0 0
0 0
0 0
0 0
0 0
2 0
0 0
0 0
2 0
358 0
785 3
1063 4
986 2
555 0
23 0
116 1
910 4
1303 3
911 2
348 0
68 0
42 0
27 0
18 0
3 0
0 0
0 0
14 0
0 0
2 0
0 0
0 0
0 0
0 0
0 0
0 0
0 0
0 0
0 0
0 0
0 0
0 0
1 0
0 0
0 0
0 0
0 0
177 0
494 0
1412 0
1541 0
821 0
152 0
184 0
259 3
517 0
940 0
1283 0
1208 0
656 0
125 0
0 0
0 0
0 0
0 0
0 0
0 0
2 0
9 0
8 0
0 0
0 0
0 0
0 0
0 0
0 0
0 0
0 0
2 0
0 0
2 0
0 0
2 0
2 0
3 0
20 0
10 0
0 0
0 0
0 0
0 0
0 0
0 0
0 0
3 0
0 0
2 0
1 1
3 0
0 0
0 0
0 0
0 0
0 0
0 0
0 0
0 0
0 0
12 0
141 0
100 0
18 0
0 0
0 0
0 0
0 0
0 0
0 0
154 0
275 0
584 0
812 0
831 0
888 0
967 0
733 0
363 0
55 0
155 1
180 0
157 0
288 0
623 0
1053 0
1144 0
833 0
206 0
14 0
15 0
0 5
2 5
0 0
1 0
6 0
104 2
3 0
0 0
0 0
29 0
84 2
1 0
0 0
0 0
0 2
0 0
0 0
0 0
0 0
0 0
0 0
0 0
0 0
0 0
39 0
100 0
214 0
228 0
243 0
281 0
342 0
367 0
501 0
290 0
42 0
61 0
266 0
427 0
465 0
383 0
329 0
205 0
20 0
46 0
11 0
0 0
0 0
0 0
0 0
0 0
0 0
0 0
0 0
0 0
1 0
4 0
0 0
0 0
0 0
0 0
0 0
0 0
2 0
0 0
0 0
0 0
0 0
0 0
0 0
0 0
0 0
0 0
0 0
0 0
0 0
0 0
6 0
18 0
2 0
0 0
4 0
0 0
2 0
0 0
0 0
0 0
0 0
0 0
0 0
4 0
445 0
1068 0
1887 0
2429 2
3048 2
3207 2
3141 1
2703 0
2154 0
1632 2
1218 0
1036 0
873 0
395 0
22 0
88 1
18 0
6 0
16 0
41 0
198 0
338 0
589 0
344 0
123 0
59 0
269 0
697 0
1261 0
1627 0
2184 0
2485 0
2542 0
2663 0
2284 0
1918 0
1511 0
1539 0
1556 0
1291 0
653 0
255 0
99 0
53 0
3 0
4 0
0 0
0 0
0 0
0 0
0 0
1 0
0 0
0 0
0 0
0 0
0 0
0 0
0 0
0 0
1 15
1 13
0 0
0 0
0 0
0 0
0 0
0 0
0 0
0 17
0 12
0 0
0 35
0 141
0 331
0 514
0 882
1 1227
1 1273
0 1298
1 1602
386 1752
1528 1673
2925 1741
4278 1842
5121 1904
5955 2255
5676 2716
4391 3080
3005 3291
2125 3141
1900 2792
1490 2398
1045 1670
807 1477
372 1370
89 1108
0 986
23 1288
103 1574
66 1659
69 1669
28 1613
43 1520
42 1306
91 1207
34 1010
24 978
7 824
1 837
3 1131
0 1463
2 1643
2 1917
3 1886
1 1834
0 1641
1 1466
46 1162
125 995
500 869
971 779
1118 708
1621 616
1889 482
2042 426
2377 219
2553 212
2740 169
2337 96
2051 88
1788 28
1813 41
2104 113
2415 126
2933 216
3885 106
4494 14
4772 19
4600 25
4208 167
2631 187
2078 169
2113 106
1561 113
1556 140
2005 106
1964 19
1827 23
1604 56
2281 153
2714 225
2918 232
3240 175
3235 227
3269 227
3246 257
3016 143
2612 128
2045 133
1590 129
1542 160
1672 112
1915 147
2085 118
2329 189
2112 89
1989 93
1718 44
1657 30
1387 24
763 14
345 25
264 8
455 9
1200 3
1761 64
1956 1
1994 5
1907 20
1387 41
994 56
686 86
574 12
484 0
649 4
1227 3
2333 0
3228 0
2646 0
2464 6
2894 2
3129 5
2906 3
1979 3
1648 0
2210 4
2495 6
2325 0
2229 4
2184 10
2726 3
3078 2
3148 0
3686 3
3508 5
1980 4
1213 0
812 0
460 0
341 0
142 1
37 5
165 5
36 0
40 0
7 0
6 0
117 0
700 0
1155 0
1628 0
1546 0
1037 0
451 0
321 0
387 0
353 0
228 0
326 0
706 0
1073 0
1143 0
1157 0
1016 0
433 0
63 0
57 0
0 0
0 0
0 0
0 0
0 0
0 0
0 0
0 0
0 0
0 0
0 0
0 0
0 1
0 0
22 0
26 10
47 1
97 0
98 0
162 2
168 4
183 1
274 0
587 0
749 0
964 0
1045 0
532 0
75 0
71 0
156 0
44 0
10 0
40 0
34 0
75 0
2 0
3 0
6 0
0 0
0 0
0 0
0 0
1 0
0 0
10 0
140 0
152 0
88 0
0 0
10 0
0 0
69 0
370 0
879 0
1103 0
1178 0
1339 0
1335 0
1093 0
803 0
700 0
699 0
590 0
708 0
895 0
1071 1
1001 0
780 0
728 0
288 0
427 0
32 0
59 0
39 0
18 0
0 0
0 1
0 0
0 0
0 0
16 0
5 9
0 20
0 0
0 0
0 6
0 16
0 0
0 2
0 0
0 0
0 0
0 0
3 0
0 0
0 0
0 0
2 0
0 0
0 0
0 0
98 0
637 0
1257 0
1673 0
1476 0
726 0
79 0
82 0
139 0
208 0
335 0
583 0
968 0
1112 0
1220 0
1093 0
649 0
77 0
59 0
49 0
83 0
61 0
38 0
16 0
0 0
0 0
0 0
0 0
2 0
0 0
0 0
0 0
3 0
152 0
640 2
811 3
495 1
83 2
19 0
2 0
2 0
0 0
2 0
354 0
778 0
1197 0
1649 0
1757 2
1128 0
415 0
362 0
168 0
73 0
7 0
6 0
3 0
56 0
500 0
1721 1
3139 4
3550 1
3351 0
2861 3
2204 7
897 2
715 0
1691 2
1246 0
1116 0
2043 0
2419 0
2466 0
2983 0
3961 2
4267 3
3157 0
2929 0
2380 1
2440 7
2297 1
1503 0
1483 2
2037 3
2324 0
2427 0
2575 0
2572 0
2349 0
2023 0
1317 0
1605 0
2291 0
2399 0
2291 0
2624 0
1961 0
1734 0
896 0
505 0
270 0
175 0
61 0
53 0
0 0
0 0
0 0
4 0
0 0
0 0
0 0
0 0
8 0
0 0
0 0
0 0
0 0
0 0
0 0
0 0
0 0
14 0
19 0
12 0
25 0
46 0
104 0
54 0
45 0
40 0
15 0
0 0
0 0
0 0
2 0
37 0
307 0
687 0
993 0
1063 2
1428 2
1280 0
902 0
483 0
879 0
935 0
899 0
762 0
488 0
710 0
996 2
1018 2
911 2
950 5
765 2
879 1
890 0
633 0
1127 0
1349 4
1409 2
989 0
716 2
658 0
755 0
963 0
1016 0
1074 0
1159 0
481 0
641 0
421 0
452 0
406 0
528 0
496 0
209 0
120 0
115 0
28 0
0 0
10 0
2 0
0 0
0 0
0 0
0 0
0 0
0 0
0 0
0 0
0 0
5 0
95 0
274 0
380 5
649 3
553 3
344 2
103 0
1 0
145 0
280 2
478 2
360 3
145 0
41 0
7 0
10 0
21 0
1 0
20 0
0 0
0 0
0 0
0 0
0 0
0 0
0 0
0 0
0 0
0 0
0 0
0 0
0 0
7 0
32 1
0 0
12 0
0 0
0 0
0 0
0 0
0 0
0 0
0 0
0 0
0 0
0 0
0 0
0 0
0 0
0 0
2 0
0 0
0 0
0 0
1 0
1 0
0 0
0 0
11 0
6 0
193 0
226 0
76 0
10 0
0 0
12 0
28 0
0 0
0 0
1 0
0 0
2 0
3 0
22 0
104 0
614 0
1287 2
1853 0
2447 0
2143 0
2116 0
2011 0
1745 1
2252 3
3419 2
3570 1
3460 0
2863 1
2524 2
2596 3
2840 4
3061 1
2684 0
2559 0
1993 2
2227 2
2303 0
1777 0
1286 0
1604 0
1861 0
1727 0
1082 0
843 0
551 0
683 0
809 0
1053 0
1429 0
1071 0
867 0
699 0
27 0
277 0
62 0
352 0
702 5
702 0
548 3
1042 0
1173 15
1014 0
628 0
439 1
601 0
696 0
785 0
856 0
865 0
818 0
748 10
747 2
705 0
219 2
341 0
76 0
36 0
0 0
0 0
0 0
0 0
9 0
25 0
207 0
195 0
113 0
119 0
164 0
237 0
130 0
91 0
92 0
102 0
80 0
40 0
2 0
0 0
8 0
0 0
8 0
10 0
0 0
0 0
7 0
0 0
0 0
5 0
18 0
0 0
16 0
35 0
31 0
69 0
37 0
34 0
9 0
1 0
0 0
13 0
1 0
2 0
0 0
0 0
2 0
0 0
0 0
0 0
0 0
0 0
0 0
0 0
0 0
0 0
0 0
0 0
0 0
0 0
0 0
0 0
0 0
0 0
0 0
0 0
0 0
0 0
0 0
0 0
0 0
0 0
0 0
0 0
0 0
0 0
5 0
3 0
0 0
2 0
1 0
1 0
0 0
0 0
0 0
0 0
0 0
1 0
0 0
95 0
294 2
147 2
157 0
64 0
8 0
24 0
82 0
74 0
151 2
45 0
0 0
0 0
0 0
0 0
2 0
0 0
0 0
0 0
0 0
0 0
0 0
270 0
649 0
1016 0
976 0
543 0
17 0
377 0
620 3
738 0
802 12
753 0
495 3
178 1
0 0
13 0
0 0
0 0
0 0
0 0
0 0
0 0
0 0
0 0
0 0
0 0
0 0
0 0
41 0
8 0
69 0
62 0
0 0
0 0
0 0
3 0
35 0
0 0
0 0
0 0
0 0
0 0
0 0
0 0
0 0
13 0
11 0
12 0
133 0
161 0
97 0
30 0
306 0
1043 0
1399 0
1551 0
1077 0
957 0
1290 0
903 0
821 0
1140 1
1755 0
1798 0
744 0
353 0
362 0
133 0
9 0
0 0
0 0
3 0
0 1
1 11
0 79
0 18
0 0
0 3
0 2
0 0
0 0
0 0
0 0
0 0
0 0
0 0
35 2
18 0
56 1
67 0
42 0
34 0
10 0
9 0
12 6
10 0
0 0
2 0
54 0
79 0
5 0
2 0
4 0
4 0
0 0
0 0
3 0
7 7
0 0
0 19
1 2
2 20
0 0
0 20
0 7
0 2
0 16
0 21
0 220
0 382
0 422
0 369
0 355
0 328
0 504
0 635
0 855
0 1008
8 918
9 768
122 679
426 527
400 545
175 386
38 257
40 275
17 479
0 562
1 389
23 610
21 731
19 534
28 354
8 71
0 19
0 40
0 16
0 0
0 0
0 5
2 15
4 18
4 10
41 10
101 8
33 5
8 1
0 0
0 2
0 0
0 0
2 0
0 0
0 3
0 11
0 10
0 6
0 0
0 0
0 0
0 0
0 0
6 0
26 0
15 0
0 0
0 0
3 0
0 0
0 0
0 0
0 0
0 0
0 0
0 0
0 0
5 0
0 0
0 0
0 0
0 0
0 0
0 0
0 0
0 1
0 0
0 0
0 0
0 0
0 0
0 0
0 0
0 0
0 0
0 0
0 0
0 0
0 0
0 0
0 0
0 0
1 0
0 0
0 0
0 0
0 0
0 0
0 0
0 0
0 0
7 0
0 0
0 0
3 0
31 0
1 0
7 0
0 0
9 0
0 0
61 0
44 0
0 0
0 0
9 0
3 0
0 0
0 0
0 0
0 0
0 0
0 0
0 0
0 0
0 0
1 0
0 0
0 0
0 0
0 0
0 0
0 0
0 3
0 0
0 0
0 0
0 0
0 0
0 6
0 1
0 2
0 0
0 0
0 0
0 0
0 0
0 0
0 0
0 0
0 0
