"pat" "th"
1581 403
730 566
278 684
223 978
124 1105
377 1027
196 936
71 678
356 516
472 426
359 341
219 343
71 335
20 96
4 84
3 52
5 84
2 10
0 6
1 5
0 7
2 7
0 7
2 18
1 0
0 0
0 3
0 0
0 0
0 0
0 0
0 0
0 0
0 0
0 0
0 0
0 0
0 1
69 3
150 2
497 8
680 10
1244 3
1745 2
1886 2
2349 0
2089 0
1375 0
1120 0
958 0
1187 4
1556 1
1996 1
1843 92
1913 219
2178 225
2158 282
2058 170
2689 132
3291 85
2399 155
927 296
1449 665
1517 959
1366 1094
769 1088
887 1240
936 1194
1449 1154
1110 1088
1160 1049
921 791
1536 598
1791 731
1507 796
1108 1350
734 1768
959 1921
530 1940
78 1489
272 982
312 855
239 725
381 811
234 596
193 390
245 422
228 461
200 589
127 664
113 913
130 719
39 880
21 978
39 1297
91 1332
207 1274
186 799
252 234
217 56
175 72
86 77
34 232
59 215
30 176
17 196
61 122
43 11
176 17
161 79
73 44
136 60
269 1
277 17
42 0
1 0
8 0
20 43
4 275
23 441
3 527
2 391
0 136
0 4
0 82
0 277
0 324
0 246
0 108
2 54
10 0
116 0
8 0
0 0
10 0
71 0
15 3
0 0
0 0
0 0
0 0
0 0
0 0
0 0
0 0
3 0
27 1
0 0
0 0
0 0
0 0
0 0
0 0
0 0
0 0
0 0
0 0
0 0
0 0
0 0
0 0
0 0
0 0
0 0
0 0
3 0
33 0
23 0
0 0
0 0
0 0
0 0
0 0
0 0
0 0
0 0
0 0
0 0
0 0
0 0
0 0
1 0
0 0
0 0
0 0
0 0
0 0
0 0
11 0
0 0
11 0
11 0
5 0
0 0
16 0
15 0
0 0
0 0
0 0
0 0
0 0
0 0
0 0
0 0
0 0
0 0
8 0
14 0
5 0
0 0
4 0
0 0
4 0
8 0
34 0
0 0
0 0
0 0
0 0
0 0
0 0
0 0
0 0
0 0
0 0
0 0
0 0
0 0
0 0
0 0
0 0
0 0
0 0
0 0
0 0
0 0
0 0
0 0
0 0
6 0
74 0
289 0
257 0
29 0
50 0
190 2
219 2
61 0
28 0
10 0
27 0
9 0
0 0
0 0
16 0
138 0
133 0
25 0
4 0
6 0
2 0
0 0
0 0
0 0
0 0
0 0
0 0
0 0
0 0
0 0
0 0
0 0
0 0
0 0
88 0
820 0
469 0
158 0
184 0
34 0
43 0
203 0
105 0
57 0
4 0
26 0
17 0
54 0
867 0
1636 0
759 0
38 0
406 0
101 0
60 0
363 0
690 0
782 0
911 0
615 0
180 0
288 0
205 0
76 0
0 0
7 0
66 0
0 0
0 0
32 0
15 0
7 0
0 0
2 0
0 0
0 0
0 29
0 68
5 36
5 4
0 9
0 0
0 0
1 0
12 0
61 0
29 0
53 0
21 0
18 2
74 5
146 5
99 0
66 17
43 0
8 3
8 0
147 0
119 5
44 0
1 0
0 0
2 0
4 0
37 0
92 0
168 2
291 0
313 0
613 2
629 6
567 2
411 0
407 0
149 0
231 4
608 4
490 2
265 0
190 0
428 0
369 0
139 0
73 0
54 0
179 0
191 0
116 0
9 0
0 0
0 3
1 0
0 0
5 1
13 0
7 0
1 0
0 0
2 0
4 0
7 1
17 0
0 0
4 0
9 0
2 12
2 0
42 32
83 17
27 12
0 0
0 0
0 1
0 0
0 0
0 0
1 0
15 0
38 0
31 0
27 0
4 0
0 0
36 0
33 0
0 0
7 0
0 0
0 0
0 0
0 0
0 0
0 0
0 0
0 0
0 0
0 0
0 0
0 0
0 0
0 0
0 0
0 0
0 0
0 0
0 0
0 0
0 0
0 0
0 0
0 0
10 0
0 0
0 0
41 0
0 0
0 0
0 0
0 0
0 0
7 0
0 0
0 0
0 0
0 0
0 0
0 0
2 0
0 0
2 0
0 0
0 0
0 0
0 0
5 0
8 0
22 0
0 0
0 0
0 0
2 0
0 0
0 0
3 0
11 0
0 0
13 0
3 0
0 0
0 0
8 0
1 0
30 0
160 0
589 0
1272 1
1595 3
1369 2
1210 0
571 2
709 1
944 1
826 0
249 0
149 0
341 1
375 0
334 0
349 0
364 0
754 32
1534 0
1634 7
1880 0
2096 0
2340 0
2656 0
2396 0
2545 1
1944 17
2373 3
1308 0
1455 0
1295 0
1460 0
1357 0
1339 0
1761 2
2076 2
2658 1
3202 0
2588 2
2164 2
1938 3
866 7
896 13
1295 12
246 15
107 0
86 1
130 0
67 2
98 0
117 0
109 0
88 0
135 0
138 0
7 0
9 0
17 0
13 0
0 0
0 0
1 0
3 1
1 0
2 0
12 0
8 0
1 0
0 0
1 0
5 0
0 0
0 0
0 0
0 0
0 0
34 0
62 0
4 0
57 0
404 0
1218 0
1543 0
1434 0
730 0
338 0
624 0
980 0
946 0
984 0
1104 0
358 0
105 0
7 0
0 18
0 192
8 464
21 530
60 465
94 556
67 811
15 1704
140 2947
52 3718
26 3980
33 3903
11 3462
41 2708
14 1888
46 1605
152 842
113 761
158 384
169 425
176 431
46 562
27 639
33 750
19 885
6 985
5 1062
12 985
4 1066
0 1236
0 1456
0 1463
3 1096
0 812
0 554
0 603
0 1053
0 1161
0 1387
0 949
0 717
0 489
0 49
0 79
0 240
0 265
0 61
0 0
0 0
5 177
4 277
7 243
3 82
0 23
0 0
0 0
0 0
0 0
0 0
0 0
0 0
0 0
0 0
0 0
0 0
0 0
0 0
0 0
0 0
0 0
0 0
0 0
0 0
0 0
0 0
0 0
0 0
0 0
0 0
0 0
0 0
0 0
0 0
0 0
0 0
0 0
0 0
0 0
0 0
0 0
0 0
0 0
0 0
0 0
0 0
0 0
0 0
0 0
0 0
0 0
0 0
0 0
0 0
0 0
0 0
0 0
0 0
0 0
0 0
0 0
0 0
0 0
0 0
0 0
493 0
1039 0
1340 0
1172 0
924 0
446 0
377 0
309 0
97 0
87 0
205 0
89 0
17 0
104 0
123 0
117 0
245 0
197 0
119 0
327 0
626 0
639 0
247 0
312 0
362 0
308 0
243 0
337 0
463 0
434 0
779 1
1801 4
2047 9
1736 11
1118 0
559 4
983 3
953 3
684 8
326 2
26 0
17 0
180 0
419 0
1030 2
1700 2
2495 0
2495 3
1357 11
150 6
409 1
69 0
43 0
37 0
127 0
138 0
286 0
332 0
274 0
266 0
427 0
372 0
573 0
843 0
376 0
644 0
771 0
689 0
590 0
449 0
370 0
361 0
268 0
203 0
120 0
105 0
39 0
484 0
689 0
897 0
802 0
427 0
379 0
352 1
181 0
61 0
4 0
2 2
0 0
0 0
2 0
93 0
165 0
80 0
2 0
0 0
0 0
0 0
0 0
0 0
0 6
0 0
4 0
1 0
0 0
0 0
0 0
0 0
0 0
0 0
0 0
0 0
0 0
0 0
2 0
0 0
0 0
0 0
0 0
0 0
23 0
42 0
29 0
9 0
2 0
6 0
0 0
0 0
0 0
9 0
11 0
21 0
5 0
4 0
1 0
1 0
0 0
0 0
0 0
0 0
0 0
0 0
0 0
0 0
0 0
0 0
0 0
0 0
0 0
1 0
3 0
0 0
0 0
0 0
0 0
0 0
0 0
0 0
0 0
0 0
0 0
0 0
0 0
0 0
0 0
0 0
0 0
0 0
0 0
0 0
0 0
0 0
0 0
0 0
0 0
0 0
0 0
0 0
0 0
0 0
0 0
0 0
1 0
15 0
2 0
0 0
2 0
0 0
13 0
9 0
0 0
0 0
0 0
0 0
0 0
0 0
0 0
0 0
0 0
0 0
1 0
0 0
0 0
0 0
0 0
0 0
0 0
0 0
366 0
505 0
352 0
227 0
399 0
304 0
167 0
182 0
50 1
9 0
5 0
21 0
18 0
5 0
5 0
14 0
25 0
6 0
1 0
0 0
0 0
0 0
0 0
0 0
5 0
35 0
14 0
6 0
0 0
0 0
0 0
5 0
0 0
5 0
0 0
1 0
5 0
4 0
0 0
0 0
0 0
0 0
1 0
0 0
0 0
0 0
0 0
0 0
0 0
0 0
0 0
0 0
0 0
0 0
0 0
0 0
0 0
0 0
0 0
0 0
0 0
0 0
0 0
0 0
0 0
0 0
0 0
5 0
0 0
0 0
0 0
0 0
0 0
0 0
0 0
0 0
0 0
26 0
207 0
147 0
102 0
48 0
54 0
15 0
0 0
2 0
16 0
11 0
2 0
0 0
0 0
1 0
93 0
173 0
192 0
15 0
0 0
0 0
0 0
1 0
0 0
1 0
1 0
2 0
0 0
0 0
0 0
2 0
0 0
14 0
0 0
0 0
0 0
0 0
2 0
6 0
0 0
30 0
3 0
0 0
0 0
0 0
0 0
0 0
0 0
0 0
0 0
0 0
0 0
0 0
0 0
0 0
0 0
0 0
0 0
0 0
0 0
0 0
0 0
0 0
0 0
0 0
0 0
0 0
0 0
0 0
0 0
0 0
0 0
0 0
0 0
0 0
0 0
0 0
0 0
0 0
0 0
0 0
0 0
0 0
0 0
0 0
0 0
0 0
0 0
0 0
0 0
1 0
0 0
0 0
0 0
0 0
0 0
0 0
0 0
0 0
0 0
0 0
0 0
0 0
0 0
0 0
0 0
0 0
0 0
0 0
0 0
0 0
0 0
0 0
0 0
0 0
1 0
0 0
0 0
0 0
0 0
0 0
0 0
0 0
0 0
0 0
0 0
0 0
0 0
0 0
0 0
0 0
0 0
0 0
0 0
0 0
4 0
43 0
114 0
192 0
323 0
225 0
42 0
12 0
36 0
21 0
16 0
0 0
0 0
0 0
0 0
0 0
0 0
0 0
0 0
0 0
0 0
0 0
0 0
0 0
0 0
0 0
0 0
4 0
0 0
0 0
0 0
0 0
0 0
0 0
0 0
0 0
0 0
13 0
93 0
106 0
109 0
146 0
189 0
98 0
85 0
495 0
942 1
882 0
580 2
449 0
131 1
169 0
10 0
427 0
336 0
260 4
337 0
318 0
425 0
440 0
301 0
302 0
437 0
608 0
504 0
211 0
21 0
3 0
1 0
2 0
0 0
0 0
3 0
0 0
0 0
0 0
0 0
1 0
2 0
4 0
75 0
104 0
30 0
6 0
6 0
166 0
301 0
218 0
96 0
11 0
138 0
420 0
502 0
298 0
0 0
116 0
227 0
259 0
695 0
877 0
959 0
1063 0
1208 0
868 0
316 0
313 0
553 0
664 0
659 0
441 0
51 1
24 0
0 0
13 0
0 0
0 0
0 0
0 0
0 0
0 0
0 0
0 0
0 0
0 0
0 0
15 0
2 0
0 0
11 0
11 0
0 0
0 0
0 0
0 0
0 0
1 0
0 0
0 0
0 0
0 0
0 0
13 0
27 0
112 0
169 0
171 0
69 0
32 0
0 0
1 0
48 0
242 0
383 0
315 0
415 0
507 0
444 0
377 0
149 0
71 0
99 0
98 0
3 0
23 0
5 0
51 0
40 0
11 0
23 0
2 0
6 0
1 0
23 0
15 0
0 0
0 0
0 0
9 0
2 0
0 0
1 0
0 0
18 0
30 0
5 0
0 0
90 0
85 0
544 0
1357 1
1991 0
1729 0
1268 0
782 1
515 0
1011 0
1290 0
1517 0
1980 0
2107 0
1865 0
1825 0
1794 0
990 0
754 0
900 0
982 0
1070 0
1147 0
1198 0
1114 0
1056 0
1148 0
1145 0
927 0
1055 0
1096 0
1476 0
1741 0
2037 0
2683 0
2999 0
2754 0
2350 0
1456 0
1435 0
1542 0
1699 0
1513 0
742 0
345 0
160 0
146 0
82 0
96 0
27 0
132 0
134 0
165 0
268 0
320 0
509 0
714 0
648 0
657 0
692 0
387 0
414 0
737 0
835 0
746 0
538 0
513 0
864 0
891 0
1322 0
1556 0
1506 0
1019 0
1509 0
1984 0
1993 0
1923 0
1409 0
326 0
251 0
484 0
394 0
140 0
64 0
151 0
115 0
44 0
34 0
37 0
49 0
35 0
11 0
3 0
36 0
35 0
55 0
120 0
306 0
457 0
490 0
492 0
461 3
351 0
181 0
202 0
204 0
405 1
803 0
931 0
722 0
376 8
708 0
1252 13
1555 0
1871 0
1895 0
1920 0
1889 0
1740 0
1440 1
1384 0
1585 0
1588 0
1561 0
1332 0
1142 0
532 0
280 0
729 0
870 0
939 0
964 0
822 0
823 0
931 0
990 0
1080 0
1213 0
1170 0
966 0
818 0
733 0
538 0
74 0
499 0
491 0
531 0
346 0
43 0
44 0
102 0
63 0
5 0
7 0
46 0
25 0
7 0
0 0
0 0
14 0
0 0
0 0
0 0
0 0
0 0
4 0
0 0
0 0
20 0
12 0
3 0
14 0
12 0
9 0
14 0
0 0
0 0
0 0
0 0
0 0
0 0
0 0
0 0
0 0
0 0
7 0
7 0
15 0
125 0
37 0
35 0
5 0
12 0
10 0
3 0
0 0
6 0
5 0
16 0
7 0
2 0
4 0
0 0
0 0
0 0
2 0
0 0
0 0
0 0
29 0
0 0
0 0
0 0
26 0
33 0
73 0
114 0
51 0
52 0
41 0
14 0
15 0
23 0
9 0
54 0
379 0
1232 0
1661 2
1160 2
1092 2
669 1
479 2
403 1
261 1
212 1
146 1
420 0
861 1
1249 0
1617 0
1471 0
919 0
1716 0
1572 0
1622 0
966 0
898 0
457 0
749 0
521 0
421 0
636 0
905 0
772 0
796 0
921 0
993 0
1055 0
984 0
819 0
864 0
727 0
344 0
347 0
643 0
548 0
267 0
59 0
57 0
18 0
9 0
17 0
23 0
12 0
0 0
3 0
536 0
1587 5
2316 9
2284 10
1495 1
579 0
327 0
756 0
686 0
639 2
719 1
407 0
135 1
57 0
159 5
176 3
436 2
696 2
562 0
178 0
590 0
865 0
989 0
942 0
793 0
360 0
84 0
53 0
220 3
220 2
135 1
136 2
479 2
636 0
906 0
1091 1
866 2
696 0
514 4
417 8
769 9
538 8
473 5
278 4
129 2
206 1
770 0
1271 2
1705 0
1957 0
1835 1
1096 0
1695 0
2123 0
1732 2
768 0
68 0
519 0
512 0
356 0
32 0
319 0
1631 1
2007 3
1778 0
2074 0
1497 3
806 3
1326 3
1205 1
1079 5
453 3
300 0
241 0
482 6
890 5
1057 3
1026 10
911 7
647 4
709 2
402 3
641 5
1039 3
968 1
695 0
402 1
299 2
622 2
557 1
401 0
287 0
140 0
98 0
59 0
264 0
309 0
147 0
55 0
189 0
207 0
182 0
285 0
502 0
1327 0
1885 0
2223 0
2684 0
2317 0
1313 0
308 0
294 0
215 0
69 0
95 0
18 0
15 0
13 0
26 1
69 0
96 0
173 0
66 10
12 0
18 1
4 0
5 0
6 0
0 0
0 0
0 0
0 0
0 0
0 0
0 0
0 0
0 0
0 0
0 0
0 0
8 0
0 0
0 0
1 0
0 0
0 0
0 0
0 0
0 0
0 0
0 0
6 0
36 0
49 0
39 0
51 0
69 0
113 0
58 0
14 0
0 0
0 0
0 0
0 0
0 0
1 0
0 0
0 0
0 0
0 0
0 0
0 0
0 0
0 0
0 0
0 0
0 0
0 0
0 0
0 0
0 0
0 0
25 0
777 0
800 0
620 0
593 0
287 0
88 0
142 0
122 0
143 0
128 0
362 0
429 0
16 0
19 0
41 0
35 0
167 0
131 0
302 0
668 0
968 0
760 0
600 0
575 0
389 0
420 1
354 0
115 0
877 0
1127 0
493 1
501 0
568 0
194 0
126 0
426 0
484 0
462 0
422 0
294 0
266 0
185 0
185 1
185 0
110 0
26 0
138 0
92 0
94 0
19 0
8 0
167 0
269 0
310 0
454 0
266 0
41 0
0 0
138 0
696 0
1445 0
1515 0
1083 0
212 0
821 0
844 0
616 3
1197 4
1211 5
1363 0
838 0
1048 0
565 0
521 0
567 0
452 0
253 0
359 0
372 0
406 0
518 0
377 0
369 0
435 0
496 0
285 0
600 0
1277 0
1573 0
814 0
788 0
788 0
638 0
472 7
473 0
504 4
1178 0
1465 0
874 0
325 0
332 0
135 0
150 0
238 0
463 0
610 0
731 6
467 0
403 3
792 0
773 5
718 0
1311 6
1770 2
2118 1
2087 1
2786 140
2458 31
1337 10
596 2
855 1
943 3
719 0
293 0
30 0
29 0
89 0
85 0
283 0
665 0
1108 0
2121 0
2127 0
1821 0
2073 3
2694 2
2461 0
2183 2
1714 2
1199 6
824 5
764 1
903 0
1158 0
917 1
1131 2
974 2
535 0
221 0
201 0
93 0
52 0
88 2
155 0
112 1
158 0
63 0
45 0
271 0
363 0
340 0
136 0
189 0
148 0
88 0
70 0
89 0
142 0
110 0
279 0
694 0
814 0
1112 0
2145 0
2754 0
2672 0
2212 2
1647 4
1270 3
1573 3
1515 2
1493 1
1428 0
1388 0
1414 0
1613 2
1569 1
1504 2
1077 3
650 0
476 2
300 0
158 0
95 0
691 0
1115 0
1205 0
1495 0
1716 0
1837 0
1502 0
948 0
264 0
798 0
1021 0
1114 0
1028 0
731 0
180 0
51 0
69 0
103 0
12 0
103 0
150 0
86 0
25 0
4 0
16 0
44 0
128 1
172 0
140 0
69 0
40 0
4 0
9 0
14 0
0 0
0 0
10 0
0 0
79 0
87 0
0 0
7 0
502 0
1345 0
1814 0
1479 0
1064 0
684 0
766 0
898 0
1075 0
979 0
645 0
688 0
922 0
906 0
512 0
143 0
434 0
845 1
1383 0
573 0
361 0
73 0
82 0
161 0
67 0
25 0
12 0
62 0
37 0
238 0
679 0
1251 0
1856 0
1997 0
1686 0
1356 0
845 0
1023 1
1210 0
967 0
692 0
683 0
771 0
871 0
883 0
844 0
921 0
684 0
671 0
1224 0
1451 0
1356 0
1355 0
1167 0
843 0
879 0
1379 0
1443 0
977 0
602 0
911 0
116 0
1126 0
1434 0
1869 0
2310 2
2553 0
2471 0
1791 0
986 0
408 0
167 0
412 0
267 0
206 0
55 0
14 0
8 0
10 0
17 0
6 0
0 0
1 0
15 0
215 0
685 0
1207 0
1435 0
1564 0
1643 1
1706 0
1646 0
1809 0
1755 0
1525 0
1261 0
647 4
1855 6
2232 3
2373 1
1855 0
695 0
213 0
217 0
919 0
1082 0
1224 0
1575 0
1588 0
1284 0
1049 0
1560 0
1555 0
1424 0
1394 0
1322 3
1370 6
1275 6
1094 9
2090 3
2336 0
2143 0
1375 4
929 1
856 3
522 0
1081 0
1137 0
1023 0
962 0
441 0
472 0
498 0
170 0
44 0
221 0
406 0
398 0
734 0
962 0
760 0
744 0
544 0
414 0
952 0
1471 0
1852 0
2532 1
3107 0
3057 0
2620 0
2464 0
2385 0
2515 0
2438 3
1998 5
1451 2
1180 6
2023 7
2502 0
2593 0
2849 0
2484 0
1846 0
484 0
545 0
453 4
231 1
19 6
12 0
20 3
67 0
9 0
1 0
129 0
52 0
223 0
1124 0
1568 0
1984 2
1539 1
1029 0
1752 0
2388 1
2633 0
1810 0
1703 21
607 0
777 1
607 0
165 0
134 0
262 1
208 2
26 0
226 0
210 0
127 0
69 0
202 0
143 0
64 0
34 0
16 0
3 0
2 0
1 0
10 0
41 0
21 0
173 0
226 0
137 1
138 0
166 0
415 0
142 0
0 0
312 0
611 0
920 0
1496 0
2119 0
2552 0
2999 0
2924 1
2921 1
1945 0
942 0
1083 0
824 0
693 0
18 0
91 0
64 0
33 0
0 0
0 0
0 0
0 0
25 0
28 0
61 0
92 0
76 0
58 0
34 0
3 0
20 0
21 0
0 0
9 0
0 0
0 0
0 0
0 0
0 0
0 0
0 0
0 0
0 0
0 4
0 0
0 0
0 0
0 0
1 0
0 0
0 0
0 0
0 0
0 0
0 0
0 0
1 0
0 0
0 0
0 0
0 0
0 0
0 0
0 0
0 0
0 0
0 0
4 0
26 0
2 0
6 0
3 0
19 0
0 0
0 0
2 0
0 0
13 0
4 0
6 0
26 0
21 0
139 0
202 0
185 0
490 0
387 0
300 0
592 0
913 0
997 0
1191 0
1193 0
1265 0
731 0
226 0
121 0
239 0
98 0
68 0
93 0
73 0
86 0
58 0
51 0
24 0
41 0
68 0
111 0
127 0
78 0
149 0
119 0
29 0
42 0
85 0
100 0
33 0
17 0
15 0
12 0
98 0
164 0
119 0
60 0
152 0
349 0
200 0
157 1
112 2
293 1
607 3
705 0
420 0
304 1
325 0
356 0
431 0
341 0
175 0
208 0
86 0
90 0
28 2
29 2
46 2
38 2
116 3
145 0
86 0
5 0
0 0
0 0
11 0
6 0
1 0
2 0
0 0
0 0
1 0
0 0
0 0
0 0
0 0
0 0
1 0
8 0
0 0
0 0
0 0
0 0
0 0
0 0
0 0
0 0
0 0
0 0
0 0
4 0
30 0
0 0
0 0
0 0
6 0
0 0
0 0
0 0
2 0
1 0
0 0
5 0
6 0
0 0
0 0
0 0
0 0
0 0
0 0
0 0
0 0
0 0
0 0
0 0
0 0
0 0
0 0
0 0
0 0
0 0
0 0
0 0
0 0
0 0
0 0
0 0
0 0
0 0
0 0
0 0
0 0
0 0
0 0
0 0
0 0
0 0
0 0
0 0
0 0
0 0
0 0
0 0
1 0
0 0
12 0
5 0
227 3
616 4
846 2
701 0
849 0
1915 0
2518 0
1277 0
1142 0
629 0
157 0
245 0
653 0
872 0
884 0
854 0
576 0
167 0
51 0
177 0
257 0
497 0
319 0
110 0
26 0
99 0
1005 0
2112 0
1832 0
603 0
630 0
1249 1
1775 0
970 0
84 0
546 0
351 0
74 0
93 0
186 0
40 0
84 0
445 0
1265 0
2415 0
2726 0
2441 1
1572 0
657 0
269 0
751 0
796 0
389 0
0 0
0 0
0 0
124 0
63 0
5 0
53 0
51 0
150 0
552 0
971 0
1110 0
1170 0
1641 0
1733 0
1039 0
849 0
507 0
378 0
477 0
361 0
139 0
17 0
0 0
0 0
36 0
385 0
2185 0
3593 1
2630 0
2372 0
1936 0
882 0
316 0
1271 0
892 0
100 0
74 0
207 0
62 0
76 0
142 0
137 0
70 0
40 0
238 0
42 0
0 0
142 0
3 0
15 0
48 0
19 0
130 0
934 0
1161 0
1333 0
2123 0
2539 0
2068 0
1162 0
88 0
47 0
33 0
5 0
1 0
0 0
1 0
5 0
0 0
77 0
10 0
9 0
10 0
6 0
0 0
0 0
0 0
0 0
8 0
0 0
4 0
30 0
1 0
8 0
0 0
0 0
169 0
130 0
31 0
25 0
2 0
1 0
3 0
0 0
0 0
0 0
0 0
1 0
0 0
0 0
0 0
0 0
4 0
25 0
32 0
49 0
66 0
19 0
11 0
20 0
50 0
150 0
148 0
112 0
163 0
157 0
121 0
122 0
103 0
162 3
423 3
492 2
320 1
211 0
117 0
41 0
103 0
126 0
315 2
373 3
489 0
78 0
20 0
28 0
153 0
391 0
317 0
0 0
3 0
9 0
5 0
1 0
1 0
0 0
0 0
0 0
0 0
0 0
5 0
25 0
8 0
4 0
55 0
27 0
79 1
129 0
24 0
27 0
24 0
118 0
25 0
94 0
49 0
97 0
135 0
250 1
167 0
14 0
5 0
24 0
7 0
132 0
256 0
512 0
254 0
395 0
231 0
251 0
450 0
70 0
209 0
215 0
49 0
282 0
248 0
472 0
987 1
1490 4
847 3
757 3
540 0
155 0
69 0
116 0
225 0
42 0
24 0
7 0
37 2
80 2
70 2
5 0
2 0
0 0
51 0
206 0
157 0
248 0
179 3
135 3
90 1
19 0
123 1
22 0
394 0
1504 2
2437 0
2540 0
1967 0
3007 2
3531 0
3501 3
4252 3
4472 3
3486 3
3309 1
3129 2
2469 14
2028 26
1498 25
1327 25
1220 22
1785 25
1946 19
2491 3
2756 3
2775 3
2745 1
1634 3
792 0
873 0
1397 0
1388 0
1256 0
1374 0
1783 0
2201 2
2318 3
2650 1
2862 1
2689 4
2340 5
1838 18
1897 24
2159 38
2059 33
1808 30
1564 23
1473 20
1197 8
1177 4
1101 0
728 0
994 0
1291 0
1652 0
1756 0
1639 0
1470 0
2065 0
2230 0
2445 0
2866 1
2728 1
2724 0
3064 1
3592 0
3756 0
4199 2
4219 0
3578 2
2757 2
2021 1
1861 2
2046 2
933 2
498 0
430 0
455 0
378 0
305 0
364 3
259 3
509 3
842 4
874 8
737 3
433 3
339 0
397 0
189 0
514 1
1087 8
1668 10
1578 12
1041 7
634 6
573 3
186 2
81 3
20 0
40 1
20 1
2 0
0 0
0 0
4 0
89 2
95 2
124 0
1 0
0 0
0 0
0 0
0 0
0 0
0 0
1 0
50 0
455 0
732 0
683 0
81 0
296 0
472 0
42 0
45 0
141 0
259 0
288 0
135 0
90 0
114 2
105 1
73 0
22 0
0 0
0 0
0 0
1 0
0 0
0 0
0 0
0 0
0 0
0 0
0 0
0 0
0 0
0 0
0 0
0 0
2 0
0 0
0 0
0 0
0 0
0 0
0 0
0 0
0 0
0 0
0 0
0 0
0 0
0 0
1 1
0 0
0 0
0 0
0 0
0 0
0 0
0 0
0 0
0 0
0 0
4 0
0 0
0 0
0 0
0 0
39 0
265 0
862 0
1527 0
1723 0
1310 1
527 0
259 0
53 0
85 0
68 0
20 0
51 0
14 0
2 0
34 0
0 0
5 0
0 0
0 0
5 0
9 0
152 0
110 0
177 0
507 0
908 0
1024 0
893 0
643 0
267 0
1 0
19 0
46 0
105 0
411 0
994 0
939 0
801 0
645 0
620 0
1238 0
1459 0
1274 0
454 0
68 0
506 0
540 0
223 0
446 0
527 0
586 0
605 0
457 0
306 0
100 0
115 0
61 0
139 0
121 0
13 0
53 0
85 0
40 0
109 0
152 0
292 0
908 0
1541 0
2136 0
2101 0
2160 0
1798 0
652 0
181 0
1070 0
1074 0
642 0
574 0
800 2
947 2
1221 1
1024 0
710 0
562 0
696 0
492 0
435 0
755 0
772 0
647 0
770 0
1131 0
1698 0
1632 3
1379 2
1084 2
673 0
512 0
239 0
167 0
301 0
346 0
376 0
869 0
1250 0
1705 0
2828 0
3697 1
4312 5
4334 6
3571 4
2085 3
1001 2
683 3
899 0
642 2
284 2
221 3
459 1
1163 0
1057 0
1176 0
1189 0
1035 0
786 0
483 0
766 0
1341 0
1470 0
1563 0
1509 0
1480 0
1121 0
1030 0
960 0
822 0
772 0
686 0
602 0
512 0
1075 0
887 0
312 0
472 0
328 0
465 0
855 0
614 1
486 0
434 0
103 0
467 0
107 0
381 0
399 0
45 0
338 0
244 0
242 0
248 0
350 0
257 0
107 0
138 0
513 0
767 0
336 0
10 0
27 0
11 0
32 0
120 0
235 0
557 0
1348 0
2235 0
2677 0
2532 0
1313 0
687 0
284 0
102 0
191 0
29 0
8 0
0 0
0 0
34 0
5 0
9 0
0 0
0 0
0 0
45 0
159 0
26 0
93 0
96 0
154 0
456 0
598 0
1252 1
1804 1
2008 1
2084 1
1935 2
2126 6
1859 11
1667 8
1718 7
2607 6
2251 3
2131 2
2188 0
2273 4
1537 7
592 7
1082 5
886 5
656 3
480 0
374 0
297 0
280 0
548 0
818 0
948 0
1171 2
1120 2
957 4
884 2
1053 2
1187 0
859 2
496 1
645 0
720 0
840 1
1183 4
1434 5
1469 5
1536 7
1311 12
1384 14
1807 8
1459 3
1642 6
1858 12
1880 5
2122 10
2002 4
3235 4
3773 10
2951 8
2344 5
2276 9
2317 5
1939 6
1973 8
1524 0
1296 0
1068 0
1292 0
1307 0
1299 1
1197 1
943 0
625 0
602 0
1076 2
1129 2
1254 4
868 0
510 0
438 0
713 2
916 0
858 0
684 0
818 1
718 2
602 1
1151 2
1740 5
2295 6
2889 4
3160 6
3100 95
2961 137
2567 137
2436 125
2057 86
1609 90
1406 245
1356 363
1257 511
1250 945
1344 1676
846 2239
927 2743
710 3488
729 3802
848 4051
985 4040
1180 3911
1321 3826
1067 3695
777 3437
474 2650
345 2364
306 2186
189 1654
128 1295
178 963
427 672
452 671
729 839
971 910
1172 968
1545 984
1448 838
1187 864
979 856
563 770
191 1137
99 1317
128 1363
177 1181
184 1295
146 1453
355 1515
505 1839
563 2122
536 2627
549 2341
457 2038
533 1750
306 1433
364 1892
433 1919
658 1709
738 1684
545 1762
101 1784
106 1759
46 1691
39 1958
23 1718
111 1698
263 1263
301 812
304 437
284 211
165 144
120 46
483 87
508 74
613 19
823 28
1116 154
1298 171
1464 113
1559 229
2227 481
2408 256
2439 93
2860 7
2682 52
1770 132
1504 134
446 107
898 97
680 37
102 20
160 14
95 55
72 84
108 7
127 9
188 7
246 11
360 43
705 0
1097 1
1429 2
1697 10
1571 1
1503 0
1225 0
988 2
1071 0
1132 0
1280 0
1451 0
1395 0
1034 0
602 0
467 6
611 1
967 5
1231 0
879 0
409 0
547 0
962 0
1013 0
504 1
401 0
920 2
871 0
629 0
817 0
1662 0
2736 0
2858 0
2256 0
697 0
231 0
121 0
37 0
1 0
1 0
15 1
185 0
125 0
108 0
121 1
28 0
11 0
4 2
6 0
0 0
18 0
21 0
25 10
39 44
15 76
21 102
14 168
4 194
1 111
4 85
1 93
0 90
2 90
1160 8
3000 24
3966 111
3422 53
3413 3
2821 0
1999 3
1424 44
1615 49
2012 9
2489 7
2897 3
2695 3
2711 2
2490 0
2560 0
3272 10
3116 3
1287 9
1225 37
1388 22
574 18
572 0
1757 2
4220 6
5150 6
4800 2
4526 0
3534 4
2764 7
2405 7
3329 3
3427 0
3317 0
2217 1
1992 1
1758 0
1629 0
1193 0
1092 0
892 0
846 0
1074 0
1736 0
2087 0
2798 0
3476 0
3581 0
3625 0
3513 0
3349 0
2820 1
1332 0
1639 0
2427 0
2748 0
2507 0
2043 0
1803 1
1380 0
1133 0
1112 0
1401 2
1667 0
1719 1
1568 2
1299 0
794 0
672 0
1186 0
1958 0
2742 0
3378 0
3437 0
4116 0
4058 1
2299 3
2051 1
1359 0
1225 0
1151 0
983 0
582 2
416 4
921 3
708 0
484 0
306 0
322 0
283 1
231 4
355 2
473 0
354 0
305 0
230 0
76 0
83 0
55 0
122 0
263 1
326 0
248 0
363 0
243 0
247 0
308 0
167 0
263 0
382 0
341 0
333 0
124 0
69 0
237 0
195 0
142 0
90 0
19 0
171 0
321 0
469 0
431 0
439 0
259 0
319 0
220 0
123 0
141 0
220 0
429 0
432 0
352 0
315 0
78 0
6 0
2 0
34 0
7 0
0 0
0 0
0 0
1 0
0 0
0 0
0 0
0 0
0 0
0 0
3 0
0 0
0 0
0 0
0 0
0 0
0 0
0 0
0 0
0 0
0 0
0 0
0 0
0 0
0 0
0 0
0 0
0 0
4 0
0 0
0 0
0 0
0 0
0 0
0 0
25 0
2 0
4 0
0 0
0 0
7 0
235 0
200 0
356 0
592 0
1099 0
1088 0
856 2
948 2
956 0
891 0
1428 0
1705 0
1436 0
1049 0
419 0
567 1
782 0
975 0
719 0
461 0
767 0
1335 0
1289 0
1050 0
709 0
333 0
268 0
689 0
739 0
686 0
724 0
1256 0
1574 0
1924 0
2025 0
1283 0
764 0
669 2
334 3
284 4
278 5
381 3
449 4
372 4
287 2
149 0
183 0
175 2
182 0
169 0
141 2
220 3
73 0
62 0
66 0
5 0
0 0
5 0
6 0
202 0
381 0
369 0
84 0
106 0
179 0
284 4
183 3
654 5
782 3
799 1
541 0
364 0
164 0
316 0
414 0
402 0
329 0
4 0
4 0
0 0
5 0
87 0
234 0
78 0
0 0
34 0
78 0
67 0
81 0
58 0
56 0
6 0
0 0
0 0
1 0
0 0
6 0
3 0
9 0
1 0
0 0
0 0
15 0
7 0
0 0
5 0
6 0
22 0
29 0
65 0
100 0
9 0
17 0
17 0
2 0
57 0
0 0
0 0
0 0
4 0
0 0
8 0
15 0
60 6
10 3
29 0
0 0
0 0
0 0
0 0
0 0
0 0
0 0
0 0
0 0
0 0
0 0
0 81
0 583
4 1036
4 1007
14 851
22 751
19 619
28 621
101 715
97 724
18 673
23 597
13 484
7 93
0 272
7 275
30 140
15 2
43 19
34 67
0 4
0 0
0 18
0 104
1 259
2 225
1 210
2 97
1 43
0 65
0 39
9 48
6 354
6 946
16 1173
10 1637
4 925
123 729
200 633
185 199
36 62
70 146
93 166
27 0
8 15
48 5
6 0
21 0
20 0
7 0
0 0
52 0
230 0
83 0
109 0
45 0
10 0
115 0
32 0
54 0
36 0
58 0
116 0
116 0
69 0
42 0
2 0
4 0
36 0
38 0
40 0
0 0
0 0
0 0
14 0
12 0
0 0
0 0
0 0
9 0
18 0
156 0
236 0
16 0
264 0
18 0
20 0
30 0
19 0
3 0
0 0
0 0
0 0
0 0
55 0
88 0
251 0
1480 2
2574 4
2563 3
2498 4
2797 1
2252 0
1406 1
1505 2
1646 4
1686 2
2497 1
3092 0
2772 0
2234 0
2095 0
1756 0
1511 0
1114 0
1238 0
1341 5
1313 7
1457 9
2106 10
829 0
988 0
1126 0
786 1
1574 3
1880 9
1371 13
2085 17
2877 9
2228 1
1242 0
1312 0
2114 0
2184 1
2675 0
2988 0
2803 2
2096 1
1123 3
497 7
317 3
614 0
910 0
931 1
950 0
588 2
263 0
238 0
765 0
594 0
448 1
794 0
572 10
941 8
1608 0
2295 0
2670 0
3167 0
3322 0
2963 0
2964 0
3044 0
3754 0
4039 0
3709 0
3135 1
2223 0
1231 0
818 0
369 0
93 0
338 0
121 0
7 0
30 0
23 0
32 0
4 0
0 0
12 0
6 0
11 0
17 0
20 0
106 0
155 0
26 0
57 0
76 0
153 0
177 0
78 0
159 0
242 0
207 0
497 0
986 0
993 0
580 0
535 0
492 0
513 0
359 0
336 0
368 0
186 0
193 0
196 0
29 0
26 0
174 0
449 0
728 0
1118 0
947 0
536 0
204 0
12 0
14 0
0 0
4 0
0 0
0 0
0 0
0 0
0 0
0 0
0 0
0 0
0 0
0 0
0 0
0 0
0 0
0 0
0 0
0 0
0 0
0 0
0 0
0 0
0 0
0 0
0 0
0 0
0 0
0 0
0 0
5 0
33 0
0 0
0 0
0 0
0 0
0 0
0 0
0 0
1 1
0 0
0 0
0 0
0 0
0 0
0 0
0 0
0 0
0 0
16 0
834 5
579 7
696 8
1329 4
916 4
391 2
294 2
91 4
94 0
410 4
548 4
456 4
816 8
663 6
330 19
317 1
258 8
4 1
14 2
140 0
2 73
38 58
126 8
80 0
17 2
8 0
0 0
0 0
10 0
2 0
3 0
2 17
0 21
276 6
611 0
508 1
101 2
373 1
484 3
342 5
274 2
160 2
58 1
31 1
32 4
23 1
78 2
56 2
36 0
14 2
11 0
12 0
0 0
0 0
0 0
1 0
1 0
11 0
0 0
1 0
0 0
0 0
9 0
16 0
92 0
63 0
15 0
19 0
23 0
14 0
34 0
45 0
82 1
91 2
88 3
52 3
26 0
44 0
8 0
4 0
11 0
0 0
0 0
0 0
5 0
6 0
0 0
2 0
0 0
3 0
0 0
0 0
0 0
0 0
0 0
0 0
5 0
0 0
3 0
0 0
0 0
0 0
9 0
4 0
12 0
15 0
34 0
25 0
23 0
25 0
8 0
1 0
0 0
0 0
2 0
0 0
0 0
0 0
3 0
30 0
191 0
332 0
221 0
96 0
298 0
349 0
165 0
81 0
126 2
288 2
411 2
453 3
347 5
73 1
70 0
359 0
261 0
102 0
53 0
13 0
0 0
39 0
63 0
98 0
117 0
10 0
4 0
0 0
4 0
0 0
0 0
0 0
0 0
9 0
32 0
60 0
21 0
98 0
481 2
558 0
52 0
257 0
412 0
59 0
21 0
14 0
0 0
25 0
5 0
16 0
3 0
9 0
0 0
2 1
12 0
67 0
174 1
440 3
867 3
770 2
238 0
0 0
115 0
251 0
119 0
8 0
0 0
24 0
0 0
4 0
0 0
0 0
4 0
119 0
27 0
41 0
35 0
11 0
4 0
5 0
0 0
2 0
19 0
12 0
6 0
67 0
38 0
4 0
21 0
19 0
6 0
12 0
0 0
0 0
10 0
0 0
5 0
45 0
26 0
5 0
2 0
168 0
457 0
574 0
299 0
0 0
73 0
32 0
0 0
0 0
0 0
0 0
0 0
0 0
0 0
0 0
1 0
1 0
7 0
12 0
0 0
1 0
0 0
0 0
0 0
0 0
2 0
947 0
1459 0
862 0
569 0
1239 0
1148 0
324 0
111 0
437 0
423 3
553 3
584 3
645 0
409 0
502 1
807 5
439 2
7 0
41 0
142 1
49 1
80 0
75 0
11 0
5 0
7 0
11 0
0 0
1 0
19 0
0 0
3 0
317 0
1545 2
1343 1
439 0
1441 0
955 0
77 0
82 0
376 0
155 0
281 2
1119 3
1453 3
807 1
338 0
407 1
255 3
405 4
115 2
53 1
0 0
3 0
17 0
0 0
22 0
165 0
112 0
60 0
71 4
119 0
72 0
18 0
57 0
200 0
54 0
129 0
186 0
1036 0
1390 0
1087 7
142 0
679 0
605 0
238 6
29 148
2 98
5 62
67 32
239 45
338 39
58 8
45 0
23 4
22 15
4 25
13 24
0 8
36 0
84 2
238 0
551 0
495 1
202 3
38 0
330 0
284 0
57 0
15 0
9 0
14 0
13 0
0 0
2 0
0 3
30 0
674 0
1689 4
1489 4
592 3
150 2
266 0
463 0
335 0
361 0
767 0
2298 13
3393 0
3796 0
2743 1
3024 0
4227 0
4008 3
2844 4
2473 0
3230 1
3370 1
2483 1
2067 2
903 0
1211 0
1501 0
1416 0
1410 0
1656 0
1607 3
1295 0
1064 0
1701 0
2243 0
2010 0
1225 0
599 0
1063 9
1377 7
1289 3
1224 0
981 0
693 0
530 0
1018 0
1421 0
1658 0
2101 0
2656 3
2995 0
2995 0
3278 0
3026 0
2935 0
2638 0
2223 0
1289 0
795 0
611 0
733 0
1275 0
881 0
754 0
339 0
209 0
201 0
291 0
76 0
172 0
339 0
159 0
342 0
649 1
575 0
501 0
293 0
7 0
19 1
0 8
55 12
88 0
236 0
211 0
227 0
254 0
261 0
237 0
394 0
328 0
217 0
188 0
282 0
703 0
693 1
713 2
676 0
594 0
438 0
230 0
154 0
132 0
33 0
82 0
53 0
0 0
23 0
0 0
33 0
47 0
8 1
1 1
2 0
0 0
0 0
0 0
0 1
0 0
2 0
0 0
0 0
1 0
1 0
28 0
14 0
0 0
0 0
5 0
0 0
0 0
0 0
0 0
0 0
0 0
0 0
0 0
3 0
0 0
5 0
0 0
10 0
53 2
97 2
37 1
14 0
2 0
0 0
0 0
0 0
0 0
0 0
0 0
0 0
0 0
0 0
0 0
0 0
0 0
0 0
0 0
0 0
0 0
0 0
0 0
0 0
0 0
0 0
0 0
0 0
0 0
0 0
0 0
0 0
0 0
0 0
0 0
0 0
0 0
0 0
0 0
0 0
0 0
36 0
729 0
640 0
220 0
127 0
95 0
88 0
16 0
7 0
0 0
0 0
2 0
1 0
0 0
0 0
0 0
4 0
60 0
157 0
202 0
261 0
296 0
274 0
478 0
545 0
112 0
89 0
0 0
0 0
12 0
25 0
45 0
75 0
158 0
204 0
139 0
115 0
122 0
95 0
23 0
82 1
134 3
58 0
13 0
3 0
0 0
0 0
0 0
0 0
0 0
28 0
200 0
809 0
710 0
544 0
305 0
315 2
525 4
533 3
375 6
434 5
384 1
130 2
9 0
4 0
50 0
30 0
9 0
20 0
0 0
16 0
282 0
383 0
314 0
91 0
46 0
17 0
0 0
1 0
8 0
1 0
2 0
5 0
1 0
0 0
0 0
87 0
46 0
0 0
22 0
34 0
66 0
105 0
22 0
20 0
34 0
12 0
13 0
0 0
5 0
0 0
0 0
0 0
0 0
2 0
0 0
0 0
0 0
0 0
0 0
2 0
0 0
15 0
9 0
12 0
6 0
26 0
51 0
24 0
5 0
15 0
11 0
12 0
0 0
0 0
2 0
0 0
0 0
0 0
0 0
0 0
0 0
0 0
0 0
0 0
43 0
209 0
232 0
266 0
162 0
22 0
274 0
301 0
157 0
49 0
5 0
5 0
15 0
34 0
75 0
116 0
7 0
25 0
20 0
28 0
19 0
0 0
0 0
6 0
0 0
2 0
2 0
0 0
1 0
6 0
21 0
8 0
21 0
0 0
15 0
35 0
13 0
3 0
12 0
21 0
245 0
476 0
577 0
284 0
266 0
668 0
850 0
367 0
12 0
0 0
1 0
14 0
33 0
43 0
53 0
89 0
27 0
47 0
20 0
22 0
35 0
39 0
34 0
79 0
69 0
42 0
10 0
6 0
0 0
5 0
0 0
8 0
0 0
0 0
0 0
0 0
0 0
0 0
0 0
0 0
0 0
0 0
0 0
0 0
0 0
0 0
0 0
0 0
0 0
0 0
0 0
0 0
0 0
1 0
0 0
0 0
0 0
0 0
0 0
0 0
0 0
0 0
0 0
0 0
0 0
0 0
0 0
0 0
0 0
0 0
0 0
0 0
133 0
708 0
1139 2
674 1
540 2
327 2
95 0
119 0
163 0
176 0
98 0
89 0
111 0
23 0
4 0
36 0
449 0
1094 0
1950 0
3103 0
3693 0
3663 2
3002 0
2946 0
2546 0
1549 0
602 2
1099 4
1642 5
1976 4
2348 3
2587 2
2476 1
1602 1
1100 0
1109 0
1550 0
1752 0
1133 0
969 0
1149 0
1163 1
1507 4
1719 3
2099 0
1999 2
1464 4
1766 5
2019 2
1532 0
1057 0
745 0
974 0
1270 0
1317 0
1278 2
915 19
838 24
857 5
850 3
853 1
787 0
788 0
752 0
786 0
787 0
867 0
651 0
249 0
52 0
67 0
84 0
1 0
22 0
117 0
117 0
239 0
556 0
758 0
752 0
965 0
718 0
951 0
816 2
955 4
1045 6
801 6
169 0
277 6
114 0
85 1
0 0
6 0
8 0
0 0
0 0
153 0
432 0
1253 0
1505 1
1722 0
1619 0
1677 0
1371 0
1054 0
1062 0
1122 0
1307 0
1105 0
1354 1
1577 0
1469 0
1104 0
658 0
387 0
387 0
206 0
53 0
50 0
34 0
162 0
427 0
350 0
669 0
1258 0
1371 0
1096 0
593 0
146 0
123 0
174 0
143 0
67 0
76 0
472 0
638 0
818 0
973 1
1477 0
2114 0
2511 0
2243 0
1150 0
477 0
471 0
308 0
101 0
44 0
3 0
5 0
2 0
3 0
0 0
0 0
0 0
0 11
0 2
3 2
0 0
5 0
5 0
0 0
27 0
0 0
0 0
0 0
0 0
0 0
0 0
0 0
0 0
0 0
0 0
643 0
1327 3
2230 0
2385 0
2633 0
2702 0
2395 0
1728 0
1459 1
1594 0
1891 1
2215 3
2214 5
1499 1
479 0
553 0
670 0
511 0
517 0
412 0
210 0
264 0
282 0
304 0
76 0
220 0
375 0
252 0
151 0
437 0
562 0
373 0
0 0
219 0
331 0
145 0
3 0
167 0
80 0
37 0
347 0
745 0
891 0
1596 0
2293 0
2778 0
3298 0
3360 0
2717 0
2214 0
1394 0
1417 0
463 0
555 0
431 0
158 0
94 0
81 0
22 0
13 0
0 0
0 9
0 0
7 0
12 0
11 0
26 0
0 0
0 0
65 0
0 0
24 0
56 0
88 0
0 0
0 0
0 0
4 0
0 0
2 0
0 0
0 0
0 0
52 0
179 2
120 0
84 1
0 0
21 0
32 0
525 0
1571 2
2572 0
3002 0
2805 0
2597 0
2062 0
1720 0
652 0
266 0
548 0
695 0
651 0
505 0
607 0
1352 0
2524 0
3272 0
3651 0
2889 2
1933 0
1348 0
623 0
585 0
310 0
114 0
51 0
70 0
30 0
56 0
55 0
62 1
50 0
120 0
59 0
3 0
3 0
43 0
283 5
231 5
100 0
8 0
4 0
4 0
4 0
0 0
0 0
0 13
0 258
2 394
3 453
4 456
11 184
5 41
8 251
17 611
26 1167
77 2300
85 3425
87 3925
213 4519
263 4913
294 5272
203 5584
184 5818
222 6186
214 6627
183 6552
291 6348
365 5835
107 5337
196 4879
415 5153
372 5939
406 5684
418 4678
404 4418
409 4062
318 3507
281 2869
181 3067
101 3206
32 2661
46 2032
83 2051
144 1819
502 1572
1093 1239
979 1235
940 943
653 501
929 413
1093 365
851 199
508 322
287 510
568 367
1001 255
1188 369
660 356
424 215
106 201
101 144
89 253
28 173
42 74
92 102
73 161
115 272
460 139
663 107
814 251
872 183
736 163
409 191
211 107
178 28
133 60
38 149
18 86
2 17
0 220
17 218
3 63
2 31
0 71
11 65
9 53
13 25
21 84
10 277
43 229
15 93
0 2
0 21
1 131
52 200
48 125
55 48
22 98
5 153
4 151
0 0
7 16
20 73
5 146
7 101
5 7
1 83
3 129
15 23
58 27
114 55
63 162
55 159
75 14
142 58
296 101
227 82
89 21
100 22
275 62
350 34
173 34
84 5
68 12
10 115
36 139
154 126
272 56
197 0
193 0
132 19
22 0
28 0
14 21
13 13
25 0
69 29
5 61
14 50
4 14
36 10
91 22
164 6
142 24
57 44
29 22
13 37
11 31
0 15
0 5
0 1
0 0
0 0
0 0
0 0
0 0
0 2
0 12
0 0
0 0
0 0
0 0
0 0
2 19
0 2
0 1
0 2
0 0
4 0
0 0
5 1
7 0
12 0
0 0
0 0
0 0
0 0
2 0
0 0
0 0
0 0
0 0
0 0
3 0
19 0
26 0
16 0
29 0
5 0
4 2
26 0
21 1
5 9
5 0
24 5
69 11
67 36
170 96
84 235
0 260
21 371
4 436
9 479
0 547
3 683
58 736
51 717
16 779
38 812
34 727
4 555
31 449
10 325
0 121
1 35
0 10
20 28
6 95
1 179
0 178
0 177
24 131
20 0
14 2
7 256
5 198
76 12
210 20
295 138
327 188
128 127
156 64
91 16
115 37
120 12
56 50
163 36
116 57
115 27
161 19
149 0
161 6
209 29
187 126
353 430
343 571
197 624
155 556
10 478
391 505
743 537
946 593
1013 652
1010 585
1569 616
1572 591
1564 589
2084 529
1778 295
1534 151
1340 46
756 58
593 48
1023 14
1294 10
1611 1
1615 1
1336 4
913 5
285 211
464 433
862 508
1291 215
1372 10
1278 17
589 34
353 59
360 143
11 90
192 87
561 22
828 0
871 0
1010 0
1467 1
1505 11
907 13
969 0
1002 2
581 0
617 0
813 0
884 0
652 0
270 0
201 3
113 0
45 0
9 0
8 0
0 0
1 0
13 0
4 0
62 0
20 0
70 0
14 0
4 0
27 0
150 0
285 0
288 17
168 135
114 296
178 362
211 280
184 166
116 64
21 5
85 0
37 1
0 1
0 42
0 25
0 52
0 135
2 254
0 213
0 228
7 137
0 71
0 24
0 0
0 0
0 0
4 0
0 0
0 0
0 0
59 0
454 0
767 0
813 0
954 2
1157 0
664 1
469 0
862 0
953 0
302 0
29 0
83 0
7 0
270 0
468 0
597 0
745 0
474 13
358 0
82 16
6 0
59 11
13 0
0 18
34 393
26 666
162 661
105 811
7 826
0 733
89 740
169 698
511 662
1067 715
1998 695
2564 750
2883 495
2754 441
2889 505
2794 577
2455 580
2494 511
2469 500
2090 429
2039 208
1572 34
1006 60
620 35
620 34
865 11
938 6
915 7
929 4
795 2
430 0
402 1
616 0
690 4
654 34
214 185
329 215
758 142
783 65
628 39
392 13
641 5
811 21
767 13
568 4
656 1
831 3
898 2
540 0
833 1
1062 0
1099 2
1135 0
651 0
621 0
632 3
968 6
1116 6
843 4
722 0
544 2
664 3
698 2
691 1
755 0
567 0
720 1
723 0
882 2
876 6
864 3
757 3
678 3
649 0
817 9
703 9
586 12
565 18
476 14
620 20
814 16
719 15
398 7
565 15
745 17
828 15
808 28
682 21
298 8
281 15
364 18
479 21
312 10
135 10
260 9
254 15
150 9
160 10
172 7
350 13
576 17
667 20
642 8
896 14
1087 18
1224 19
1388 19
992 9
630 13
542 15
861 13
1015 18
1151 19
947 22
920 23
875 32
688 0
733 3
653 7
627 15
606 17
751 9
1025 3
1426 7
1362 14
1253 23
674 11
956 23
1179 22
1278 28
1293 19
1090 18
748 27
503 14
627 27
642 26
752 28
1160 27
1278 22
1265 18
1062 15
548 11
198 0
292 14
772 14
1246 15
1497 17
1575 20
1463 24
1247 30
883 20
537 8
415 8
715 16
659 14
1484 31
1736 33
1406 19
1169 13
615 8
1042 11
1115 7
1317 12
1340 34
820 28
702 47
397 24
940 25
1797 15
1798 17
1264 5
661 9
759 8
1504 14
1335 13
924 10
720 19
1106 18
1137 13
980 10
487 6
239 6
571 3
602 9
986 8
804 4
990 7
1089 5
1036 5
1336 0
1782 0
2176 0
2443 5
2585 1
2878 2
2710 0
2715 0
3281 0
3125 0
2882 0
1373 0
1250 0
1812 0
1933 0
1402 0
2538 2
3551 2
3507 0
3732 0
3127 0
2374 0
1611 0
2701 1
2659 2
1953 0
822 0
1267 0
1128 1
850 4
1056 6
1262 6
1221 0
535 0
875 0
1083 0
831 1
402 1
362 1
687 0
1018 2
1380 0
1812 0
2065 1
1297 3
1806 0
2328 14
993 19
1215 9
2141 3
2305 12
2204 3
1248 0
1548 1
1317 1
1077 0
796 0
664 6
572 7
490 2
504 9
651 0
754 0
886 0
823 10
856 4
902 3
777 2
116 2
138 0
65 0
379 0
855 0
1290 0
1137 5
981 5
1101 3
1453 3
1407 5
1719 8
1349 14
1777 47
2173 59
2040 148
1420 240
886 153
544 86
773 297
691 373
772 375
762 140
977 121
976 21
502 6
517 14
471 11
220 5
190 17
183 35
50 0
83 15
176 2
36 0
23 6
87 31
34 32
183 38
299 21
187 56
475 101
500 41
227 70
210 59
331 29
92 27
0 0
182 18
734 14
1080 135
1019 269
208 466
286 614
751 544
865 431
412 307
4 124
690 42
1585 22
2435 39
3556 35
4410 38
4641 8
3278 38
1307 49
1411 97
931 47
362 36
122 6
71 5
172 1
58 2
0 18
16 73
57 68
42 27
3 50
0 221
3 212
4 221
0 196
0 229
1 130
1 71
3 51
0 35
7 4
334 4
1226 21
2073 27
2552 55
2791 42
2517 15
1949 15
1801 10
1146 7
876 56
1517 96
1840 48
2427 0
2475 2
1921 19
1408 21
681 0
484 16
456 0
291 7
682 22
549 6
521 2
289 2
476 0
434 0
451 3
372 10
202 1
332 2
221 0
73 12
186 5
136 21
258 54
102 149
174 157
118 226
81 269
65 303
31 344
77 356
389 238
227 90
174 121
78 51
7 38
4 73
59 88
7 172
8 146
0 169
0 118
0 61
17 28
67 7
201 4
136 91
331 106
294 2
184 0
75 0
12 11
12 0
43 0
20 0
6 0
7 0
0 0
77 0
27 0
4 0
0 0
26 0
2 0
17 0
14 0
0 1
20 0
136 0
215 0
0 0
160 0
2 0
9 0
70 0
29 0
90 0
197 33
253 26
183 7
126 0
128 0
35 6
37 94
2 69
13 0
0 305
13 1234
8 2357
12 3619
13 4143
22 3271
19 2562
19 1255
12 924
15 1099
14 1170
15 1255
13 1470
12 1688
11 2026
13 2144
35 2282
51 2295
14 2064
102 1968
107 1976
182 1873
195 1908
202 2127
172 2180
76 2458
78 2860
193 3689
413 4427
390 4911
167 4993
189 5952
241 6693
76 7736
9 7391
29 6073
33 4299
35 2686
173 1541
227 1837
190 1857
140 2373
62 2920
41 3558
51 4329
108 4824
78 4895
150 4439
278 3715
192 3288
130 2829
230 2411
144 1748
53 846
27 580
68 783
57 879
19 876
0 910
18 829
8 860
107 978
80 912
69 884
111 728
6 659
117 533
147 525
166 560
205 618
101 755
40 632
30 574
0 471
16 390
4 222
0 107
4 39
101 6
118 0
75 0
5 0
0 0
24 75
85 92
36 130
8 126
17 139
0 123
14 145
65 152
52 169
20 76
1 28
0 6
1 7
0 21
0 105
17 88
6 109
0 76
0 0
0 0
0 19
0 84
0 172
1 177
47 196
41 161
13 21
5 0
7 0
0 6
0 11
0 21
0 87
0 213
0 242
0 276
0 134
1 54
0 5
0 7
0 0
0 0
0 0
0 0
0 0
0 0
0 0
0 0
0 8
0 81
0 54
0 154
1 204
1 273
0 358
0 373
0 339
0 270
0 64
0 0
0 0
0 0
0 0
0 0
0 0
0 0
0 10
0 4
0 0
0 199
0 399
0 521
0 695
0 579
0 495
0 248
0 1
0 63
0 273
0 376
0 336
0 176
0 264
0 303
0 237
0 55
0 25
0 5
0 29
1 197
0 331
0 372
0 362
0 334
0 205
0 148
0 14
18 0
117 0
240 0
339 0
871 0
1594 1
2936 0
3894 0
3905 0
3512 0
3840 1
4267 4
3892 2
3180 3
2942 7
2662 3
2347 0
2125 0
1982 0
1891 0
2476 0
2745 0
2067 0
1813 0
2300 2
2093 3
1176 0
928 1
787 1
929 5
861 6
1125 3
1325 16
1351 16
1250 16
950 16
1004 24
980 18
712 13
898 12
2430 31
2321 34
1923 29
1782 21
1282 19
639 5
580 2
1175 4
1656 26
1929 18
1746 38
1325 20
745 17
1052 15
1064 12
1085 11
1145 9
1176 11
877 6
504 6
213 0
216 3
290 1
320 4
412 8
315 4
218 0
114 2
134 3
43 0
332 10
751 23
445 23
920 30
1347 23
1235 14
858 10
78 0
82 1
225 1
444 4
531 4
525 3
681 6
640 1
626 2
598 7
570 8
491 16
378 13
304 9
188 5
208 3
88 4
121 5
110 2
56 1
114 4
84 1
72 1
18 0
4 0
12 2
2 0
0 0
80 3
186 9
111 6
295 2
280 10
162 4
22 0
0 0
17 0
18 2
15 0
5 0
255 8
196 10
0 0
2 0
17 2
8 0
87 0
35 0
1 0
0 0
6 0
18 0
5 0
1 0
0 0
0 0
0 0
0 0
70 0
407 10
721 16
825 18
1000 14
858 19
600 16
659 19
730 13
1119 14
1417 18
1737 23
1976 23
2047 26
1745 26
1969 37
2264 23
2134 32
1495 25
537 5
513 7
552 14
256 3
82 2
130 4
195 6
150 4
49 0
29 0
21 0
86 0
17 0
14 0
15 0
5 0
4 0
15 0
145 0
419 0
657 0
713 0
557 0
444 0
273 7
32 0
108 0
581 2
920 1
1627 0
2167 13
2075 16
1741 12
1821 13
2891 28
2387 31
634 16
1926 18
1492 15
752 4
1786 25
2035 24
1343 17
910 11
1702 17
1886 1
1283 3
528 1
993 1
754 0
410 0
148 0
3 0
10 0
2 0
13 0
117 0
111 0
84 0
203 0
332 0
545 0
703 0
747 0
786 8
800 11
708 7
332 7
317 3
472 5
555 4
845 6
1065 0
787 0
534 1
482 0
489 0
322 0
63 0
224 0
430 2
687 0
873 0
714 0
79 0
256 0
509 0
462 0
644 0
449 0
256 0
118 0
69 0
26 0
76 0
166 0
88 0
47 0
28 0
26 0
28 0
17 0
263 0
513 0
509 0
757 0
1009 3
1615 1
2096 0
2090 0
2157 0
2167 0
2055 0
1753 1
1176 0
624 0
394 0
307 1
627 0
910 3
864 2
970 0
895 2
730 7
634 0
536 0
417 0
274 0
252 0
188 0
194 0
131 0
168 0
150 0
183 0
251 0
265 0
243 0
163 0
181 0
87 0
156 0
456 0
903 0
913 0
514 1
294 0
525 4
739 8
464 0
112 0
880 0
1229 0
1001 0
497 0
83 0
143 0
297 0
231 0
174 0
54 0
52 0
25 0
46 0
58 0
48 0
78 0
107 0
61 0
12 0
43 0
112 0
165 0
189 0
234 0
208 0
168 0
130 0
83 0
29 0
22 0
15 0
25 0
53 0
123 0
142 0
240 0
174 0
212 2
149 0
150 4
124 0
79 0
12 0
0 8
1 0
0 78
0 41
0 38
3 42
32 0
68 0
189 42
290 22
344 32
539 9
586 59
815 82
961 144
1043 226
959 314
773 409
607 298
460 170
365 27
251 10
157 23
29 2
15 0
0 1
2 8
0 98
6 206
9 201
27 168
42 146
58 94
67 67
26 59
1 23
11 14
0 0
0 0
0 0
0 0
0 0
0 0
0 0
43 3
4 0
0 0
0 0
0 0
0 0
0 0
0 0
0 0
0 0
0 0
0 0
1 0
0 0
0 0
0 0
0 0
0 0
0 0
0 0
0 0
1 0
41 0
14 0
0 0
32 0
67 4
122 3
153 2
82 1
148 2
106 0
111 2
187 5
214 4
201 5
213 6
218 8
169 4
109 5
128 3
45 0
143 1
84 0
71 0
188 0
104 0
80 0
92 0
11 0
5 0
16 0
54 0
89 0
90 0
8 0
6 0
19 0
59 0
94 3
103 0
310 2
355 0
445 0
555 0
698 0
889 3
1089 3
1191 13
1289 24
1088 14
2470 32
3860 23
4004 35
2527 43
1363 39
913 31
870 25
615 13
159 12
480 24
568 21
798 20
891 17
908 20
802 20
581 16
758 14
614 4
292 0
147 12
364 7
995 19
1160 13
1115 12
1130 27
1369 12
854 0
955 1
976 0
1275 7
1693 13
2566 25
3722 40
3434 21
2382 5
2887 6
2576 30
2084 35
2014 41
1954 36
1769 27
1622 13
963 19
1100 19
1005 15
1592 18
2004 19
1978 18
1457 14
1214 10
1974 13
2906 20
3950 34
4707 6
4110 0
3133 0
2668 0
2401 0
2233 0
2183 0
2889 0
3718 0
3813 1
3337 0
3329 3
3635 4
3057 5
1416 6
1817 8
2688 2
3347 0
3693 0
3061 0
1651 0
2117 1
1916 0
1655 22
1464 18
288 14
654 17
487 0
397 0
605 4
605 4
586 14
427 16
121 10
29 2
61 1
53 4
88 0
36 0
193 0
266 0
605 1
1228 0
2594 3
3146 5
4904 6
5489 1
5227 2
4690 1
3368 0
1903 0
1567 10
2814 1
4198 3
4290 22
3363 19
2255 9
1455 6
1019 3
827 4
632 0
462 0
610 10
930 0
1056 1
1055 0
871 3
1089 9
907 0
861 2
778 0
785 0
530 0
1248 0
1561 0
1520 0
983 0
1944 3
3563 5
3580 1
3168 0
3157 0
3285 1
3013 2
2754 2
2285 0
2220 0
2123 0
1962 0
1960 0
1911 0
1674 1
1428 2
933 0
907 1
1023 7
795 0
826 0
1019 0
660 0
568 0
559 0
406 0
425 0
424 0
345 0
134 0
240 0
849 0
1721 0
2432 0
1654 0
1028 0
318 0
21 0
223 0
86 0
0 0
8 0
0 0
0 0
12 0
11 0
44 0
99 3
26 0
8 0
0 0
12 0
48 0
168 0
282 0
336 0
356 0
241 0
87 0
47 0
12 19
20 4
33 0
3 0
4 6
29 0
0 0
4 4
8 10
12 4
87 3
154 3
143 13
275 14
257 18
179 16
341 6
225 0
193 0
221 0
37 0
36 6
7 14
6 17
5 0
10 0
249 0
521 4
443 17
270 11
264 13
47 137
0 135
0 124
0 62
0 52
0 68
0 18
0 8
0 11
0 16
0 22
0 32
0 5
7 0
0 0
0 0
0 1
0 2
0 22
0 0
0 0
0 0
0 0
0 0
0 3
0 0
0 0
0 0
0 0
0 0
0 0
119 0
214 8
178 17
77 17
26 5
1 10
0 2
133 28
375 13
694 65
578 93
411 137
92 61
17 15
0 13
20 157
11 211
640 198
2288 204
4371 208
4815 176
4959 161
4332 161
3071 90
2521 22
2373 2
1966 33
1561 74
672 70
618 85
821 46
877 54
733 2
755 0
1109 0
1666 1
2145 3
1950 3
1217 0
842 0
962 0
538 0
211 0
241 0
741 0
879 0
1553 0
2248 0
3305 0
4129 0
3923 4
2622 5
1446 1
2343 2
2354 0
2054 0
2655 3
3011 40
2841 60
3210 1
3130 54
2172 40
1735 0
1881 0
2135 5
2537 14
2956 57
3081 77
1571 94
1844 116
2970 140
2183 114
2281 26
2302 19
2775 30
2502 11
1758 15
2051 4
1938 3
1318 2
2247 1
3611 3
3054 3
2318 4
1502 4
1517 6
1921 5
1937 0
1948 0
2121 0
2730 1
2804 1
2949 0
3240 0
3439 0
3664 0
3396 1
2416 0
1716 1
1389 0
1745 2
2458 0
2671 0
1967 1
1879 1
1499 6
1272 8
1037 7
1275 1
1393 0
1403 0
1524 0
2190 1
2960 2
3602 3
3141 9
2174 15
1355 11
723 2
222 0
449 0
661 2
476 5
121 22
419 29
929 16
903 9
687 2
641 3
881 0
313 0
764 0
601 1
870 0
1080 0
1148 1
534 0
901 0
1341 2
1831 1
2308 1
2325 1
2943 1
3741 0
4304 0
3999 0
1883 1
1446 0
797 1
885 0
255 0
174 0
211 0
195 0
229 0
187 1
278 3
347 2
259 5
457 2
551 5
477 4
161 3
186 0
93 0
7 0
170 0
289 17
348 17
375 0
344 26
348 0
137 27
165 29
245 0
215 0
217 0
241 196
197 793
180 1122
161 1402
135 1072
111 875
84 845
55 902
44 1084
30 1144
15 1182
21 964
85 695
32 508
12 290
3 276
2 51
5 180
5 195
4 116
6 136
8 272
13 416
21 587
7 417
8 366
2 606
2 408
1 476
20 1143
11 1404
17 1068
51 1006
26 1079
36 1311
201 1275
780 1149
1882 1151
4333 973
5826 814
5429 676
4516 394
4140 325
3927 199
2816 89
2104 133
2568 143
2809 169
2750 152
2226 42
2165 42
1606 154
1100 450
1682 410
1934 97
1518 30
1271 5
1573 8
1620 11
2134 15
3113 43
3162 57
2536 25
2361 40
2167 5
1061 9
1814 7
2877 3
3009 22
2625 15
2076 41
1501 19
3001 21
2651 21
1254 11
1746 29
2003 23
1842 33
1587 12
1283 21
1005 26
766 15
818 16
1536 21
2461 29
3041 48
3769 39
3236 71
1473 96
1322 82
1031 37
984 5
938 5
1023 6
1104 13
1199 9
1048 9
1240 15
1286 26
1396 36
1544 128
1543 24
1421 36
1884 76
2189 85
2491 33
2302 53
1511 106
751 112
1121 119
1240 55
1117 35
1003 27
704 17
773 34
1668 61
2580 82
3401 54
4098 16
3327 6
1731 8
1208 3
924 2
1096 0
743 0
260 1
1347 1
2025 4
2227 2
2344 2
2385 5
2320 13
2093 25
1844 28
1503 24
744 21
782 11
1885 38
2252 39
2269 13
1792 7
864 0
293 0
341 0
385 0
378 0
500 0
729 0
865 0
850 0
1224 0
1484 0
1870 0
2254 0
2536 30
2127 46
2056 47
2836 46
2758 42
1996 36
1689 17
1427 11
1567 2
1263 1
1459 0
1021 0
1024 0
1531 0
1697 0
1593 0
1342 0
1172 2
2121 0
2980 2
2895 0
1771 0
1455 0
1505 15
1280 0
1526 4
1993 0
2408 0
2834 0
3141 0
2874 0
2323 0
2195 0
2417 0
2437 0
2457 0
2450 3
2320 0
1742 0
974 0
1289 1
2865 3
3427 1
3123 0
1987 0
1050 0
1005 2
1041 0
533 0
288 0
357 0
434 0
1159 2
1889 0
2503 0
3067 0
3244 1
2422 0
907 0
1338 0
1355 0
1299 0
1547 0
2117 0
2094 0
1627 0
1678 0
1822 5
1686 2
906 2
873 1
1617 3
1134 0
827 0
938 0
778 0
383 0
388 0
805 0
923 1
348 0
194 0
27 47
5 263
8 409
9 426
0 401
4 387
3 296
1 165
1 76
4 9
1 2
0 10
6 48
0 37
11 59
16 23
28 4
72 0
63 0
19 1
8 1
10 5
4 6
13 0
10 0
1 0
32 0
364 2
859 2
1724 6
2871 3
2696 6
2192 0
1809 1
1456 0
1605 0
1560 0
2301 0
2952 3
2787 3
2347 3
2526 4
1778 7
719 0
1249 0
451 0
339 0
323 0
520 2
425 0
364 8
381 1
180 5
23 0
219 0
127 0
214 3
372 3
481 5
304 3
8 0
96 0
219 0
237 0
433 0
158 0
276 0
132 0
32 0
181 0
314 0
434 0
521 0
518 0
294 0
179 0
16 0
100 0
84 0
2 0
9 0
13 1
0 0
0 0
2 0
2 0
0 0
0 0
0 0
0 0
0 0
0 0
0 3
0 0
0 4
0 0
0 0
0 0
1 0
0 0
2 0
0 0
9 0
30 0
17 0
3 1
121 2
347 6
569 5
626 4
325 1
107 0
88 0
16 0
51 0
260 0
257 0
471 0
492 2
273 1
79 2
1 0
0 0
4 0
16 0
39 0
102 0
98 0
91 0
62 0
92 0
76 0
121 0
162 0
223 3
223 3
162 1
79 0
6 0
21 0
26 0
139 2
261 0
314 0
194 0
156 0
44 0
61 0
4 0
0 0
0 0
0 0
0 0
2 0
42 0
18 3
4 168
7 248
0 339
0 341
0 513
0 596
0 628
0 558
0 295
1 121
0 242
10 548
4 720
7 575
0 597
10 785
0 829
15 941
56 845
84 801
265 367
275 4
479 26
426 0
253 0
389 18
135 14
412 5
212 6
158 4
155 9
477 13
491 5
316 0
382 0
295 0
210 0
245 0
243 0
81 0
173 0
297 0
131 0
58 0
61 0
109 0
92 0
235 0
32 0
74 0
175 0
340 0
847 0
948 0
264 0
61 10
71 0
55 0
130 0
178 0
136 0
18 0
71 0
17 0
3 0
91 0
132 0
90 0
123 0
179 0
167 0
155 0
262 0
318 0
158 0
118 0
84 0
64 0
60 0
217 0
144 0
35 0
111 0
202 0
27 0
57 0
0 0
0 0
110 0
76 0
117 0
187 0
87 0
75 0
100 0
106 0
106 0
76 0
35 0
15 0
28 0
57 0
19 0
10 7
3 11
0 115
0 412
0 518
0 568
0 377
6 11
0 159
1 311
20 230
117 16
164 0
75 0
56 0
90 0
84 0
46 0
43 4
65 0
23 0
67 0
321 1
532 0
1066 0
1404 0
1443 0
1719 2
1641 0
1456 252
1727 649
1829 1075
1439 1350
1027 1209
789 834
716 325
612 629
666 1245
835 1696
1154 1548
1623 963
1609 763
1363 1258
1303 1259
1737 1037
2105 388
1574 764
557 845
800 929
296 896
384 1120
476 1251
707 1283
716 1103
489 931
387 796
182 637
67 484
69 313
72 170
184 124
158 70
203 58
97 30
166 31
159 16
61 5
91 2
191 0
21 1
4 0
0 27
28 28
32 10
7 0
50 0
25 0
17 0
31 14
82 8
307 14
371 36
347 133
193 291
311 316
744 349
925 276
824 270
641 270
515 299
495 259
658 198
691 50
549 53
445 16
577 49
836 82
862 27
659 10
244 40
291 22
419 46
345 29
181 7
121 0
97 0
0 0
0 0
0 0
0 0
0 0
0 0
0 0
0 0
0 0
0 0
0 0
0 0
0 0
0 0
0 0
0 0
0 0
15 0
434 0
1599 0
2489 0
2216 0
2125 0
1439 0
977 0
1394 6
2262 30
2588 39
1098 72
597 19
469 2
116 6
10 0
76 0
126 0
342 0
505 1
476 0
104 0
289 0
42 0
116 0
265 0
270 0
271 0
393 0
417 0
496 0
411 0
283 2
296 0
348 39
203 27
262 19
378 3
297 0
181 0
45 9
7 0
109 0
192 0
371 20
359 25
510 3
603 0
814 0
597 24
241 9
269 2
184 10
141 10
131 14
77 25
57 15
119 3
86 6
78 7
51 5
39 8
51 18
42 7
106 0
225 0
568 0
573 0
420 0
161 0
13 0
1 0
1 0
12 0
138 3
461 9
771 10
572 2
83 0
215 4
1081 10
694 9
176 4
25 0
37 0
58 22
0 22
19 10
80 0
33 0
8 0
1 0
1 0
20 0
1 0
0 0
0 0
0 0
0 0
0 0
0 0
0 0
5 0
68 0
323 3
527 5
418 6
520 1
436 0
185 2
1231 5
1166 8
1141 10
988 9
780 5
703 5
709 1
481 0
478 2
633 0
1070 0
785 4
402 1
576 5
880 8
1137 8
996 0
917 0
454 0
341 3
534 1
407 2
331 2
172 2
274 2
96 4
389 5
458 5
342 3
301 3
555 0
355 0
242 0
190 0
105 0
105 0
134 0
105 0
96 0
227 0
265 0
286 0
262 0
180 0
212 0
350 0
293 0
409 0
483 0
520 0
519 0
233 0
206 0
249 0
356 0
720 0
703 0
537 0
543 0
142 0
0 0
11 0
68 0
38 0
38 0
58 0
14 0
6 0
0 0
0 0
5 0
1 0
1 0
4 0
1 0
0 0
9 0
4 0
0 0
4 0
0 0
0 0
0 0
0 0
0 0
0 0
6 0
19 0
180 1
186 3
158 0
204 2
88 1
64 0
92 0
514 0
521 0
329 0
165 0
53 0
53 0
2 0
12 0
1 0
0 0
0 0
0 9
0 0
2 0
0 0
0 0
0 0
0 0
8 0
4 0
2 1
4 0
0 8
0 34
8 18
3 17
3 8
24 45
18 129
4 220
0 398
0 445
0 312
0 190
0 76
0 31
0 22
0 64
0 87
0 99
0 125
0 177
0 232
0 128
0 190
0 164
0 145
0 154
0 187
0 194
1 198
0 159
114 72
70 42
39 23
30 11
53 0
59 0
16 10
5 0
13 0
44 0
5 0
13 0
34 0
9 0
9 0
0 0
0 0
5 0
0 0
0 0
0 0
0 0
0 0
6 0
0 0
0 1
2 0
5 0
1 0
0 9
0 3
2 0
0 0
21 0
1 0
2 0
0 0
0 0
0 0
0 0
10 0
6 0
6 0
21 0
18 0
1 0
0 3
3 74
0 132
0 134
0 247
0 249
0 278
0 385
0 404
0 400
0 333
0 234
4 76
0 18
0 0
2 0
0 0
0 0
10 21
0 22
0 92
0 146
0 283
1 366
6 268
0 195
1 48
1 0
0 66
0 76
0 37
0 0
0 0
0 0
0 0
0 0
0 0
0 0
0 0
0 0
0 0
0 0
4 0
0 0
0 0
1 0
0 0
0 0
0 0
0 0
3 0
0 0
4 0
0 0
0 0
0 0
0 0
19 0
4 0
0 0
0 0
0 0
0 0
0 0
3 0
0 0
3 0
0 0
45 2
106 1
53 0
51 0
114 0
59 0
75 0
72 0
46 0
31 0
0 0
33 1
15 0
19 0
38 0
157 0
101 1
57 0
25 0
14 0
19 0
7 0
7 0
6 0
3 0
0 0
0 0
0 0
0 5
0 10
0 6
0 9
0 16
0 28
13 9
0 0
0 0
5 0
7 0
17 0
5 0
0 0
0 0
0 0
0 0
5 0
5 0
2 0
0 0
0 0
4 0
24 0
0 0
1 0
0 0
5 0
23 0
49 0
33 0
27 0
4 0
49 0
49 0
41 0
65 0
136 0
26 0
14 0
4 0
7 0
12 0
7 0
4 0
79 0
48 0
14 0
12 0
8 0
11 2
13 0
82 0
38 0
0 0
0 0
31 0
69 2
45 0
38 0
6 0
3 0
8 0
6 0
0 0
0 0
0 0
4 0
0 0
0 0
0 0
0 0
0 0
0 0
9 0
9 0
0 0
11 0
0 0
0 0
2 0
11 0
64 0
0 0
43 0
8 0
15 0
19 0
13 0
0 0
0 0
0 0
0 0
0 0
0 0
0 0
0 0
0 0
0 0
0 0
0 0
0 0
0 0
4 0
1 0
0 0
3 0
0 0
12 0
12 0
6 0
0 0
37 0
18 0
10 0
32 0
104 0
8 0
0 0
0 0
1 0
10 0
7 0
10 0
3 0
106 0
22 0
3 0
19 0
13 0
16 0
15 1
0 0
9 0
0 0
0 0
0 0
0 0
0 0
6 0
2 0
0 0
2 0
52 0
693 0
1485 0
2582 0
3707 0
4896 0
5129 0
5273 0
4716 0
3889 0
3092 2
2589 6
2577 5
1845 6
2149 7
1815 2
645 0
1012 2
1386 2
1033 0
416 0
949 0
1156 0
1076 0
802 0
469 0
284 2
226 0
255 2
416 1
283 0
81 0
39 1
152 0
665 0
1524 2
2066 11
2174 6
1566 22
1072 19
1288 21
1857 25
1586 21
1182 5
1491 0
1893 11
1666 12
1198 8
585 1
1042 3
1006 5
1129 27
381 14
614 12
1308 10
1481 14
1657 18
2179 20
2703 16
2659 26
2810 35
2742 36
2467 20
1726 14
1210 19
635 18
1659 30
2628 31
3372 27
3420 44
2949 39
2580 34
1755 29
707 14
742 22
1502 26
1749 27
1417 37
1962 36
1554 41
2036 34
2354 35
2108 28
1519 20
1556 54
1593 53
1501 16
1511 15
1573 15
2146 10
1565 5
2279 6
2755 24
1884 37
1704 61
1863 13
1241 4
1139 11
1076 16
1875 17
1973 17
1878 6
2354 12
2807 6
2720 5
3097 17
4033 8
4374 8
4632 7
3906 8
4306 10
4082 7
3570 6
2553 5
1427 3
1399 1
581 0
1181 0
1262 0
1115 0
1028 0
1022 0
1027 0
1206 0
1346 0
1387 0
1100 0
649 2
274 1
405 1
410 3
327 3
604 3
514 1
410 0
353 0
250 0
326 0
552 0
498 0
483 0
518 0
482 0
258 0
145 0
39 0
75 0
83 0
405 0
962 0
1027 0
663 0
388 2
208 0
140 1
327 0
389 0
462 0
411 0
300 0
206 0
485 0
488 0
627 0
653 0
397 0
206 0
130 0
132 3
557 0
306 0
129 0
143 0
42 0
19 0
0 0
0 0
11 0
29 0
80 0
39 0
0 0
0 0
0 0
0 0
17 0
12 0
40 0
101 0
37 0
24 0
7 0
0 0
1 0
0 0
26 0
18 0
19 0
5 0
17 0
63 0
38 0
45 0
30 0
23 78
42 92
33 128
9 209
0 330
0 351
0 359
0 339
9 298
26 336
0 355
0 422
9 349
0 228
1 13
63 68
5 137
10 185
31 160
23 100
0 70
0 62
0 44
0 8
2 0
7 5
6 51
0 103
33 162
14 149
37 138
61 105
34 19
24 0
27 10
34 41
70 65
65 73
44 48
88 23
70 18
15 0
4 2
9 0
2 2
3 7
1 0
0 0
0 0
0 0
0 0
0 0
0 0
0 7
0 3
0 0
2 0
36 2
107 2
373 5
376 7
316 4
165 0
310 0
178 1
40 0
32 0
7 0
127 1
409 4
344 5
101 1
78 0
37 0
37 0
52 0
43 2
66 1
47 0
4 0
0 7
0 65
0 116
0 189
1 239
0 90
0 7
0 5
2 20
0 8
0 0
0 1
0 3
0 4
0 0
0 1
0 0
0 0
0 5
0 0
0 9
0 0
0 0
0 0
0 0
0 0
0 0
1 0
5 0
25 0
48 0
50 0
66 0
17 8
0 4
56 6
122 1
22 10
0 1
0 8
9 75
10 217
8 362
71 464
149 615
53 482
0 310
0 171
27 329
130 363
98 469
95 574
22 762
29 789
42 758
11 550
65 414
112 324
123 435
358 638
571 720
517 795
307 755
120 587
218 135
323 362
359 790
54 869
255 898
1051 871
682 726
254 534
164 297
431 225
1024 406
1030 510
324 590
125 700
771 801
900 919
323 886
0 646
409 507
858 711
485 826
7 836
27 764
345 608
325 424
19 234
4 254
171 354
412 215
201 105
0 326
8 707
87 699
208 583
29 633
17 600
245 560
71 380
0 310
39 238
156 245
2 499
6 596
80 630
71 617
64 571
59 531
14 404
13 330
38 121
42 14
53 14
25 5
0 5
0 0
6 0
0 0
0 0
0 0
0 0
16 0
0 2
11 0
3 9
0 8
6 33
18 10
83 2
0 2
0 7
5 0
0 13
0 17
0 29
0 25
17 58
14 51
255 92
284 85
238 127
59 94
12 13
116 2
254 5
34 5
4 3
0 1
140 9
23 0
5 0
2 3
0 7
8 2
6 14
0 4
0 23
0 38
0 43
0 49
0 62
0 43
0 63
0 64
0 42
0 14
0 0
0 0
0 0
0 0
0 0
0 0
0 0
0 0
0 0
0 0
2 0
0 0
0 0
0 0
0 0
0 0
4 0
0 0
0 0
0 0
0 0
0 0
0 0
0 0
0 0
22 0
4 0
4 0
0 0
0 0
0 0
0 0
0 0
0 0
0 0
2 0
0 0
0 0
0 0
0 0
0 0
0 0
0 0
4 0
2 0
5 0
14 0
12 0
7 2
16 10
37 0
30 0
110 0
288 0
343 0
198 0
264 0
305 0
67 0
6 0
12 0
0 0
0 0
0 0
4 0
0 0
10 0
15 0
0 0
0 0
0 0
0 0
2 0
0 0
0 0
0 0
0 0
0 0
0 0
0 0
0 0
0 0
0 0
48 0
1383 0
1702 0
2062 0
3000 0
3968 1
4562 0
4927 0
4908 0
4636 0
4897 0
4743 0
3317 1
2180 2
2637 2
2346 3
1704 0
1389 1
1165 2
586 0
424 0
302 0
279 0
289 4
276 22
236 1
146 4
176 17
335 10
691 9
843 0
856 4
964 12
1040 6
1152 6
1399 0
1919 0
1576 4
1657 0
1547 3
1855 2
2050 2
2246 1
2117 2
1329 0
996 6
1373 7
1579 4
1661 6
1586 0
1490 0
1636 0
1249 0
1394 0
1820 3
2136 2
2343 18
2898 4
3434 15
2972 12
1945 20
1725 18
3190 19
3341 2
3268 4
2813 4
1643 6
1569 2
2011 2
1298 1
1391 0
1896 0
2426 6
2257 6
2415 2
2091 2
2026 2
2641 4
2687 10
2158 11
1829 16
1508 23
1236 26
876 12
721 18
585 22
495 18
461 13
379 6
132 4
143 11
185 1
246 2
532 20
1021 34
1566 44
1861 133
1820 170
1374 126
948 53
267 4
596 4
639 55
248 42
223 37
18 46
8 40
0 6
193 16
693 13
809 20
987 44
1038 51
1126 55
1300 65
1473 77
1040 29
924 16
1405 23
1600 0
1902 8
1835 8
1717 24
1530 19
1522 32
1259 38
1063 37
779 33
598 32
460 32
484 30
512 47
565 45
697 64
990 62
1767 32
2659 40
3030 27
2668 16
1976 14
1358 5
866 6
812 0
820 0
760 0
651 0
780 0
1133 0
1883 3
2225 1
2406 0
3815 0
4567 1
3457 21
1961 33
1931 35
3764 22
3978 3
2335 5
1303 5
1160 0
804 0
1691 0
1648 0
1662 0
1773 0
2113 2
2143 3
1557 4
1564 14
808 10
691 55
311 75
347 4
1005 9
1549 0
2169 0
1563 1
2821 1
2716 0
1586 0
1449 4
1604 2
2056 2
1848 0
1997 1
2065 2
2397 4
2587 2
2740 3
2904 0
2833 2
2671 3
2583 26
2032 74
1684 136
1195 110
865 91
626 34
923 56
1102 94
356 101
400 70
656 0
827 0
624 0
1060 0
693 0
385 0
451 0
630 0
353 1
697 16
881 12
557 20
65 17
259 8
102 0
23 0
61 1
167 2
88 2
105 4
83 0
6 1
12 0
16 0
8 0
0 0
21 0
4 0
5 0
0 0
0 0
0 0
0 0
0 0
0 0
0 0
1 0
0 0
0 0
0 0
71 0
214 2
491 3
896 5
1055 3
610 0
20 0
67 0
308 0
260 1
81 0
0 0
4 0
20 0
20 0
38 0
36 0
56 0
21 0
0 0
0 0
0 0
14 0
39 0
29 0
15 0
2 0
0 0
0 0
0 0
1 0
0 0
3 0
0 0
15 0
21 0
12 0
9 0
0 0
8 4
2 0
2 0
33 0
45 0
39 0
21 0
36 0
24 0
0 0
23 0
23 0
16 0
2 0
3 0
1 0
0 0
4 0
7 1
72 0
20 1
4 0
0 0
0 5
23 0
126 8
133 5
97 1
6 1
134 1
360 0
723 0
970 0
645 0
515 0
415 0
803 2
933 1
336 1
158 2
60 0
4 0
60 0
195 0
443 0
484 2
304 0
317 0
145 0
34 0
39 0
91 0
176 5
328 0
320 0
167 0
22 0
54 0
33 0
21 0
1 0
3 0
23 0
0 0
2 0
0 0
6 0
58 0
345 0
416 0
1011 0
905 0
523 0
565 0
629 0
225 0
71 0
48 1
34 0
21 0
8 0
304 0
494 0
1124 7
1684 7
2312 5
2257 1
2553 0
3384 0
2800 2
2665 0
3113 0
2197 1
1868 0
2836 2
3377 0
2832 0
1603 0
3308 0
4269 3
4556 5
4304 5
2543 5
2497 2
1278 0
1533 0
685 2
1031 3
1233 3
1284 3
1543 2
1259 0
855 0
657 0
869 0
748 0
662 0
555 0
361 0
462 0
466 0
476 0
507 1
352 0
329 1
521 0
507 0
594 0
443 0
522 3
320 4
88 4
74 0
186 0
157 0
126 0
190 0
186 0
154 0
205 3
265 3
202 0
10 4
7 0
275 3
452 7
275 4
242 3
124 3
6 1
0 0
5 0
66 0
194 2
424 2
450 5
329 12
135 6
24 75
17 36
46 63
151 43
214 81
22 85
2 172
0 255
0 165
4 16
3 1
5 0
5 13
0 0
0 4
0 1
0 0
0 1
0 12
0 37
0 55
0 71
0 71
1 12
0 37
12 90
1 102
0 93
0 150
0 190
0 227
0 276
0 362
0 284
0 111
0 0
0 0
0 0
0 0
4 0
0 0
0 0
1 0
0 0
0 0
0 0
0 22
2 4
0 0
0 0
0 0
0 0
0 0
0 92
0 142
0 83
4 53
556 49
1490 22
1597 18
1229 0
271 1
664 1
1195 1
1051 0
866 0
277 0
219 2
188 2
336 3
487 2
479 0
435 0
170 0
46 0
126 0
182 0
28 0
29 0
16 0
16 0
1 0
0 0
0 0
0 0
0 0
3 0
1 0
0 0
0 0
0 0
0 0
0 0
0 0
0 0
0 0
0 0
0 0
0 0
0 0
0 0
0 0
0 0
0 0
0 0
0 0
0 0
0 0
0 0
0 0
0 0
0 0
0 0
0 0
0 0
0 0
0 0
0 0
0 0
0 0
0 0
0 0
0 0
0 0
0 0
0 0
0 0
0 0
90 0
259 3
443 3
426 3
175 2
49 2
112 0
153 0
22 0
133 3
356 2
779 3
1008 3
620 1
151 0
213 0
163 0
0 0
47 0
310 0
101 0
0 0
13 0
0 0
0 0
0 0
1 0
0 0
0 0
0 0
0 0
0 0
0 0
2 0
3 0
0 0
0 0
0 0
0 0
2 0
0 0
0 0
0 0
0 0
0 0
0 0
0 0
0 0
2 0
36 0
64 0
148 0
0 0
3 0
26 0
15 0
0 0
8 0
192 0
778 0
1237 2
1591 1
2042 1
1900 0
1257 0
517 0
783 0
906 0
816 0
771 0
888 0
1190 0
1204 0
912 0
555 0
365 0
547 0
581 0
491 0
324 0
260 0
194 0
599 0
1197 0
1906 0
2210 0
2343 0
2083 0
1485 0
911 0
622 0
525 0
178 0
85 0
87 0
60 0
90 0
43 0
0 0
165 0
691 0
1527 0
2348 0
3224 0
3960 0
4367 0
2846 0
1242 0
850 0
463 0
379 0
12 0
70 0
64 2
3 0
6 0
0 0
0 0
7 0
56 0
529 0
1188 0
1617 0
197 0
19 0
22 0
12 0
2 0
0 0
6 0
4 0
0 0
0 0
0 0
30 0
123 0
586 0
1204 1
1416 0
1406 0
1940 0
3169 1
3277 1
3323 0
3203 0
2992 0
2556 1
2002 0
1415 0
1882 0
2067 0
2148 0
1685 0
1153 0
1146 0
1086 0
569 0
94 0
482 0
608 0
485 0
490 0
883 1
1087 0
887 0
439 0
178 0
172 0
134 0
204 1
920 0
1295 0
1805 1
2576 0
3127 0
3268 0
2960 0
2949 2
2037 2
1277 0
1730 0
2201 0
3045 0
2876 0
2663 1
2179 0
1966 0
1959 2
1928 0
1709 0
1435 2
1230 0
1842 1
1889 2
1661 0
1440 0
2019 4
3120 5
4313 4
4218 5
3651 2
3313 2
2490 3
1744 5
1406 2
906 1
193 0
350 0
914 0
1610 0
2081 0
2753 0
3096 0
3182 0
2681 0
1477 0
1075 0
1343 7
1713 0
1898 0
1885 0
1883 0
1837 0
1682 0
1928 0
2051 0
2544 4
2534 5
2006 1
1411 0
1235 2
744 1
559 3
515 1
461 0
218 0
246 0
503 0
822 0
1006 0
832 0
122 0
161 0
690 0
938 0
1348 0
1972 0
2370 0
2767 0
3253 0
3568 0
2113 1
1274 0
977 0
971 0
1001 0
636 0
127 0
168 0
133 0
0 0
0 0
55 0
83 0
435 0
1142 0
1581 0
2181 0
2504 1
2349 0
1970 0
1428 0
1068 0
430 0
1088 0
1438 0
2295 0
2549 0
2744 0
2638 0
2026 0
1742 0
935 0
801 0
722 0
188 0
127 0
185 0
19 0
12 0
17 0
26 0
31 0
87 0
116 0
78 0
44 0
1 0
28 0
42 0
75 0
112 0
73 0
44 0
0 0
64 0
126 0
66 0
99 0
115 0
253 0
331 1
284 0
337 3
296 3
353 1
314 4
224 0
50 0
182 0
125 0
59 3
201 4
139 0
105 0
84 0
87 1
108 113
4 332
1 473
2 434
2 343
3 341
51 288
18 292
17 628
26 907
1 1028
17 852
13 857
34 765
10 624
7 369
0 262
4 199
18 40
16 69
14 182
2 126
3 55
7 10
45 8
25 13
16 14
6 24
0 25
0 6
0 0
30 0
6 3
0 0
0 0
0 0
0 10
0 12
1 10
0 58
0 123
0 138
0 222
0 166
0 205
0 129
0 47
0 10
0 0
0 0
1 16
0 37
13 28
4 8
6 0
9 3
2 3
2 6
0 1
0 14
0 52
0 25
0 47
0 37
0 16
0 13
0 13
0 19
0 20
0 33
0 0
0 0
0 10
0 9
0 0
9 0
115 2
447 6
542 7
483 5
295 0
64 6
111 1
25 16
3 22
48 105
99 198
104 295
17 299
2 158
6 281
0 394
2 469
0 448
0 178
0 285
0 443
0 541
3 600
0 619
0 608
0 620
0 515
0 442
0 444
0 290
0 124
32 69
12 0
62 0
271 0
482 0
619 6
299 20
196 13
245 17
228 21
386 21
395 13
529 12
705 2
628 8
364 0
166 1
0 0
0 0
14 0
0 0
0 0
0 0
0 0
15 1
13 0
3 0
0 0
7 0
0 0
3 0
83 1
198 0
542 0
1417 1
2820 4
3023 3
2176 2
807 0
1616 0
1734 0
1192 0
796 0
1220 1
1976 2
1207 4
731 3
1139 0
1027 2
653 10
950 3
1115 0
1397 0
1774 1
1255 23
357 37
238 34
321 25
324 7
424 4
597 8
435 7
390 7
388 4
297 3
166 9
170 4
54 1
156 0
289 0
495 4
1247 5
1413 8
1272 2
770 3
585 2
1052 1
1546 1
1855 2
988 2
801 10
577 8
554 19
511 0
699 0
1379 8
1353 6
519 0
338 0
238 0
65 0
167 0
53 5
181 5
216 0
182 0
254 0
259 0
93 0
194 0
185 0
82 0
81 0
91 0
296 0
209 0
142 0
220 1
130 0
108 0
90 0
67 0
112 0
143 0
266 0
671 0
1387 0
1250 0
699 0
715 1
518 0
397 0
11 0
0 0
64 0
29 0
0 0
0 0
0 0
0 0
0 0
0 0
0 0
0 0
1 0
0 0
0 1
0 0
13 0
17 0
19 1
28 0
33 0
30 0
0 0
1 0
0 1
8 0
0 0
0 0
19 0
9 0
5 0
38 0
148 0
32 0
92 0
58 0
6 0
41 0
38 0
92 0
57 0
53 0
22 0
30 0
14 0
7 0
0 0
0 0
0 0
0 0
11 0
7 0
3 0
0 0
3 0
0 0
0 0
0 0
0 0
12 0
31 0
20 0
21 0
14 0
25 0
8 0
7 0
0 0
1 0
27 0
19 0
19 0
6 0
11 0
0 0
0 0
0 0
6 0
0 0
0 0
2 0
0 0
0 0
0 0
10 0
37 0
40 0
64 0
27 0
28 0
5 0
15 0
37 0
0 0
0 0
0 0
2 0
0 0
0 0
0 0
2 0
4 0
17 0
31 0
0 0
0 0
0 0
0 0
0 0
0 0
0 0
0 0
37 0
12 0
2 0
4 0
16 0
65 0
64 0
41 0
7 0
4 0
4 0
0 0
0 0
0 0
0 0
0 0
2 0
0 0
0 0
0 0
0 0
0 0
0 0
0 0
78 0
99 0
68 0
18 0
0 0
0 0
0 0
0 0
0 0
0 0
0 0
0 0
0 0
0 0
0 0
0 0
0 0
3 2
0 0
0 0
0 0
0 0
0 0
0 0
0 0
0 0
0 0
0 0
0 0
0 0
0 0
0 0
0 0
0 0
0 0
0 0
0 0
0 0
0 0
0 0
0 0
0 0
0 0
0 0
0 0
0 0
0 0
0 0
0 0
0 0
0 0
0 0
0 0
3 0
90 0
99 0
10 0
72 5
87 2
83 2
301 5
788 6
1696 7
1705 6
1513 0
389 0
647 0
1410 0
1203 0
291 0
538 3
1074 1
1493 0
1497 0
917 0
103 1
1237 3
1982 0
1589 0
952 0
196 0
9 0
239 0
250 0
0 0
23 0
225 0
101 0
0 0
2 0
29 0
0 0
2 0
23 0
27 0
0 0
0 0
0 0
0 0
0 0
0 0
0 0
0 0
0 0
0 0
0 0
0 0
0 0
0 0
0 0
0 0
0 0
0 0
0 0
0 0
0 0
0 0
0 0
0 0
0 0
0 3
4 6
5 0
5 0
6 0
301 0
705 2
191 1
81 0
532 1
908 2
450 2
0 0
219 0
604 0
527 0
264 0
278 0
453 0
369 0
90 8
239 4
901 3
935 0
814 1
277 7
117 10
121 0
127 6
356 6
529 13
563 5
611 8
604 9
985 2
1024 7
1038 3
1535 17
1841 15
2172 3
1341 12
1459 17
1095 4
887 1
270 13
1721 5
2091 9
1677 7
1660 19
2123 16
1444 7
1665 5
1701 5
1291 0
805 0
799 0
124 0
145 0
511 0
715 0
401 0
114 0
23 0
31 0
368 0
364 0
172 0
344 0
239 0
139 0
78 1
172 1
412 0
531 0
413 0
349 0
173 0
148 0
188 0
119 0
211 2
498 4
907 3
897 2
536 0
38 0
126 0
141 0
2 0
5 0
10 0
0 0
61 0
53 0
19 0
59 0
10 0
31 0
204 0
196 0
3 0
1 0
0 0
0 0
17 0
5 0
14 2
212 0
176 0
6 0
282 0
706 0
225 0
20 0
42 0
0 0
10 0
30 0
70 3
132 4
175 3
115 3
35 1
8 1
0 0
8 0
0 0
2 0
1 0
13 0
20 0
2 0
2 0
4 0
16 0
5 0
0 0
5 0
9 0
27 0
8 0
3 0
1 0
20 0
28 0
43 0
31 0
142 1
50 0
27 0
46 0
151 3
103 3
95 0
419 0
203 0
0 0
11 0
16 0
29 0
10 0
1 0
0 2
5 0
0 0
0 0
0 0
0 0
0 0
0 1
0 0
2 0
9 0
2 1
16 0
2 0
9 0
3 0
0 0
0 0
2 0
10 0
0 0
0 0
0 0
0 0
0 0
0 0
7 1
6 6
4 3
0 0
0 0
0 0
0 0
0 0
0 0
0 0
0 0
0 0
603 0
2306 0
3626 2
2738 0
2727 53
1387 218
644 427
871 617
1518 848
1966 1020
1466 1332
632 1982
1480 2783
755 3635
1846 4320
1601 4901
493 5146
1431 5155
810 5530
626 6025
1240 5719
1530 5018
1516 5206
2345 4809
2822 5249
2533 5378
997 5443
254 5569
703 6045
146 4361
26 4749
499 4527
733 4204
645 3420
205 2612
23 2775
23 3171
136 3169
91 2722
48 2949
35 3054
13 2691
14 2314
11 2062
13 1442
10 1199
9 771
3 221
4 278
6 461
9 613
8 819
10 1131
213 1499
588 1683
949 1525
1133 1604
902 1482
411 1393
243 1047
115 983
67 862
117 1153
290 1317
352 1478
1168 1421
1506 1520
1372 1367
2194 1248
2167 1003
1064 899
306 1035
1088 1630
857 1553
516 1445
745 1485
1126 1560
1357 1550
1277 1969
1666 1941
2231 2342
1992 2277
1442 2939
751 3966
759 4003
647 3270
627 3966
670 4976
669 4836
852 4483
1101 3830
1091 3759
1046 3320
853 3158
799 2691
945 2314
971 2035
1140 2308
1052 1897
851 2222
551 2712
262 3031
216 3954
41 4054
53 3819
70 3378
146 2552
609 3841
804 3797
1062 3328
1051 3165
884 2844
587 1500
911 1438
692 2172
284 2468
245 2401
297 1955
237 1613
111 728
162 433
876 524
2006 878
2769 871
3026 892
2824 661
1802 699
1697 733
1205 716
1114 805
1487 551
1688 175
1791 63
1679 171
1397 360
1301 368
1383 256
1056 123
710 68
1003 65
1318 48
1215 38
675 147
1339 107
1969 59
2790 116
3434 330
4173 506
3919 510
2763 389
1626 223
1071 33
345 2
154 2
205 0
144 0
53 5
52 10
48 87
27 226
28 177
0 47
12 72
12 1
0 1
9 0
0 0
0 11
3 10
0 8
0 5
3 1
1 0
1 1
1 0
1 0
2 21
0 28
3 52
3 2
0 0
0 0
3 0
6 0
19 0
21 26
9 9
36 4
71 10
246 0
320 0
285 0
481 1
304 1
147 0
65 0
70 0
43 0
119 0
235 1
282 4
182 1
90 0
89 0
62 0
66 0
118 2
133 1
46 0
33 0
0 0
0 0
19 1
378 1
908 3
912 3
413 0
180 0
143 0
81 0
144 0
174 1
115 1
2 0
53 0
35 0
0 0
8 0
0 21
0 607
2 950
7 888
10 615
13 838
12 638
8 208
10 275
8 303
5 245
0 148
4 116
0 38
0 9
1 28
0 0
0 11
0 0
2 3
0 0
0 0
0 0
0 0
0 0
0 0
0 0
0 0
0 0
0 0
0 0
0 0
0 0
0 0
1 0
0 0
0 0
0 0
0 0
8 0
0 0
0 0
0 0
0 0
2 0
0 0
0 0
0 0
0 0
0 0
0 0
0 0
0 0
0 0
0 0
0 0
0 0
0 0
0 0
0 0
0 0
0 0
0 0
0 0
0 0
0 0
0 0
0 0
0 0
1 0
0 0
125 2
425 5
649 9
644 10
395 8
160 7
210 6
142 2
84 0
123 0
225 1
361 1
303 2
13 0
4 1
32 0
110 0
30 0
6 0
28 1
82 14
108 235
32 379
55 414
25 507
38 639
114 671
6 818
239 838
255 461
27 40
124 242
13 67
2 0
1 0
94 1
291 4
169 0
39 0
23 0
0 0
12 1
92 0
17 0
10 0
59 0
4 0
0 0
27 0
0 0
26 0
0 0
7 0
6 0
27 0
27 0
30 0
148 0
22 0
0 0
31 0
8 0
7 0
75 2
442 3
439 5
50 0
30 0
91 0
14 0
74 3
40 0
5 0
49 2
112 2
185 3
157 2
32 0
1 0
39 0
0 0
1 0
8 0
26 0
0 0
8 0
12 0
158 0
204 0
103 0
102 0
63 0
110 0
143 2
153 0
138 0
290 0
203 0
37 0
73 0
203 0
75 0
31 0
134 0
46 0
0 0
10 0
11 0
10 0
0 0
1 0
5 0
0 0
0 0
0 0
0 0
0 0
0 0
0 0
3 0
20 0
25 1
4 0
5 0
0 0
0 0
0 0
0 0
0 0
0 0
0 0
0 0
0 0
0 0
0 0
0 0
0 0
0 0
0 0
0 0
0 0
0 0
0 0
0 0
0 0
0 0
0 0
0 0
26 0
11 2
15 2
41 0
0 0
0 0
7 0
0 0
0 0
0 1
57 2
187 5
178 0
123 0
84 0
49 0
39 0
2 0
0 0
0 0
2 0
3 0
23 0
251 0
558 0
876 0
1946 0
2862 0
3963 0
4483 0
4277 0
4459 0
4221 0
3336 1
2531 0
1822 1
1648 1
1417 1
937 1
1590 2
1919 0
2085 0
1851 0
1678 0
1538 0
1838 0
2087 0
2348 0
2385 0
2295 0
1955 0
1822 0
1697 0
1735 0
1582 0
1476 0
1207 0
814 0
613 0
895 0
1474 0
1698 0
1607 0
1642 0
1533 0
1464 0
1330 0
850 0
726 0
697 0
541 0
412 0
390 0
344 0
437 0
639 0
694 0
721 0
690 0
640 0
641 0
745 0
733 0
744 0
804 2
906 6
1136 9
1583 10
2210 6
2606 1
2752 5
2579 10
2520 13
2177 10
1770 5
1399 7
703 7
734 2
917 0
1017 0
846 0
568 0
337 0
230 0
69 0
41 0
24 0
49 0
61 0
255 0
339 0
527 0
819 2
974 0
891 0
818 0
715 18
523 17
619 11
847 10
950 15
704 11
739 12
1087 14
1189 19
1615 16
1700 18
1402 0
1112 3
920 2
1167 1
1202 0
1145 0
778 0
912 0
1436 1
1578 11
1457 18
1537 28
1697 20
1550 28
1319 29
1495 7
1679 12
1723 3
2115 8
2492 8
1949 2
1666 3
1251 0
1162 0
713 0
363 0
104 0
495 0
403 0
11 0
47 0
335 2
339 3
631 5
1264 2
1769 0
1924 0
2674 0
3357 0
3560 0
3492 2
3228 0
3636 6
3197 5
2135 4
2024 4
1477 1
1903 0
1389 0
364 0
369 0
242 0
121 0
190 0
176 0
136 0
103 0
22 0
38 0
48 0
4 0
16 0
40 0
66 0
67 0
29 0
129 0
407 0
499 0
412 0
188 0
146 0
214 0
118 0
75 0
67 0
11 0
9 0
0 0
0 0
1 0
0 0
456 0
1145 0
1355 0
931 0
684 0
1031 0
734 0
565 0
486 0
463 0
473 0
187 0
48 0
27 0
46 0
51 0
129 0
123 0
191 0
63 0
64 0
134 0
145 0
63 0
100 0
84 0
65 0
127 0
65 0
34 0
6 0
9 0
0 0
0 0
0 0
0 0
0 0
0 0
0 0
0 0
34 0
35 0
0 0
18 0
5 0
108 0
549 0
1266 0
1717 0
1811 0
2373 0
2790 4
2863 4
2542 3
2120 0
1833 5
1359 8
1219 11
1240 12
1285 11
1399 6
1344 7
1243 6
1073 6
913 3
855 5
982 6
1060 11
1140 10
1104 13
959 14
776 15
627 7
462 12
268 5
14 1
20 0
24 1
1 0
0 0
0 0
0 0
0 0
0 0
0 0
0 0
0 0
0 0
0 0
0 0
0 0
3 0
5 0
1 0
0 0
2 1
33 3
21 1
7 0
1 0
0 0
0 0
0 0
0 0
0 1
0 0
0 0
0 0
0 0
0 0
0 0
0 0
0 0
0 0
0 0
0 0
4 0
0 0
0 0
0 0
0 0
0 0
0 0
0 0
0 0
0 0
0 0
0 0
0 0
0 0
0 0
0 0
24 1
187 2
665 0
1687 4
1868 5
2104 7
1978 7
2074 3
1988 5
2105 7
2260 4
2236 6
1859 2
1478 1
590 0
622 0
817 0
510 0
97 0
578 0
641 0
488 0
453 0
510 0
363 0
51 0
60 0
185 0
403 0
474 0
128 0
44 0
25 0
2 0
7 0
0 0
0 0
0 0
0 0
3 0
5 0
14 0
15 0
7 0
0 0
0 3
10 0
0 0
0 0
0 0
0 0
0 0
0 0
0 0
0 0
0 0
0 0
0 0
0 0
0 0
170 0
808 0
1248 1
1498 0
1296 5
1422 4
1173 7
1270 11
1428 19
1582 17
1335 24
1169 13
910 4
971 13
895 20
901 22
988 23
397 14
777 0
1102 0
1063 0
283 0
445 0
396 0
596 0
840 0
836 0
181 0
97 0
174 0
2 0
2 0
74 0
545 0
629 0
12 0
290 0
642 2
450 2
228 0
893 0
1101 2
1074 6
914 0
778 0
715 0
521 0
529 0
571 0
457 0
482 0
405 0
361 9
414 0
45 0
23 0
414 0
678 0
770 1
833 1
799 0
724 2
80 0
117 0
310 0
455 0
467 0
463 0
185 0
185 0
445 0
755 0
1088 1
1312 8
1692 18
1183 2
1074 4
609 5
177 7
764 0
1098 0
1095 4
563 4
60 4
143 2
147 0
172 11
120 11
74 0
226 1
500 1
688 3
962 6
1113 3
1636 3
1215 2
1413 0
1987 8
2045 8
2104 7
1649 7
2001 5
1311 6
1141 7
610 7
310 3
557 3
1101 12
1372 4
1579 0
1919 4
2106 6
2262 5
1754 1
1543 2
1772 2
1287 3
727 0
521 0
875 0
1208 0
1008 0
978 0
1064 0
1230 0
1004 0
916 0
839 0
799 0
830 0
798 0
700 0
534 0
435 0
323 0
75 0
96 0
198 0
305 0
481 0
830 0
1287 0
1649 1
1739 2
1901 0
1974 0
1534 0
1214 0
991 0
659 0
234 0
13 0
8 0
46 0
14 0
3 0
0 0
63 0
118 0
177 0
169 0
78 0
2 0
0 0
0 0
0 0
0 0
1 0
0 0
0 0
0 0
0 0
16 0
3 0
15 0
26 0
570 0
838 0
1254 2
1926 8
2372 11
1892 10
1381 2
1355 4
999 0
542 0
292 1
378 0
503 0
734 0
769 0
377 0
106 0
37 0
0 0
0 0
7 0
54 0
3 0
7 0
0 0
0 0
6 0
2 0
0 0
8 0
2 0
0 0
0 0
0 0
0 0
11 0
0 0
5 0
21 0
2 0
10 0
34 0
84 0
192 0
228 0
197 0
134 0
52 0
14 0
0 0
0 0
0 0
0 0
0 0
0 0
0 0
0 0
238 0
34 0
7 0
3 0
0 0
0 0
0 0
0 0
2 0
0 0
0 0
0 0
24 0
1 0
2 0
0 0
0 0
0 0
0 0
0 0
0 0
0 0
0 0
3 0
3 0
0 0
5 0
0 0
0 0
0 0
0 0
0 0
0 0
562 0
1931 0
2979 0
3630 1
2833 0
1256 3
1960 4
1491 1
2179 0
2067 4
1480 5
2149 2
1803 1
1440 0
2369 0
2610 0
1931 0
1466 0
1050 0
2673 6
3101 5
966 2
767 0
620 5
753 2
862 2
879 1
410 2
344 2
723 1
1009 0
1644 0
1852 0
1376 0
415 0
589 0
618 0
1020 0
1025 0
1131 0
1727 0
1796 0
1339 0
1520 0
1784 0
1413 0
841 0
1210 0
1168 0
918 0
1861 0
1828 0
1107 0
1224 0
1602 0
1975 0
1947 0
1392 0
968 0
1251 0
1108 0
900 0
1247 0
1425 0
1792 0
1905 0
1521 0
767 0
1495 0
1882 0
1889 0
1508 0
1252 0
1510 0
1566 0
1669 0
1621 0
1630 0
1661 0
1494 0
1295 0
1736 0
1944 1
1061 1
1308 0
1345 0
1320 0
957 0
445 0
296 0
67 0
77 0
451 0
405 0
77 1
330 0
587 0
685 0
778 0
1055 0
1288 0
1322 2
1569 3
1726 0
1765 3
1713 4
1926 10
2217 12
2264 11
1976 32
1844 30
1402 39
1053 32
1007 23
702 15
1096 9
1129 13
856 6
337 3
252 8
323 6
154 6
300 7
255 6
34 2
156 0
428 12
411 12
460 10
715 8
858 13
734 20
602 17
617 19
1101 16
1346 23
1435 32
1154 17
855 27
734 23
470 27
215 4
504 13
439 12
320 5
290 6
206 9
156 4
241 5
325 4
1077 23
1265 13
1414 3
1250 3
890 5
206 5
83 6
47 6
705 8
901 8
1077 6
1102 8
1156 10
1390 7
1790 6
2269 5
2334 5
2073 2
1794 2
2275 3
2146 0
1971 0
1689 9
1256 10
1042 2
1280 9
1188 12
866 9
949 11
950 12
690 4
95 0
287 0
589 0
649 0
380 0
146 0
149 6
238 3
245 9
539 7
455 3
472 2
412 2
583 4
869 3
1428 2
1833 6
1748 6
1869 0
2051 3
1854 5
1908 11
2138 13
1699 9
1697 4
1032 2
495 2
771 0
1424 0
1269 2
1629 4
1309 11
1895 9
1559 0
2034 1
2262 0
2200 0
2223 0
2518 0
2452 0
2450 8
2220 25
1654 21
907 6
1276 14
1716 22
1842 15
1868 20
2010 18
1412 24
1191 8
2146 15
2285 18
1979 24
1619 18
784 17
1306 26
2104 23
2527 20
2535 12
1830 1
1777 2
1951 7
1667 19
882 12
632 4
599 0
1427 6
1816 10
1793 9
1623 8
1081 2
242 0
1109 0
1172 0
894 0
306 1
46 0
8 0
24 0
3 2
0 0
1 0
15 0
45 0
21 0
10 0
113 0
292 0
38 0
42 0
37 0
227 2
513 4
585 3
774 3
971 3
1519 11
1831 10
1715 10
1552 3
1502 3
1399 4
1029 3
609 4
243 4
83 2
30 0
113 0
129 0
110 1
128 3
7 0
0 0
25 0
0 0
0 0
45 0
145 0
64 0
694 0
1194 5
1888 6
2505 4
2213 0
803 1
1889 5
1753 2
747 5
997 4
1530 0
644 2
1872 2
1272 5
592 0
772 3
987 3
437 4
547 1
354 0
718 0
931 0
778 0
402 2
332 3
184 0
23 0
95 2
247 4
721 0
1121 0
651 0
546 0
868 0
185 0
846 0
892 0
254 0
157 0
31 0
309 0
967 0
1124 0
829 0
341 0
99 0
66 0
243 0
228 0
253 0
175 0
279 0
698 0
1166 0
927 0
922 0
1536 0
1508 0
1292 0
792 0
149 0
110 0
108 0
46 0
3 0
4 0
0 0
0 0
7 0
73 0
40 0
28 0
13 0
0 0
1 0
23 0
46 0
17 0
663 0
1489 0
1611 0
1503 2
2464 0
2240 0
2097 0
1866 0
1501 0
1255 0
771 0
930 0
1248 0
2010 0
2211 0
2516 0
2193 2
1415 12
3381 8
2929 2
1980 0
1201 2
539 2
462 5
541 5
833 2
896 0
837 0
546 0
140 0
199 0
565 0
1049 0
1370 0
2081 0
2863 2
3382 0
4263 4
3846 5
2541 11
2744 11
3390 4
2562 0
1980 0
2082 2
2448 3
2491 6
2218 5
1511 2
800 0
301 0
194 0
168 0
126 0
125 0
235 0
274 0
433 0
187 0
32 0
397 0
425 0
137 0
1818 1
2751 1
3088 0
2611 0
2107 1
1816 17
1074 10
439 1
190 6
155 2
154 84
352 196
942 346
1407 430
1502 448
1195 586
754 765
182 828
184 839
170 1126
344 1752
1225 1967
2017 1946
2935 2297
4028 2594
5186 2736
6013 2628
5933 2922
6424 3261
6562 3608
6523 3788
5491 3790
4741 3655
3488 3546
2315 3184
1700 2855
1337 3226
1809 3689
1788 3622
621 3604
464 3612
813 3168
523 2347
572 2174
568 2397
581 2672
350 2841
395 3108
538 3420
722 3616
804 3548
1418 3357
1465 3140
952 2873
330 2972
228 2539
179 1976
136 1182
70 187
98 242
130 114
142 132
75 451
5 811
9 944
19 981
150 660
367 247
620 155
274 85
338 148
794 437
656 798
30 900
210 1033
20 622
21 364
51 200
38 43
0 111
0 227
9 317
36 155
16 103
0 106
0 15
0 52
0 89
0 66
0 8
0 174
3 340
0 260
0 218
0 68
0 0
0 1
0 125
0 182
53 12
62 49
65 53
0 47
0 19
6 2
19 0
5 0
0 6
0 31
24 6
37 7
184 0
751 0
1135 0
829 0
33 5
82 51
85 17
58 112
2 118
0 26
0 26
0 10
35 0
42 1
10 0
0 0
0 3
0 3
0 0
0 1
0 43
213 0
391 0
507 19
727 20
408 0
11 1
141 4
190 0
54 0
35 4
30 1
34 5
5 19
8 8
319 4
554 2
445 0
295 0
151 5
60 2
0 0
9 1
61 0
30 0
333 0
576 2
441 14
134 0
112 18
79 1
0 5
0 0
4 0
32 0
12 0
0 0
0 1
0 0
1 0
0 0
0 0
0 0
0 0
0 0
0 0
0 0
13 0
0 0
0 3
0 0
0 0
0 3
0 2
0 0
0 0
0 39
0 3
0 0
0 0
7 0
0 0
0 0
0 16
0 15
0 0
0 0
0 0
0 0
0 0
1 0
0 4
5 0
0 0
0 12
0 0
0 0
0 3
0 0
0 0
0 0
0 0
0 0
0 0
0 0
1 0
5 0
395 0
889 0
1054 4
666 0
244 1
254 0
80 0
26 0
23 4
155 0
219 0
457 0
353 0
23 0
273 0
324 0
0 0
3 0
69 0
26 2
170 0
183 0
111 0
110 1
43 0
67 2
81 0
204 0
934 0
1077 0
349 0
649 3
889 4
735 8
716 6
644 7
927 5
1583 3
1347 7
971 4
729 9
807 11
1392 12
1328 13
566 4
160 2
135 1
40 0
166 0
32 0
31 0
6 0
1 0
8 0
0 0
0 0
0 0
0 0
0 0
9 0
6 0
2 0
4 0
0 0
0 0
0 0
0 3
2 0
0 0
0 0
18 0
0 0
5 2
34 0
2 0
21 7
25 2
25 5
15 3
29 0
18 0
19 0
230 0
374 1
61 3
108 0
47 0
43 3
111 7
196 10
740 5
963 4
21 0
160 4
107 0
32 0
1 0
4 0
76 3
20 0
0 0
0 0
0 0
0 0
8 1
36 0
24 0
10 4
342 18
89 19
21 0
10 10
1 7
0 0
0 0
0 0
0 0
0 0
0 0
5 0
1 0
5 0
0 0
0 0
0 0
0 0
0 0
2 0
29 0
25 0
79 0
66 4
48 5
95 12
414 19
45 4
0 0
0 0
3 0
0 0
2 1
31 0
42 5
96 9
104 15
102 18
110 20
192 43
370 59
582 40
978 45
1118 24
1309 24
1405 12
1344 6
1322 7
1189 6
974 7
696 7
413 6
290 1
1215 9
1653 9
2223 34
2023 23
2453 38
2156 35
1802 62
1520 47
1347 30
1510 26
1487 10
1428 7
1370 27
587 9
441 4
82 0
383 1
579 5
581 3
784 7
1136 15
1417 16
1880 14
1460 10
1228 12
1001 9
552 2
206 0
46 0
115 0
707 2
1171 4
1130 8
963 7
1166 15
1501 12
1374 14
1027 19
878 23
685 17
608 16
811 9
1346 8
1183 5
671 3
373 0
523 2
455 4
434 5
824 8
317 3
325 5
162 3
250 0
171 2
122 5
96 6
97 7
130 1
127 0
53 0
84 0
109 0
96 0
98 2
116 0
86 0
23 0
41 0
71 0
26 0
36 0
50 0
66 0
31 0
56 0
8 0
43 0
35 0
33 0
21 0
46 0
23 0
33 0
39 8
19 12
6 0
22 0
37 0
90 0
158 0
193 2
248 3
122 1
15 0
33 0
17 0
29 0
132 0
47 0
40 0
52 0
4 0
7 0
11 0
2 0
14 0
15 0
18 0
17 0
9 0
3 0
9 0
0 0
0 0
0 0
0 0
0 0
0 0
0 0
5 0
0 0
1 0
5 0
3 0
19 0
0 0
1 0
0 0
0 0
0 0
0 0
0 0
0 0
0 0
0 0
0 0
3 0
0 0
0 0
0 0
0 0
0 0
0 0
0 0
0 0
0 0
0 0
0 0
0 0
0 0
0 0
0 0
0 0
0 0
15 0
24 0
9 0
16 0
14 0
16 0
37 0
39 0
0 0
5 0
0 0
0 0
0 0
0 0
0 0
27 0
35 0
4 0
1 0
0 0
4 0
0 0
5 0
0 0
0 0
0 0
0 0
0 0
0 0
0 0
0 0
0 0
0 0
0 0
0 0
0 0
0 0
0 0
0 0
21 0
0 0
0 0
7 0
27 0
12 0
26 0
16 0
2 0
58 0
52 0
46 0
22 0
26 0
6 0
14 0
7 0
2 0
45 0
13 0
0 0
0 0
0 0
0 0
0 7
0 0
0 13
0 0
0 0
0 0
0 1
0 0
0 6
0 1
0 5
0 0
0 0
0 0
0 0
0 0
0 0
0 0
0 0
4 0
0 0
0 0
0 0
0 0
0 0
0 0
9 0
0 0
0 0
5 0
0 0
0 0
0 0
0 0
0 0
0 0
0 0
0 0
0 0
0 0
0 0
0 0
0 0
0 0
3 0
0 0
0 0
0 0
29 0
136 0
93 0
15 0
7 0
0 0
0 0
4 0
23 0
71 0
60 0
183 2
78 0
38 0
31 0
8 0
0 0
0 0
0 0
0 0
0 0
3 3
0 3
1 0
0 0
1 0
0 0
0 0
0 0
0 0
0 0
0 0
0 0
0 0
0 0
0 0
0 0
0 0
0 0
0 0
0 0
0 0
0 0
0 0
10 18
54 59
34 161
76 18
104 101
98 85
44 92
1 61
7 16
7 8
2 8
2 19
0 20
13 80
17 202
11 188
1 221
9 122
1 135
1 174
2 236
1 424
1 540
1 566
0 294
42 121
78 43
59 165
29 190
6 388
71 423
0 579
33 696
140 714
109 786
11 913
6 953
63 1133
30 1000
23 787
11 476
22 993
26 1768
26 2430
24 2900
45 3174
64 2827
22 2475
9 2556
2 2564
10 3110
21 5088
18 5001
12 4468
14 3082
22 2236
14 1911
67 2181
51 2703
43 2914
190 3067
324 3331
395 3635
376 4097
289 4323
179 2675
172 1971
96 1905
80 2220
32 2266
18 3004
52 3261
51 2349
66 1968
53 2218
44 1844
62 965
151 415
95 273
48 646
3 1111
28 1464
36 1520
45 1872
89 2349
6 2610
25 2725
49 2828
82 2876
10 2732
28 2930
19 2741
4 2605
34 2256
22 1623
15 1182
64 911
79 1645
71 2721
31 2989
21 3500
9 3665
2 3123
4 1950
59 1624
33 2192
4 2438
0 2559
41 2615
14 2524
0 1804
2 1232
8 1649
19 2311
22 2885
15 3187
28 2835
36 1748
28 2372
70 2195
12 1375
0 1572
56 1805
55 1521
24 1496
1 1715
23 1771
8 1480
6 852
57 1112
44 1641
7 1783
1 1664
53 1376
33 1405
17 1543
52 1132
33 697
7 611
1 698
14 524
15 435
23 415
10 533
1 467
2 375
0 177
0 183
0 173
0 196
0 105
0 23
0 52
0 79
4 397
5 615
3 477
0 260
4 56
0 38
0 1
0 0
0 9
0 8
0 7
0 1
0 0
0 0
11 3
0 114
0 66
0 0
0 0
0 4
0 0
0 0
0 0
0 0
0 0
0 0
0 0
0 0
0 7
0 0
0 0
28 3
3 0
0 0
0 0
6 0
6 3
0 0
0 0
0 3
0 0
5 0
0 1
0 0
5 0
37 0
9 0
5 0
1 0
0 0
0 0
0 0
0 0
0 1
0 26
0 2
0 0
0 0
0 0
0 0
0 3
1 4
0 0
0 0
0 0
0 0
1 0
0 0
0 0
0 0
0 0
0 0
11 0
100 0
47 0
14 1
8 0
20 0
114 0
174 0
153 0
8 0
0 0
244 0
495 0
185 0
0 0
0 0
0 0
0 0
0 0
0 0
0 0
0 0
0 0
0 0
0 0
0 0
0 0
0 0
0 0
0 0
0 7
0 4
0 0
0 0
0 2
0 0
0 0
0 0
0 0
3 0
41 0
1 0
141 3
373 6
422 5
223 8
36 2
175 10
311 2
161 2
0 0
201 5
227 13
94 6
75 7
152 8
130 3
16 0
133 0
234 5
29 2
4 4
62 5
102 1
106 0
288 2
144 0
53 1
0 0
10 0
4 0
17 0
7 2
9 0
31 0
0 0
2 0
0 0
2 0
0 0
3 0
15 0
0 0
0 0
0 4
0 0
0 0
0 1
0 0
8 2
2 0
0 0
0 0
0 0
0 0
0 3
0 0
0 2
0 0
0 0
0 0
1 0
0 0
0 1
0 0
0 0
0 0
0 0
0 0
0 0
0 0
0 5
0 4
1 3
0 3
2 1
3 7
0 2
8 0
2 0
1 0
10 0
16 0
134 0
347 0
420 0
202 0
0 0
0 0
0 0
0 0
1 0
1 0
0 0
13 0
12 0
30 0
1 0
0 4
0 295
1 707
1 1088
0 1284
0 1721
1 1870
0 2080
6 1888
3 1741
1 1560
0 1258
0 1432
5 1830
0 1935
0 1466
0 759
0 1322
1 1317
1 1350
8 1624
7 2024
0 2204
8 2411
15 2403
10 2429
11 2335
8 1434
5 1419
3 1272
0 625
1 430
2 273
1 162
0 120
0 39
1 3
0 0
8 1
0 0
0 0
32 5
0 14
81 3
38 4
11 1
48 0
27 0
18 0
17 0
21 0
39 0
0 9
65 0
117 2
1 0
0 0
4 0
15 0
11 0
1 4
14 0
2 0
11 0
0 0
25 0
0 0
0 0
0 0
0 0
0 0
0 2
0 0
7 0
21 0
24 0
80 10
8 13
0 34
0 48
0 56
0 56
0 105
0 141
0 203
1 259
1 384
155 769
597 1537
611 2005
326 2300
163 2505
291 2575
345 2405
343 2132
249 1781
306 1423
323 857
190 676
115 686
92 1413
162 1720
159 1744
136 1573
215 1519
320 1422
262 1348
204 1074
236 719
217 752
88 1176
248 1235
191 1402
243 1533
247 1444
282 1120
346 1245
254 1444
416 1308
465 1220
127 992
83 824
277 581
442 513
463 616
463 975
539 1555
663 1792
574 1851
301 1307
90 778
120 1376
114 1592
107 1623
65 1328
110 1178
25 996
4 506
13 579
2 875
99 1252
157 1486
18 1537
40 951
80 1145
77 1314
27 1566
119 1319
43 580
22 417
133 1164
46 1585
14 1854
37 1956
176 2034
4 1978
22 1262
90 602
67 1430
60 1942
181 1899
168 1898
19 1802
15 1737
49 1571
28 1634
13 1593
31 1459
4 1199
2 1040
6 1179
15 1465
14 1470
41 1169
2 872
54 557
0 908
0 992
6 859
4 747
3 715
0 656
0 547
3 275
5 271
0 715
0 941
0 599
0 772
3 1027
121 810
19 419
9 561
23 1098
178 930
247 1183
2 1491
3 1057
148 568
121 796
160 762
39 748
70 469
4 216
18 286
186 849
374 501
392 1378
75 1814
3 1807
0 990
26 206
31 1193
93 1496
38 1413
6 1196
12 640
19 43
2 5
10 347
37 1251
30 2078
54 2676
32 3119
37 3549
67 3658
21 3608
81 2666
101 1851
6 227
0 289
1 644
1 831
0 38
2 387
1 12
0 18
3 48
14 80
0 31
0 52
0 10
2 14
0 0
0 5
2 93
2 108
0 22
14 45
37 123
14 186
15 184
2 85
0 16
1 40
0 22
1 25
1 15
0 11
0 0
0 0
0 0
0 0
13 0
40 0
38 0
0 0
0 0
0 0
0 14
0 0
0 0
0 5
0 7
0 0
0 0
0 0
0 0
0 0
0 5
0 32
0 81
0 124
1 144
3 243
1 289
1 383
6 447
12 399
6 392
1 314
4 130
10 160
4 97
4 111
4 249
9 237
4 445
3 528
5 584
5 483
3 222
0 133
6 151
7 139
6 46
5 51
8 115
4 248
3 359
5 429
5 311
2 115
7 132
4 152
4 62
3 66
0 41
10 109
10 119
2 131
3 65
7 107
108 107
83 143
13 70
76 36
145 14
316 29
307 26
37 62
33 29
127 3
143 0
16 3
53 29
259 20
183 37
77 7
201 44
22 0
0 0
137 0
108 0
0 0
60 0
155 0
0 2
0 0
54 183
16 873
5 1332
67 1453
4 1536
0 1771
33 1973
30 2204
0 2182
2 2196
5 2130
2 2169
3 2027
4 1833
5 1533
6 1108
7 710
28 512
0 327
1 507
5 838
5 1042
6 1094
1 974
2 745
2 553
25 416
1 479
2 608
3 769
35 858
26 871
57 686
19 486
25 305
0 206
7 108
80 109
63 41
27 0
12 0
0 0
10 0
39 0
104 110
87 222
49 140
55 84
61 38
80 11
182 0
193 0
67 0
63 3
39 4
26 6
1 12
0 20
17 6
2 30
5 8
64 161
31 362
59 458
120 602
23 667
164 627
302 595
211 308
279 132
208 142
199 273
220 652
278 1033
208 1040
27 902
9 586
17 453
12 368
4 500
43 916
56 1125
55 1319
56 1185
39 978
25 697
7 336
5 280
17 414
83 695
114 952
276 1372
495 1471
714 1587
767 1481
773 947
758 683
576 1260
271 1533
92 1601
160 1449
229 1159
188 860
16 958
124 1185
191 1389
200 1490
312 1578
218 1559
310 1404
201 2342
333 2946
225 3742
165 3760
270 4141
149 4155
284 4255
203 4064
174 3828
181 3644
58 3102
50 2819
24 2468
41 2410
24 2400
170 2367
311 2101
270 1879
101 1589
0 1399
0 1448
3 1622
1 2105
3 2263
3 2445
4 2337
3 2212
20 1829
8 1712
12 1731
6 1563
8 1444
1 1255
4 1289
13 1593
20 1678
14 1797
14 1896
14 2004
5 2225
9 2324
13 2247
14 2295
7 2074
8 1439
6 743
0 323
4 377
5 424
3 357
10 193
6 361
6 710
0 1205
0 1470
0 1517
0 1602
0 1428
0 1094
0 690
0 378
0 195
0 100
0 23
0 20
0 4
0 11
0 307
0 738
4 1080
0 1483
0 1599
0 1179
0 574
0 343
0 448
0 501
0 401
0 189
1 145
0 73
0 172
0 259
0 275
0 147
0 134
0 371
0 558
2 613
2 571
0 903
0 1269
0 1563
3 1692
0 1616
4 1418
23 1262
91 1024
90 855
144 693
188 455
297 485
327 952
317 1268
393 1536
470 1431
542 1396
465 1643
433 1959
204 2220
273 2373
146 2496
229 2684
319 2894
313 3001
202 3148
202 3241
153 3214
321 3270
500 3010
411 2838
96 2600
126 2459
84 2326
21 2190
22 1997
5 1953
4 1982
2 2031
13 1984
12 2161
11 2409
12 2566
31 2809
97 2864
179 2843
209 2427
261 1973
207 1180
75 714
3 594
11 391
35 94
13 116
15 244
0 515
0 519
42 701
10 679
0 777
0 796
112 956
35 1078
0 1382
23 1517
95 1769
108 1859
5 1783
0 1551
20 1075
15 1021
0 957
1 1206
18 1074
2 840
0 635
0 698
0 1020
4 1421
2 1263
2 1234
5 1503
0 1610
0 1614
0 1634
0 1767
0 1901
0 1889
2 1889
1 1335
3 1292
5 2240
4 2713
2 2615
2 2407
109 2324
206 2441
11 2357
164 2378
225 2336
76 2647
14 2845
85 2870
181 2211
80 1261
141 1796
237 1888
104 1285
37 754
28 1379
64 1377
65 1827
64 2393
120 2919
34 3083
5 2520
99 2208
49 2251
12 2085
3 2016
21 1684
5 1138
12 679
9 577
2 599
0 671
1 615
3 734
5 980
6 1173
10 1398
3 1684
4 1829
5 1623
0 1279
0 679
0 161
0 137
3 90
1 81
0 40
0 55
0 167
1 328
1 453
0 454
11 385
0 366
0 219
0 89
0 21
0 0
0 18
1 25
0 50
0 15
13 4
1 0
0 7
0 95
0 113
0 56
0 29
0 59
3 101
0 109
0 163
0 126
0 81
0 37
0 20
0 5
0 7
0 0
0 4
0 8
0 0
0 0
0 0
0 0
0 0
0 2
0 14
0 13
0 0
0 0
0 13
0 0
0 0
1 42
0 43
0 145
0 193
4 356
0 464
0 674
0 866
3 928
0 1044
0 1309
2 1514
0 1485
0 1510
3 1523
4 1389
12 1345
13 1384
10 1471
1 1482
0 1639
0 1535
0 1754
1 1871
1 1941
25 2085
10 2012
1 1862
16 1633
0 1454
1 1330
0 1129
2 1102
3 1220
2 1260
3 1237
3 1278
2 1136
0 1150
0 1036
0 1040
0 1037
9 944
6 975
2 908
8 990
6 1009
0 1047
0 1001
3 1041
0 845
0 686
0 635
14 547
0 564
0 564
0 427
0 250
3 61
3 30
4 60
0 523
18 914
0 1113
1 1152
32 1127
8 1103
2 1079
2 1116
107 1288
67 1226
6 1203
4 1210
36 1175
15 1227
30 1378
0 1276
0 1388
6 1427
0 1541
0 1615
0 1632
0 1532
0 1444
0 1326
0 1321
0 1186
0 1063
27 953
165 886
323 556
450 420
532 507
786 654
1015 855
757 1010
1642 1383
2458 1659
2631 1883
2724 1950
3127 2046
2624 1687
1876 1398
985 1013
776 1024
144 1149
160 1110
355 1109
337 1084
424 1089
145 1137
63 1096
8 1006
19 950
11 874
0 1064
4 1155
0 1024
7 658
4 278
5 685
7 844
0 834
0 675
0 1198
3 1349
0 1246
0 762
0 857
0 1343
0 1642
0 2015
0 1998
0 1765
0 1531
0 1180
0 515
0 1623
20 1776
0 1585
0 1524
0 1435
0 1328
0 986
3 669
0 570
0 780
26 1245
119 1597
54 2013
76 2101
46 1630
73 892
47 1301
37 1770
21 1874
71 1624
2 568
1 877
21 1210
95 1408
41 1452
2 1472
3 1308
8 618
0 201
0 474
21 371
12 239
0 19
6 0
6 109
25 222
0 224
0 152
22 5
0 107
0 473
0 874
0 1132
4 1228
0 1230
0 1098
0 1087
0 947
0 715
0 520
2 392
0 84
0 62
0 373
0 435
0 330
0 141
1 39
1 234
0 83
0 98
3 828
6 1741
3 2407
2 2668
4 2161
0 782
7 1612
8 2211
9 2634
10 2847
26 3362
108 3662
117 2941
156 2096
79 2240
196 2546
41 2830
148 3184
242 3609
158 3311
64 2234
304 1205
384 1940
133 2344
85 3035
179 3232
228 2815
98 2478
31 2332
80 2466
102 2214
10 2506
7 3068
52 2963
49 2295
26 1858
17 3086
37 3291
6 2541
1 1971
15 1563
64 1841
3 2488
5 2395
73 1731
63 596
69 372
88 206
117 314
108 474
173 693
132 1236
122 1950
208 1545
234 1252
65 1584
111 1158
54 831
81 898
11 1007
9 735
0 319
2 414
4 856
3 611
0 467
0 337
10 165
1 92
0 13
0 6
0 19
0 21
41 13
75 0
43 1
26 1
3 38
1 43
52 48
18 159
10 804
31 1198
14 1159
11 1168
7 1161
10 788
4 18
2 350
9 115
6 335
2 728
3 728
1 584
1 383
0 162
2 160
0 262
0 265
0 387
0 492
0 526
1 780
0 516
0 212
0 661
0 428
0 76
0 429
0 424
0 221
1 366
0 356
0 389
1 402
1 351
0 442
0 521
0 499
0 577
0 616
1 716
16 787
0 1005
0 1387
1 1507
3 1181
4 887
2 859
0 1337
1 1752
0 1958
1 1894
2 1494
2 816
3 631
0 750
0 729
0 573
0 410
0 206
0 5
0 55
0 258
0 327
0 295
0 244
9 159
153 236
10 282
30 287
74 275
120 351
59 349
22 488
15 476
111 491
0 518
12 573
33 503
7 485
1 584
1 627
6 576
3 480
2 302
12 165
5 62
0 22
0 0
0 6
0 475
1 755
1 934
2 932
5 933
4 888
3 875
0 906
0 927
0 893
0 713
0 356
0 635
0 850
0 817
0 705
0 577
0 502
0 387
0 267
0 194
0 190
0 311
2 559
4 664
1 830
0 884
0 786
0 802
0 885
0 979
6 1099
0 872
0 640
9 521
8 843
23 878
14 905
53 752
74 681
96 507
164 326
95 128
187 115
118 140
61 346
231 657
297 922
149 1070
102 1057
24 932
4 444
0 706
0 777
1 819
0 647
3 369
0 685
0 662
0 215
0 707
0 790
11 462
8 780
0 460
0 714
0 794
1 502
0 439
0 193
4 659
0 514
0 58
3 71
29 191
0 662
0 742
19 391
28 67
8 156
17 170
31 49
59 0
163 0
103 0
185 0
125 4
172 152
215 150
149 25
7 0
204 38
321 3
186 213
118 620
145 651
20 499
67 299
50 237
8 304
17 323
86 214
19 64
3 937
8 1347
0 1240
3 698
0 42
13 1252
6 1379
5 967
1 222
0 91
0 80
0 205
0 232
4 415
0 1210
0 1249
0 1108
0 712
0 503
0 1008
0 1254
0 1433
0 1181
0 596
0 596
1 522
21 439
64 424
68 298
50 27
41 395
4 669
87 572
167 163
115 16
204 149
200 59
170 14
268 26
248 46
304 132
133 843
28 1331
68 935
202 851
214 614
15 324
3 103
32 243
1 384
0 487
0 501
8 627
6 1183
3 1037
6 829
0 781
1 517
6 756
2 478
0 327
12 114
11 35
0 377
0 440
2 333
10 99
1 382
0 264
9 2
0 16
0 231
0 297
11 172
0 51
6 8
4 26
0 25
1 13
0 23
0 1
0 17
0 0
5 31
0 116
0 165
0 257
13 407
5 547
0 516
0 400
0 209
0 10
1 419
1 506
0 490
3 918
7 1078
34 1042
4 798
2 639
4 459
1 506
16 320
0 128
0 212
3 272
13 137
1 68
0 124
69 246
94 147
69 62
61 19
38 5
45 6
37 35
35 62
70 30
595 37
709 11
893 6
1321 0
666 2
474 102
1047 510
495 886
158 957
278 1170
206 657
139 674
76 1214
179 1589
333 1407
191 884
50 110
309 489
512 1306
342 1126
68 883
58 697
134 710
169 450
101 195
91 559
62 761
20 867
79 1053
13 1442
57 1920
71 2258
27 3198
61 3862
61 4084
55 3494
102 2403
39 1974
71 230
78 1200
80 871
11 135
13 18
64 21
0 0
10 5
73 0
136 2
143 5
202 4
293 9
197 1
41 0
115 1
232 1
69 1
0 0
95 1
121 3
64 0
6 0
67 2
137 0
7 0
0 89
15 982
81 1798
95 2119
111 2576
334 2521
276 2638
66 2528
304 2236
704 1655
624 1080
220 660
21 510
11 723
40 857
135 857
82 611
41 590
59 771
45 900
30 820
0 716
5 503
44 315
180 20
230 83
233 19
217 24
197 326
204 598
247 749
98 764
373 746
170 715
59 733
59 573
33 625
77 875
80 939
23 1013
98 1046
83 951
22 720
1 454
61 697
53 967
9 1175
0 1182
0 1327
0 1225
0 1039
14 773
11 627
0 914
16 1132
0 1216
15 1217
5 1172
11 877
16 679
19 457
40 756
116 848
32 872
19 429
2 2
8 222
1 408
0 415
0 234
16 217
8 280
4 435
3 1154
6 1957
12 2455
7 2484
63 1845
150 848
61 1315
76 511
7 558
0 91
9 184
0 16
6 21
4 0
2 0
3 3
60 0
11 9
8 0
26 0
53 0
27 0
25 0
33 0
111 0
29 0
238 0
255 0
46 0
121 0
39 0
70 0
68 0
43 0
45 0
25 0
135 0
78 0
0 0
48 0
52 0
10 0
25 0
11 0
25 0
0 0
21 0
30 0
6 2
4 52
21 3
9 0
0 0
0 0
0 0
2 0
4 0
4 0
0 0
7 0
0 0
0 0
0 0
0 0
0 0
0 0
6 0
0 0
0 0
0 0
0 0
0 0
0 0
0 0
0 0
0 0
0 0
19 0
45 0
2 0
0 0
0 0
0 0
0 0
6 0
5 0
0 0
0 0
0 0
1 0
90 0
138 0
335 0
245 38
126 384
70 923
53 1141
120 1196
17 1465
56 1640
38 1736
58 1818
53 2011
40 2009
13 1856
21 1178
53 484
38 655
6 543
8 1086
31 1140
23 659
95 548
5 985
22 817
26 543
14 276
5 676
22 880
13 489
37 331
2 185
81 142
67 642
71 1462
49 1756
34 1496
23 947
18 250
1 520
0 620
0 1191
0 1041
0 387
0 678
0 1009
0 757
0 220
0 466
0 996
0 1418
0 1550
0 1237
0 618
0 1244
0 1374
7 1142
13 908
1 555
53 316
44 668
62 1059
102 1390
101 1563
17 1433
11 1495
21 1357
3 744
0 355
2 520
23 348
4 1047
38 1827
42 2550
43 3028
36 3006
25 2469
0 662
1 755
0 328
17 229
13 187
25 45
2 0
38 6
55 0
189 0
431 1
278 0
113 0
74 0
36 0
26 0
2 0
5 0
36 0
0 0
39 0
50 0
56 0
27 0
69 0
50 0
27 0
13 0
54 0
12 0
2 0
0 0
24 0
11 0
6 0
27 0
34 0
161 0
276 0
232 0
90 0
323 0
249 0
47 0
99 0
97 0
164 0
152 0
107 0
68 0
1 0
62 0
246 0
123 0
99 0
7 0
0 0
21 0
0 0
15 0
30 0
24 0
23 0
0 0
12 0
20 24
4 20
26 10
147 0
204 0
181 0
342 0
193 0
212 0
200 0
159 0
47 0
118 0
68 0
11 0
84 1
81 0
104 0
26 0
168 0
237 0
113 0
193 0
570 0
977 0
1244 258
1183 1045
1336 1817
1122 2369
1377 3165
1321 3417
949 3014
795 2727
465 2743
282 2925
444 2080
251 1779
58 1948
52 1844
9 1431
31 1354
5 1315
16 859
63 1558
62 1339
5 759
28 1158
19 1265
47 1704
96 2382
71 2706
77 2900
25 2716
4 2608
16 2903
12 2949
8 2403
27 1985
11 1500
24 1159
61 1577
24 2029
0 2121
14 1782
23 1488
35 1413
4 1402
18 1400
17 1182
46 1017
99 1101
23 1091
86 1116
160 1134
132 904
0 729
63 562
63 532
44 599
11 644
0 620
16 559
24 636
58 568
4 448
0 487
0 576
0 373
0 223
5 374
10 271
0 108
0 230
0 422
0 746
0 1027
0 1422
0 1565
0 1368
0 1275
16 1007
46 1510
131 1546
59 959
0 833
52 524
43 528
12 266
11 319
4 340
28 350
3 373
25 415
5 334
0 129
52 0
0 0
26 1
46 0
63 4
18 5
5 19
39 1
32 6
20 7
7 0
15 0
0 0
43 0
72 0
6 0
8 0
55 0
1 0
32 0
15 0
19 0
7 0
4 0
3 0
0 0
0 0
3 0
0 7
36 165
80 346
84 565
74 769
19 745
3 728
16 776
21 792
54 738
28 634
9 647
18 677
37 417
11 422
43 597
2 805
0 892
1 938
6 929
16 817
9 592
29 242
17 497
68 887
42 1080
206 971
180 429
38 34
357 158
466 61
852 32
914 411
539 636
291 765
281 646
219 413
279 264
245 134
367 114
468 162
322 158
301 70
355 102
546 295
503 624
420 886
406 1140
501 1228
379 1231
345 1159
254 1083
146 1025
64 1028
16 873
55 783
87 613
19 249
58 20
197 56
33 94
57 53
109 15
421 27
129 60
46 16
10 54
55 67
151 17
100 0
13 53
4 13
21 55
24 88
36 153
33 305
18 358
2 380
1 331
0 245
5 226
22 418
51 598
5 775
0 899
0 883
0 819
0 486
0 282
0 183
9 115
0 0
22 34
25 76
33 106
20 59
25 13
33 49
0 117
6 221
25 385
7 946
24 1129
65 1192
17 1068
29 855
1 626
0 355
0 190
0 19
0 4
5 0
1 0
0 0
5 32
3 98
0 177
0 442
5 687
12 702
20 658
0 312
3 459
0 408
11 406
0 584
0 704
0 854
2 1139
12 1500
0 1852
0 959
1 1207
15 1598
0 1679
3 1175
0 940
0 982
0 776
0 594
0 686
0 625
0 333
0 52
0 21
0 1
13 86
18 39
0 0
0 2
22 6
6 16
0 7
0 41
9 53
21 28
4 69
1 268
7 575
0 661
0 537
0 218
4 28
4 11
13 5
75 1
89 35
8 193
8 331
80 235
20 86
12 109
55 97
13 138
41 191
0 221
5 182
15 145
0 66
0 65
17 58
7 29
4 1
0 0
0 0
4 0
0 0
6 0
1 0
0 0
0 0
0 0
4 0
0 0
14 0
33 0
52 0
28 0
18 0
13 0
11 0
8 0
12 0
4 0
8 0
13 0
37 0
55 3
17 4
0 0
0 12
11 80
10 134
0 37
0 24
2 0
0 1
0 102
0 222
0 219
0 140
0 65
4 51
0 0
0 38
3 71
0 70
0 12
0 36
0 89
0 15
0 4
0 0
0 0
22 0
0 19
0 13
0 5
0 0
2 0
0 17
0 1
0 25
0 92
0 179
0 343
0 450
0 337
0 256
0 204
1 170
0 146
0 94
0 78
0 61
0 50
4 73
0 160
10 201
4 207
0 260
1 223
0 171
0 150
0 168
0 142
3 268
3 150
0 236
0 302
0 55
0 49
1 93
0 6
0 0
0 0
0 0
0 0
0 0
0 0
0 0
0 0
0 0
8 3
39 0
49 0
33 0
20 0
30 0
0 0
0 0
22 0
6 0
13 0
0 0
0 0
10 0
28 0
32 0
31 0
17 0
0 0
2 0
3 0
0 0
0 0
0 0
7 0
21 0
0 0
4 0
2 0
3 0
10 0
22 1
8 0
9 0
11 0
7 24
6 6
7 0
0 0
2 0
0 0
0 0
0 0
0 0
0 0
0 3
0 3
0 0
0 0
0 0
217 3
309 3
59 2
60 2
145 4
366 5
187 1
6 0
103 107
169 206
14 326
0 649
91 672
52 652
34 487
87 91
59 82
31 191
28 244
129 312
15 253
0 174
1 181
69 607
27 834
36 981
48 910
31 101
0 651
50 897
61 707
65 284
16 344
0 384
0 68
6 94
0 213
0 223
9 139
19 123
0 85
0 171
1 385
0 576
0 558
0 545
8 580
1 538
0 397
0 128
0 6
0 73
0 111
0 230
0 46
0 34
0 113
0 110
0 58
0 0
0 0
0 0
0 6
