"pat" "th"
0 0
13 0
3 0
52 2
90 2
209 0
124 0
176 2
120 5
238 0
438 2
745 8
1028 16
1369 23
1578 31
2232 39
2558 21
1929 24
1098 21
1434 27
2201 32
2924 32
2731 26
1452 26
1020 18
775 36
676 18
1415 6
1060 3
809 0
1643 0
2605 9
2310 9
1677 4
1563 5
1607 17
1528 31
853 14
944 11
498 1
447 17
366 4
525 13
685 25
482 18
826 0
832 13
396 18
59 0
436 26
541 24
1258 71
1866 23
1680 21
1378 7
1017 9
664 12
1054 13
1677 15
1128 11
400 14
325 15
934 19
1575 61
2115 86
2098 83
1810 69
1567 3
1717 56
1874 3
2223 94
2204 117
2084 150
1825 90
2603 301
2905 407
2232 433
1225 383
868 280
1430 325
1790 500
1977 1046
2062 1921
2570 3156
3505 3888
3784 3870
4494 3122
4358 2071
4253 2890
4025 3650
3684 3103
3325 1528
3148 3091
2777 3017
2612 2065
2391 1357
1996 2659
1421 3474
1181 3733
940 3901
908 2348
1246 485
1419 648
1423 587
1867 178
2383 156
2707 68
3014 28
3242 165
3465 63
3824 102
3667 438
3213 572
2933 355
2694 544
2766 249
3149 65
3381 211
3245 420
2993 616
2868 834
2602 740
2560 392
2291 400
2129 375
1963 288
2435 150
3577 241
3712 306
3424 463
3028 539
2545 570
2179 658
2021 813
1828 854
1943 640
2090 774
2059 662
2302 659
2367 975
2516 1374
3186 1723
3248 1978
4531 2061
5469 1841
5081 1720
4265 1468
3602 870
3106 441
3121 710
3157 1006
3449 1176
3376 1455
3429 1430
3371 1231
3358 982
3903 1125
4417 1398
5210 1402
5588 1062
5666 628
5779 454
5518 368
5338 379
5110 533
4528 681
4055 804
3884 932
3237 892
2279 965
1711 951
1312 1387
1266 1787
985 1783
945 1144
1092 341
1073 1752
1075 2071
1692 1270
3032 392
4459 321
5430 557
5487 399
4367 232
2768 659
2613 1156
3843 1108
2308 573
1273 176
1403 94
1720 170
1457 367
150 581
526 638
421 1177
295 1508
330 1332
168 928
1 655
9 269
16 1380
0 1345
1 809
32 632
5 734
0 743
0 782
0 308
0 28
10 37
123 130
387 473
399 416
235 552
116 834
156 1052
232 1248
288 1152
281 722
116 447
154 392
290 378
375 131
439 89
434 207
411 437
203 166
302 29
129 17
57 7
166 9
209 14
192 13
90 0
0 0
0 0
11 0
0 0
0 21
7 8
22 15
7 1
3 66
39 76
1 17
0 0
0 88
50 394
584 266
1162 47
1838 69
2727 20
3420 22
3078 0
2244 0
2127 0
2288 0
2452 10
2173 11
2183 2
2351 2
2798 10
2275 0
1790 22
1290 3
1485 8
1661 1
1864 7
1822 13
2402 16
2522 8
1583 2
1714 35
2450 6
2240 18
3077 5
3106 4
2336 0
1588 7
2178 71
1952 165
2042 221
2039 205
1911 3
583 57
931 72
1123 318
734 390
776 153
1097 116
1052 85
1081 90
940 131
614 115
222 88
81 7
0 35
1 157
32 80
8 15
0 31
10 128
5 458
3 319
4 8
0 49
2 370
4 723
0 269
2 21
0 133
1 78
0 40
0 0
0 14
0 20
0 3
0 0
0 0
0 0
1 0
136 1
283 0
572 0
739 0
881 0
1162 0
1212 0
1154 0
1033 0
982 0
959 0
890 0
642 0
546 0
769 0
989 5
912 0
905 0
760 0
538 0
667 0
622 0
469 0
376 0
168 0
174 0
147 2
149 0
302 2
489 4
442 5
655 3
1037 8
992 3
902 5
635 0
731 0
481 0
84 0
453 0
642 0
462 0
487 0
513 0
300 0
481 0
354 0
98 0
102 0
353 0
537 0
632 0
285 5
448 3
468 0
336 0
299 0
359 0
352 0
197 0
120 0
84 0
53 0
59 0
43 26
3 158
0 291
22 500
3 620
34 521
102 659
156 754
328 442
481 318
247 136
282 208
521 102
483 58
372 46
216 24
31 50
43 53
25 160
7 189
4 120
0 97
0 93
2 191
26 188
5 151
2 214
0 56
2 64
3 15
4 1
0 18
0 43
9 63
3 13
1 3
0 0
0 0
0 0
0 0
0 0
1 1
8 2
5 70
0 188
1 197
1 85
13 19
2 190
2 565
4 461
2 23
4 15
26 21
115 80
161 23
180 0
220 2
276 0
235 0
46 85
1 616
0 948
15 1043
14 1004
7 985
28 1077
0 1280
26 1384
3 619
11 1342
21 1443
69 1404
96 857
230 136
232 450
190 622
168 486
408 799
634 1734
499 2175
583 1262
561 939
985 229
1054 165
1124 182
977 5
1084 4
926 9
753 1
815 52
872 28
747 177
714 110
832 10
1030 2
936 0
537 1
213 0
426 0
338 6
610 1
430 5
614 25
782 8
742 30
653 12
524 17
223 0
51 0
21 0
4 0
0 0
0 0
0 0
4 0
5 0
2 0
2 0
18 0
54 0
21 0
23 23
57 5
58 0
16 0
5 0
103 3
300 0
180 0
48 0
22 0
125 0
102 0
113 0
37 0
1 0
79 0
100 0
66 0
0 0
2 0
2 0
0 0
0 9
0 5
8 0
19 6
98 2
179 9
158 0
84 0
0 0
29 0
34 0
16 0
2 0
10 0
2 0
0 0
0 0
0 0
2 0
30 0
12 0
0 0
0 0
0 0
0 0
0 9
4 19
0 7
9 0
6 0
175 7
541 0
799 1
874 0
738 0
263 3
101 2
270 0
372 0
583 0
509 1
540 0
325 0
349 0
366 0
326 0
125 0
7 0
1 0
2 0
8 0
15 0
0 0
7 0
0 0
4 0
0 0
2 1
0 0
0 0
0 0
0 0
0 0
10 0
15 0
7 0
17 0
168 0
205 0
576 0
898 2
1280 3
1779 3
1876 3
1478 3
925 0
893 0
1437 2
1429 2
1212 1
913 0
578 0
315 0
238 0
75 0
249 0
267 0
234 0
227 0
200 0
144 0
76 5
101 27
9 39
12 0
6 16
86 0
199 0
327 0
260 0
212 0
217 0
217 4
324 1
334 0
77 0
106 0
163 2
195 0
228 0
130 0
258 0
279 0
255 0
41 0
63 0
38 0
1 0
37 0
34 1
52 0
17 6
65 0
90 1
71 0
38 0
10 1
51 0
12 0
0 0
0 0
2 0
7 0
0 0
0 0
3 0
0 0
0 0
0 0
3 0
4 0
1 0
0 0
0 0
0 0
0 0
0 0
0 0
0 0
14 0
86 0
218 0
155 0
169 0
45 0
177 0
113 0
382 0
487 0
240 0
61 0
33 0
43 1
28 0
29 6
13 141
7 134
6 8
0 1
0 62
1 79
20 27
0 19
1 58
4 5
5 0
15 0
21 3
34 0
62 0
48 0
18 0
2 0
0 0
0 0
0 0
0 0
0 0
0 6
0 112
0 47
0 0
0 0
0 9
0 20
0 0
0 0
0 0
0 0
0 2
0 54
1 12
0 49
10 52
2 19
0 0
0 0
0 0
0 0
0 26
0 5
0 0
0 50
0 56
1 53
0 53
0 43
0 35
0 61
0 68
0 10
0 7
0 29
0 6
0 18
0 23
0 69
0 140
0 174
0 11
0 12
0 8
2 217
2 759
0 2140
0 3595
4 4932
4 5750
6 5870
8 4807
5 3292
1 2109
0 1668
1 2571
3 3513
10 4458
19 5073
77 4921
152 4169
98 3323
124 3132
131 3321
95 3002
351 2605
487 1912
470 1499
341 1719
356 2363
232 2569
401 2635
561 3008
660 3240
837 3724
560 4065
258 4275
89 4521
283 4475
230 4450
112 3822
261 3046
154 2512
94 2050
235 1641
234 1300
260 897
107 1162
49 1428
33 1641
26 1663
57 725
75 789
75 1027
155 1161
88 889
147 922
98 1288
207 2087
496 2742
458 3270
643 3607
624 4060
645 4533
786 4612
737 4167
629 3353
674 2751
307 1979
59 1666
149 1795
302 2253
602 2709
381 2430
362 2102
374 2099
341 1948
339 1625
157 1357
69 1092
1 740
0 650
20 393
271 396
1061 636
2050 791
3270 957
4358 826
5518 791
6162 792
6712 778
7438 757
7868 660
8325 660
7501 599
6029 620
4509 567
3143 545
2118 455
1533 373
1161 276
1246 240
1390 147
1554 104
1651 25
1682 99
1743 174
1721 155
1641 291
1500 310
1190 373
890 384
659 334
525 351
409 298
361 199
234 104
165 68
97 8
134 4
23 4
0 3
1 7
47 9
93 11
118 79
125 160
173 206
283 153
370 121
501 158
655 218
809 238
918 267
1240 150
1639 67
2083 58
3053 96
3877 78
4102 166
4389 113
4508 87
4083 20
3766 22
3130 133
3134 89
2882 112
2625 18
2506 15
2678 132
3461 170
3872 186
4376 109
4874 60
5120 38
4563 8
3747 16
2555 2
1498 9
1409 132
2015 157
1913 92
1729 164
1669 162
1639 147
1656 43
1672 7
1462 122
1048 153
886 122
1215 58
1791 75
2136 17
2153 10
2150 31
2018 39
1789 35
1209 40
1146 9
2624 12
3614 4
4082 74
4462 54
4795 48
5198 24
4951 86
4601 159
4369 198
4143 180
3564 158
2516 95
2063 169
2065 241
2966 298
3295 358
2840 341
2781 248
2725 24
2968 152
3605 235
4180 246
4672 209
4861 113
4757 57
4446 86
3970 67
3714 87
3952 78
4196 57
4041 17
3066 20
2948 33
2616 11
4280 8
4665 18
3198 32
1356 14
1686 29
1557 30
1178 69
1410 57
1843 41
1237 10
806 10
1447 57
1288 98
962 89
820 91
1082 133
1358 274
1806 348
1206 474
509 691
457 758
258 788
453 697
458 610
480 536
413 832
270 957
113 1042
81 1351
33 1625
29 1832
20 1917
31 1936
160 1951
168 1803
154 1866
117 2146
57 2826
33 3888
44 4773
56 4992
67 4558
31 2301
107 1216
36 1268
14 922
96 1384
78 1190
78 1311
65 2132
71 1933
97 813
25 400
2 734
2 725
5 722
3 986
0 964
32 445
4 323
13 44
4 55
1 4
3 0
4 8
0 0
0 9
0 0
4 0
0 245
0 850
0 527
0 152
0 580
0 208
1 235
4 60
0 9
2 9
0 3
10 4
3 36
0 14
0 0
0 0
0 0
0 0
0 0
0 0
0 56
0 1696
0 3332
0 4127
0 4265
0 3719
6 2785
0 1891
0 1952
3 3426
17 4255
47 4177
80 3370
58 1427
13 1544
17 1419
74 1076
62 921
58 882
28 971
85 957
234 804
286 677
221 828
234 539
269 450
143 570
93 576
64 954
162 1751
99 2274
42 2436
35 2727
18 1447
0 1013
0 656
2 466
0 615
25 165
30 292
0 443
29 270
29 84
21 70
54 416
3 130
9 14
40 155
10 403
29 389
14 525
0 909
18 1291
0 888
0 733
0 752
0 597
0 357
0 246
0 693
0 758
0 620
0 791
0 1552
0 763
0 241
3 773
0 753
0 281
0 89
0 194
0 169
6 210
6 312
3 306
1 200
10 31
6 129
8 133
34 193
0 117
10 74
0 136
0 198
0 190
0 232
9 467
0 609
0 852
1 1091
0 1160
0 941
11 841
4 551
2 605
0 335
8 484
0 469
0 456
0 403
1 79
0 56
1 117
0 161
0 373
0 619
0 272
0 299
0 327
0 565
0 863
0 1055
0 657
0 516
0 557
0 557
0 725
2 871
0 375
4 351
0 195
0 117
1 113
0 41
0 33
0 0
0 2
0 7
0 24
0 5
0 5
0 7
0 3
0 2
0 7
0 32
0 86
0 116
0 390
0 240
0 66
0 47
0 78
0 206
0 0
0 15
0 0
0 18
0 1
0 0
0 0
3 0
1 0
0 0
1 0
0 0
0 0
0 0
0 0
0 0
0 0
0 0
0 0
2 0
0 0
0 0
0 0
0 0
0 0
1 0
0 0
0 0
0 2
0 16
0 221
0 765
0 1104
0 1304
0 1272
0 1106
0 1025
0 571
0 1673
0 1966
0 1321
0 4
0 457
0 114
0 374
0 1232
0 1668
0 1089
0 623
0 166
0 23
0 25
0 0
0 0
0 0
0 0
0 0
0 0
0 2
0 0
0 0
0 0
0 0
0 0
0 0
0 0
0 0
0 0
0 0
0 0
0 0
0 0
5 0
0 0
4 0
1 0
1 0
0 0
0 0
0 0
0 0
0 0
0 0
0 0
5 0
15 0
132 1
166 0
102 1
4 0
4 0
22 0
6 8
52 9
45 3
31 5
26 47
9 40
0 9
3 0
0 0
0 0
0 14
0 17
0 3
0 1
0 0
0 7
1 2
0 14
0 5
0 1
0 0
0 0
0 0
0 0
0 0
0 0
0 0
0 0
0 0
2 0
7 0
0 0
0 20
0 442
0 1014
0 1373
0 1515
0 1591
0 1377
0 973
0 1307
0 1320
0 1950
0 2244
0 2014
0 1604
0 450
0 163
0 303
0 796
0 1452
0 1611
0 1489
0 474
0 378
0 168
3 283
0 0
0 0
0 0
0 0
0 0
0 0
0 0
11 0
0 0
19 1
2 0
79 0
107 10
123 1
64 11
11 0
5 0
0 0
0 0
16 5
50 10
32 5
83 11
88 8
39 0
7 0
0 0
1 0
0 0
0 0
0 0
0 0
0 0
0 0
31 0
0 0
31 0
0 0
0 0
0 5
0 0
0 0
31 0
38 10
10 7
1 77
0 68
0 16
21 2
25 5
10 27
0 132
0 171
0 191
0 192
0 200
0 121
0 101
0 128
1 99
0 10
0 0
0 8
0 109
0 111
0 126
0 126
0 174
0 142
0 145
0 165
0 155
0 166
0 95
0 42
3 12
0 0
0 29
0 9
0 27
0 8
0 7
0 0
0 8
0 6
0 14
0 2
0 5
0 13
0 11
0 8
0 5
0 0
0 0
0 0
0 0
0 0
0 0
0 1
0 0
0 1
0 7
0 14
0 7
2 12
1 0
7 0
18 1
77 25
145 27
76 3
5 3
7 0
7 1
92 1
14 0
37 0
3 0
2 0
0 14
0 15
18 6
39 0
0 8
0 71
0 17
0 56
0 21
0 18
0 207
0 251
0 52
0 28
0 226
4 128
0 6
0 49
0 360
0 292
0 39
0 5
0 124
0 32
0 11
0 36
0 15
0 3
0 0
0 0
0 0
0 0
0 28
0 15
0 30
0 1
0 0
0 2
0 4
0 0
0 0
0 0
0 0
0 0
0 0
0 0
2 4
69 1
91 1
45 0
99 0
199 6
187 0
161 0
143 0
23 1
0 0
36 0
25 0
37 0
44 0
4 0
0 0
0 0
0 0
0 0
0 0
0 9
0 3
0 32
0 42
0 42
0 58
0 41
0 46
0 74
0 183
0 371
0 433
0 617
0 1044
0 1660
0 1977
281 1985
755 1599
937 1924
908 2194
723 2081
519 2398
977 2914
1290 3279
1534 3331
1631 3053
1272 3401
830 3858
889 4211
723 4882
303 4812
75 4514
286 3981
404 3627
360 3215
257 2828
183 2789
90 3142
66 3415
66 3703
69 3649
49 3635
58 3446
23 3880
29 4279
9 4474
15 4465
19 4657
58 4676
33 4905
54 4854
95 4334
95 3308
51 2491
59 2410
117 2820
73 2590
67 3161
66 2868
32 3173
55 2952
189 2776
212 2262
119 2037
27 2193
23 2353
20 2778
11 2966
15 3525
12 3932
23 4342
16 4172
10 4684
83 4823
199 4954
370 4787
519 5349
516 5821
403 6780
338 6745
292 6717
57 6486
10 6259
31 5682
37 5126
19 4288
27 4119
28 3458
12 3328
15 3260
1 2814
12 1949
3 1942
7 1618
6 1669
9 1697
10 1650
5 1194
4 857
3 1040
8 1658
9 1361
3 1718
3 1853
5 2032
3 2316
5 2234
8 3124
10 3256
6 3578
9 3967
34 3905
19 3515
4 3697
1 3742
35 2728
18 1737
53 1995
21 2629
29 2699
3 2863
5 3846
2 4056
1 3928
0 3276
1 2702
1 2328
2 2092
0 2789
4 2268
2 3023
4 3120
2 3469
17 3367
87 3137
175 2632
184 2585
226 2349
221 2226
283 2084
329 1799
492 2036
532 1696
563 1439
697 1502
872 1511
992 1469
1031 1399
597 2376
458 2388
651 2087
776 2046
375 2254
68 1853
147 1579
251 1633
224 1694
276 909
438 736
295 1008
406 1214
219 986
211 788
391 1381
228 992
440 1229
370 1885
285 1878
199 1930
72 1584
24 1100
61 1560
68 1607
141 1075
37 817
22 1123
6 1295
8 1293
105 1153
168 544
140 624
114 593
0 630
28 1040
44 1181
46 2421
87 2920
48 3490
14 4033
23 4309
45 3907
134 3041
278 3315
208 3748
113 4548
130 4910
190 5198
124 5347
158 5952
35 7176
96 5693
8 3888
4 2916
4 3239
0 4015
26 3019
2 3910
2 4003
0 3642
1 2364
0 3315
1 3020
1 2482
0 1427
0 746
1 338
1 313
0 230
0 411
0 604
0 342
0 502
0 660
0 856
1 1106
1 1010
1 379
0 646
0 153
44 674
9 241
0 314
0 62
13 193
55 312
88 331
65 285
5 163
0 43
0 141
5 385
47 440
9 310
0 65
0 194
20 263
39 87
9 1
0 22
0 15
5 17
30 12
11 9
8 37
0 128
0 177
33 143
19 1
0 61
0 21
6 95
25 207
16 370
0 326
0 227
35 149
4 35
0 34
0 87
69 115
37 56
1 26
0 76
47 87
15 34
9 38
0 146
56 253
0 203
0 40
32 82
12 134
0 50
0 24
57 38
5 23
0 26
30 30
27 35
0 21
0 0
7 0
0 0
0 0
0 0
0 2
0 40
0 69
0 155
0 65
0 34
0 94
0 392
0 629
0 535
0 482
0 250
0 385
0 325
0 274
0 108
0 10
0 73
0 0
0 0
0 2
0 12
0 85
0 13
0 1
0 13
0 16
0 6
0 31
0 11
0 4
0 54
0 62
0 58
0 31
0 36
0 162
0 310
0 290
0 252
0 223
0 98
0 134
0 184
0 118
0 8
0 0
0 0
0 1
0 21
0 24
0 32
0 33
0 39
0 100
0 490
0 893
0 1347
0 1902
1 2317
0 2861
0 2912
0 2357
1 1825
0 1513
0 1127
0 1741
0 2614
0 3475
0 4040
0 3881
5 2756
0 1087
0 1565
0 1744
0 1609
0 1657
3 1857
0 1922
0 1639
0 1248
1 1343
0 1604
0 1231
0 875
2 330
0 57
0 124
0 176
0 109
0 66
0 9
0 0
0 0
0 0
0 0
0 0
0 1
0 2
0 0
0 0
0 0
0 0
0 0
0 0
0 2
0 0
0 0
0 0
0 4
0 0
0 0
0 0
0 0
0 1
0 0
0 0
0 3
0 48
0 32
5 0
0 0
0 0
0 0
0 0
0 0
0 0
0 43
1 425
0 1233
0 1653
0 2107
0 2188
0 2715
0 3027
0 2820
0 2680
0 2064
0 1632
0 1702
16 1780
0 1876
0 1915
0 2048
13 2002
0 2077
0 2046
0 2520
0 2891
0 2783
0 1995
0 2355
0 1907
0 1908
0 1452
0 1124
0 2100
0 2532
0 2828
0 2526
7 1876
0 1084
0 697
0 1144
0 1294
8 1316
0 1150
1 971
0 695
0 614
0 651
0 671
0 600
0 543
0 207
0 244
0 373
0 499
1 373
0 214
1 153
0 44
0 46
0 59
0 101
0 135
0 216
0 377
0 580
0 889
0 1365
0 1541
2 1775
5 1846
1 2093
0 2040
0 1813
0 1481
0 922
0 2003
0 2683
0 2935
0 2581
0 1921
0 565
9 1843
0 2141
0 1865
0 1851
0 1938
0 1844
0 1510
0 1052
0 877
0 1139
0 1852
0 2389
0 2660
0 2737
0 2550
0 1924
0 1339
0 568
0 683
0 1033
0 1104
0 1142
0 1226
0 1369
0 1571
0 1838
0 1942
0 1947
1 1950
72 1896
418 1802
632 1694
456 1509
223 1330
160 1127
56 986
128 590
114 941
106 1875
31 2860
6 3339
5 3355
0 3120
3 2333
38 1718
3 1129
1 1110
0 976
1 490
0 87
0 517
0 648
0 840
0 1404
0 1689
0 1114
0 1423
0 1903
0 1773
0 1062
0 635
0 1362
0 988
9 1578
9 2503
25 2422
49 2392
193 2267
201 1659
203 1141
70 917
143 723
166 711
239 621
173 494
191 343
53 132
49 37
52 5
13 71
37 117
7 139
149 134
287 328
258 482
155 547
184 835
134 1199
21 1588
112 1680
116 1973
179 2316
116 2809
26 2845
30 2546
0 1679
0 299
4 840
72 1113
4 1381
28 1660
65 1946
79 1974
54 1862
10 1433
11 1331
7 1143
19 1065
31 862
10 362
22 473
5 120
6 2
9 11
6 56
38 12
126 1
351 0
424 1
439 3
359 0
124 1
124 12
170 9
252 14
457 17
488 8
543 13
687 6
520 55
350 29
279 182
104 553
78 896
58 1271
69 1726
87 1903
178 2177
64 2846
26 3018
37 3415
66 3589
47 3024
2 2370
4 2272
0 3071
0 3195
0 3498
5 4809
0 4235
0 3928
2 3666
1 2250
2 2488
0 2005
1 1776
0 1519
0 1129
0 1321
0 1690
0 1879
0 1902
0 1588
0 1665
0 1234
0 785
1 494
0 455
0 331
0 613
0 563
1 233
0 150
2 69
0 42
0 124
0 3
0 76
0 74
0 204
0 372
0 364
1 270
0 140
0 125
0 100
0 389
0 455
0 271
0 19
0 31
0 23
0 177
0 130
0 63
0 380
0 656
0 519
0 351
0 76
0 45
0 41
0 174
0 123
6 41
0 21
0 19
0 23
19 12
299 24
523 17
464 15
370 4
182 11
271 23
337 15
301 2
304 0
156 0
215 0
48 0
149 147
128 481
48 1128
127 1393
27 1352
10 1419
151 1279
107 1048
15 1921
47 1445
107 1350
56 624
104 593
149 841
249 687
216 1125
222 1119
269 728
207 385
377 178
317 159
254 130
137 94
91 2
166 0
118 0
31 27
83 64
3 490
0 1213
8 1568
1 1052
24 1494
12 1980
16 1894
101 1427
32 1318
63 1947
99 1471
44 1048
81 984
46 547
18 411
28 401
109 106
102 63
108 9
48 0
14 0
8 18
23 0
380 3
485 53
70 75
19 39
86 32
34 58
5 47
76 62
40 148
108 143
81 154
39 50
38 75
45 23
69 9
9 9
53 22
0 14
1 18
4 47
4 45
0 191
0 312
0 77
0 334
0 618
3 153
0 26
0 480
0 310
0 42
0 223
0 301
0 7
0 336
0 400
0 129
0 182
0 472
0 415
0 1
0 510
0 523
0 187
0 85
0 554
0 315
0 155
0 361
0 426
0 185
2 143
0 590
0 557
0 359
0 50
0 199
0 71
0 0
0 44
0 252
0 259
0 237
0 926
0 435
0 434
0 931
0 787
0 19
0 587
0 1029
0 419
0 17
0 546
0 928
0 537
0 10
0 460
0 894
0 708
0 346
0 65
0 81
0 276
0 82
0 5
0 106
0 9
0 0
0 223
67 190
203 149
171 112
13 94
75 90
154 62
189 14
204 40
140 8
0 28
0 65
5 21
8 1
0 0
0 2
1 0
0 4
0 7
0 7
2 1
0 0
0 2
0 53
0 19
0 0
0 0
2 0
29 7
115 0
199 0
87 0
99 13
42 0
45 13
141 20
45 97
0 70
29 41
77 19
0 0
18 3
0 3
0 26
0 66
0 46
0 0
0 5
0 53
0 40
0 18
0 0
0 0
0 40
0 31
0 37
1 123
2 132
0 41
1 0
0 42
0 82
1 71
0 0
0 0
0 0
0 4
0 0
0 0
0 0
0 0
0 0
0 0
0 0
0 0
0 0
0 0
0 0
0 0
0 0
0 0
0 0
0 2
0 0
1 0
32 12
219 0
363 5
215 0
3 0
185 45
329 168
152 237
28 474
23 279
0 90
0 351
0 513
0 324
0 303
0 387
0 951
0 2081
0 3109
0 3599
0 3544
10 3006
0 2586
0 2344
0 2022
0 1783
1 1543
2 1322
0 1058
0 1366
3 2344
1 3576
0 3969
0 3191
0 2673
0 2036
0 1582
0 1317
0 1200
0 1333
34 1542
64 1673
146 1676
18 1733
0 1247
0 983
0 1529
0 1339
0 1367
0 1216
0 1233
0 1135
0 858
0 734
0 557
11 296
11 186
4 24
0 54
0 106
17 5
19 6
0 0
23 0
8 9
0 0
0 0
26 0
64 0
190 0
195 1
148 1
47 7
55 0
29 4
40 3
121 2
314 10
356 4
413 5
334 275
95 1037
103 1526
177 1690
177 1990
261 2080
85 1996
9 1710
191 678
230 322
182 1185
361 1040
377 861
56 607
68 1013
276 634
165 334
21 406
113 616
115 913
174 1019
172 1302
188 1362
207 2109
400 3021
626 959
596 766
487 537
222 914
92 1429
87 1180
18 580
55 401
12 418
5 673
41 301
16 246
0 1295
0 1365
159 714
415 603
591 531
403 155
259 40
244 25
121 111
2 470
118 103
191 621
223 4
277 212
54 0
2 13
18 0
50 11
24 0
8 0
8 0
0 0
5 0
0 0
0 0
0 0
0 0
0 0
0 0
0 0
0 0
0 0
0 0
0 0
0 0
0 0
0 0
0 0
0 0
0 2
0 0
0 0
0 1
0 0
0 3
0 11
0 4
0 0
0 0
0 0
7 0
7 0
6 11
0 76
4 50
0 0
30 1
144 0
131 2
61 2
84 0
23 0
47 0
127 0
200 0
164 0
191 2
350 1
361 3
334 5
345 6
609 8
570 9
566 9
762 38
710 396
710 757
734 920
1027 1092
1576 1179
2133 603
2930 398
3036 1142
3075 1128
3580 701
4195 953
3738 970
2651 1538
1780 1782
1496 1324
1566 2097
1458 1929
1215 1113
1023 2462
813 2977
594 2391
449 2710
506 1721
638 2155
443 2075
371 1873
276 1504
499 1382
634 2180
703 2623
570 2335
609 1563
896 1801
1260 2941
1479 3597
1684 3023
1596 3250
1821 3012
2406 1932
2820 1600
3023 767
3712 1617
4198 1236
4565 117
4311 423
5094 419
5213 771
5192 1057
4428 1097
3025 937
1949 1072
1920 1171
2393 1647
2085 1773
1729 2004
1497 1871
1387 1882
973 1581
470 1723
331 1634
341 1669
81 1400
86 1359
37 1699
48 1928
67 1909
172 1711
253 1910
227 2220
56 2397
42 2564
104 2428
95 2489
55 2300
28 2284
8 1448
16 654
4 1567
4 2103
4 2056
2 1297
3 956
20 1006
5 1546
18 1082
5 1783
0 1320
6 1359
0 1519
0 783
4 478
0 224
0 99
0 91
0 539
0 479
0 331
0 286
0 906
0 796
6 418
12 91
0 168
0 551
0 863
0 701
0 989
3 1252
0 1199
6 1093
39 835
29 1060
33 1166
38 926
28 863
3 751
6 474
47 472
5 401
0 396
0 305
0 309
0 150
0 77
0 171
0 6
0 19
0 730
1 1344
0 2098
0 1886
0 808
0 1439
0 944
0 575
0 517
0 626
0 469
0 642
0 449
0 294
0 177
0 173
0 286
0 187
0 550
0 1342
0 1561
0 1609
0 1867
0 1979
0 1970
0 1871
0 1833
0 1108
0 1698
0 2043
0 2231
0 2255
0 2177
0 2286
0 1670
0 1101
0 916
0 1120
0 750
0 256
0 150
0 81
0 6
0 56
0 180
0 435
0 459
0 610
0 636
0 826
1 1234
0 980
0 930
0 744
0 206
0 559
1 1072
1 1175
0 693
1 854
0 330
0 190
0 604
1 1621
0 2591
0 3183
0 2698
0 2838
0 3073
0 3115
0 3387
0 2803
0 2633
0 3090
2 2249
69 1334
251 2112
324 2433
401 2254
410 2473
422 2230
361 1510
380 910
350 1572
374 1370
242 989
128 726
82 1408
128 1418
76 428
64 896
0 1526
32 1334
70 1248
145 1083
243 1048
354 868
489 779
548 860
523 902
428 599
219 446
257 161
388 147
382 172
252 131
99 161
91 368
35 215
17 239
49 527
66 559
14 126
47 416
25 27
0 205
23 87
58 563
76 547
89 499
80 473
61 305
59 359
37 254
23 299
52 182
20 76
0 83
0 158
0 367
0 481
0 163
16 209
62 146
79 247
70 145
42 174
33 175
59 148
30 45
33 79
52 58
27 0
60 0
20 0
32 12
37 0
0 0
0 0
0 0
0 0
0 0
0 0
2 0
96 0
447 0
502 0
195 0
178 0
359 0
715 0
778 2
785 0
484 0
519 0
859 0
909 1
1105 0
1265 0
988 0
947 0
1307 0
1197 0
886 0
1036 0
902 0
251 0
358 0
503 0
539 0
829 0
933 0
877 0
353 0
219 0
439 0
260 0
80 0
62 0
429 0
576 0
645 0
612 0
686 0
629 12
613 7
588 0
197 0
127 2
163 76
150 9
144 62
212 23
216 30
166 0
168 0
100 0
17 0
33 0
8 0
0 0
0 8
64 4
235 0
381 48
552 23
384 47
699 16
572 3
257 15
381 1
321 3
303 36
422 3
502 0
598 23
459 1
96 4
0 4
48 7
11 5
9 1
2 0
13 1
4 0
4 0
9 0
36 0
93 0
255 0
566 0
856 0
522 0
115 0
143 0
463 0
474 0
315 0
128 0
23 0
60 0
172 0
315 0
267 0
279 0
159 0
72 0
130 0
89 0
46 0
35 0
22 0
58 0
19 0
38 0
230 0
464 0
155 0
49 0
48 0
160 0
227 0
330 0
297 0
255 0
65 0
2 0
2 0
5 0
6 0
0 0
0 0
0 0
8 0
0 0
0 0
0 0
0 0
0 0
2 0
18 0
1 1
0 0
7 0
91 0
11 0
1 0
4 0
0 0
0 0
0 0
0 0
0 0
0 0
0 0
0 0
0 0
0 0
0 0
0 0
0 0
4 0
19 0
13 0
1 0
41 0
179 0
296 0
669 0
1154 0
1289 0
1962 0
2562 0
3272 0
4545 2
5806 0
6828 1
6804 2
6277 3
5361 4
4527 0
4239 0
4430 3
4586 4
5062 7
5369 7
4339 6
2535 4
3012 3
3370 1
3343 2
2884 4
2740 3
3071 5
3272 3
2940 2
3025 3
2938 3
2917 0
2710 0
2664 0
3169 0
4303 0
5492 1
6170 3
5405 1
4772 3
4634 3
3147 3
2121 1
1751 0
1316 0
2661 0
2263 0
1578 0
987 0
1359 0
860 0
613 0
648 1
1019 2
997 0
842 0
406 0
173 0
411 0
142 0
475 0
655 0
387 0
470 0
488 0
414 4
299 0
224 0
138 0
448 0
967 0
1033 0
678 0
192 0
170 0
263 0
367 0
457 0
318 0
33 0
22 0
84 0
80 0
26 0
110 0
184 0
59 0
0 0
78 0
155 0
302 0
542 1
678 0
800 0
603 0
479 0
308 0
6 0
7 0
59 0
44 0
90 42
85 47
33 50
68 56
38 18
8 0
134 4
204 7
410 0
532 0
475 22
823 200
1145 0
1152 0
808 0
496 11
135 10
180 85
116 10
8 0
78 23
125 52
110 20
58 0
53 3
78 5
151 39
166 8
95 109
15 96
0 108
0 9
2 246
35 271
25 152
187 66
266 73
490 97
987 116
1276 19
1419 5
1121 0
706 10
487 0
648 0
651 0
344 3
179 0
12 0
19 0
11 0
46 94
2 106
0 85
6 15
4 12
22 0
34 32
39 44
15 5
89 6
179 21
332 32
612 5
665 10
666 12
389 0
709 0
521 0
436 0
729 0
665 0
391 0
148 0
99 0
17 0
56 0
52 0
0 0
49 102
53 210
83 515
163 11
345 253
477 634
710 592
501 7
295 637
477 5
376 376
142 0
310 469
830 0
1854 153
3437 2
4173 171
4793 0
5249 8
5391 9
5329 160
4829 0
4429 0
4618 7
4431 2
3564 1
2856 2
3142 2
2799 2
2546 0
2511 0
2319 1
2127 2
2080 7
2159 4
2382 4
2622 0
2662 2
2810 3
2396 5
1464 1
1909 0
2656 0
2752 35
2699 0
2304 0
2093 0
2284 0
2177 0
2236 0
2457 2
2359 13
2080 30
2153 0
2163 26
2558 0
3211 1
3346 1
3055 14
1910 1
1805 0
2301 4
2088 2
1406 26
2120 3
2093 9
2781 2
2975 1
2727 1
1748 4
2291 0
2480 3
2313 2
1781 0
2327 0
2576 0
2177 0
946 3
1706 5
1435 1
1145 0
1151 0
1541 0
1294 0
2037 0
2555 0
2313 22
1294 1
2740 2
3208 0
2936 0
2386 58
1884 1
2763 10
2472 2
2858 9
4036 4
5033 10
5584 7
5830 7
5880 19
5267 3
4781 4
4330 3
4187 2
3185 3
1794 3
1471 0
1602 1
2070 0
1812 0
1005 0
367 0
240 0
116 0
446 0
269 0
421 0
507 0
217 0
130 0
66 11
131 0
4 0
53 0
32 0
102 2
213 0
91 0
114 0
263 0
81 0
59 0
161 0
73 0
62 0
114 1
8 0
64 0
41 0
87 0
0 0
247 0
780 0
664 0
455 0
478 0
440 0
248 0
12 0
20 0
13 0
6 0
15 0
0 0
9 0
26 0
28 0
32 0
74 0
103 0
154 0
2 0
17 0
0 0
4 0
1 0
0 0
4 0
0 0
6 0
19 0
0 0
2 0
0 0
29 0
43 0
182 0
396 0
351 0
242 0
196 0
102 0
18 1
64 0
14 0
178 4
78 0
27 0
81 0
48 0
36 0
207 0
419 0
495 0
477 0
406 0
284 1
308 0
142 0
355 0
519 0
591 0
196 0
60 0
307 0
182 0
289 0
200 0
320 0
87 0
31 0
5 0
20 0
55 0
140 0
97 0
47 0
25 0
37 0
8 0
0 0
10 0
1 0
0 0
0 1
0 0
0 0
0 0
0 0
0 0
20 28
7 13
0 0
4 96
0 0
5 0
13 0
10 0
5 0
127 0
159 0
3 0
44 0
141 0
75 0
89 0
147 0
7 0
21 0
71 0
152 0
250 0
202 0
329 0
470 0
606 0
728 0
655 0
506 0
276 0
271 0
178 0
148 0
426 0
399 0
179 0
83 0
125 0
35 0
174 0
144 0
129 0
76 0
115 0
115 0
274 0
210 0
141 0
227 0
79 0
39 0
154 0
204 0
145 0
98 0
35 2
292 0
311 0
255 0
100 0
81 0
66 0
11 0
0 0
10 0
0 0
1 0
0 0
0 0
0 0
0 0
0 0
0 0
0 0
0 0
0 0
0 0
4 0
44 0
145 0
38 0
0 0
5 0
22 0
39 0
45 0
53 0
244 0
210 0
76 0
468 0
790 0
655 0
175 0
73 0
166 0
280 0
308 0
340 0
208 0
207 0
224 0
19 0
15 0
30 0
40 0
29 0
105 0
41 0
20 0
35 0
119 0
198 0
122 0
83 0
42 0
38 0
54 0
25 0
3 0
0 0
7 0
0 0
1 0
0 0
5 0
0 0
1 0
0 0
1 0
10 0
50 0
66 0
74 0
311 0
1151 0
1818 1
2789 0
3527 0
3912 1
3879 1
3249 3
2371 1
1757 1
1684 2
2099 3
1940 1
1526 2
1205 3
1149 4
1143 5
1010 1
1020 2
1704 2
1759 3
1476 3
1353 5
1616 2
1763 4
1466 8
801 11
322 7
317 2
333 3
150 0
265 2
246 3
247 5
295 4
271 2
233 0
379 0
1278 2
2615 1
4277 0
5393 1
5860 5
5628 6
5204 3
4813 7
4745 3
5149 6
6437 6
7730 5
7689 24
6145 61
3943 81
2690 47
1982 37
2424 59
2813 5
2292 2
1308 3
1736 4
1664 6
1618 6
1380 6
644 6
909 4
792 6
377 3
406 4
630 3
655 3
910 0
1011 0
874 3
358 0
442 3
466 4
464 3
531 2
668 1
1433 1
2327 3
3439 4
4803 6
5873 5
6695 32
6679 8
6253 6
5681 4
5298 4
4204 22
4362 40
4922 11
3759 18
2024 8
1486 29
1403 53
1091 0
1180 98
1846 313
1825 44
1445 80
855 124
704 45
892 0
543 38
492 0
238 28
170 0
375 1
634 0
827 0
852 0
834 0
823 0
734 0
602 0
419 0
313 0
274 0
240 0
163 0
179 2
147 0
136 0
124 0
76 0
54 0
45 0
9 0
6 0
1 0
25 0
44 0
13 0
17 0
20 0
18 0
27 0
14 0
0 0
0 0
0 0
2 0
0 0
2 0
5 0
6 1
1 0
31 0
0 0
0 0
0 0
0 0
0 0
0 0
44 0
74 2
51 0
27 0
0 0
0 0
0 0
3 0
21 0
0 0
0 0
0 0
0 0
0 0
0 0
0 0
0 0
0 0
0 0
0 0
0 0
0 0
7 0
63 1
5 0
0 0
7 0
0 1
3 56
6 42
1 0
0 0
0 0
0 0
0 8
3 0
5 0
1 0
0 0
4 0
0 0
0 1
0 0
0 0
0 0
0 0
7 0
0 0
0 0
0 0
0 0
0 0
0 0
0 0
0 0
0 0
0 0
0 0
0 0
0 0
0 0
0 0
0 0
0 0
0 0
0 0
0 0
0 0
4 0
0 0
0 0
0 0
6 0
1 0
2 0
0 0
0 0
5 0
0 0
0 0
0 0
0 0
6 0
0 0
4 0
2 0
5 0
0 0
3 0
0 0
3 0
2 0
0 0
0 0
0 0
0 0
0 0
1 0
3 0
5 0
2 0
21 0
33 0
61 0
78 0
13 0
69 0
100 0
73 0
128 0
186 0
127 0
86 3
134 20
228 0
297 0
202 3
121 0
180 34
330 77
423 41
276 112
180 116
83 81
30 59
41 170
151 77
37 3
56 4
10 0
0 1
0 104
6 257
8 163
8 184
1 223
0 26
0 8
0 6
0 68
0 27
5 12
0 68
1 37
0 2
0 0
0 29
0 39
0 29
0 41
0 35
1406 5
3053 5
3719 0
4461 2
4996 1
4653 1
4834 0
5415 4
5547 7
5315 8
4146 0
3760 0
4571 3
5265 2
5009 2
3600 2
3962 2
4171 2
3567 2
2990 0
3139 0
2351 1
1266 1
2429 2
2983 2
4174 4
4849 6
5340 5
5912 3
5185 5
4597 5
4444 2
3432 2
2805 1
2735 0
2176 1
1736 0
1441 0
1184 2
825 1
917 1
706 0
316 0
6 0
99 0
136 0
212 1
227 0
112 0
0 0
8 0
139 0
40 0
5 0
1 5
0 0
2 0
0 0
0 0
0 0
0 0
2 0
1 0
0 0
9 3
3 6
0 0
4 0
14 0
10 0
57 0
25 0
20 0
59 2
60 0
31 0
111 0
29 0
15 0
51 0
34 0
32 0
1 0
3 0
22 0
27 9
12 3
0 6
0 0
4 0
18 17
38 0
33 0
36 0
41 0
10 0
0 0
5 6
0 0
9 0
1 0
15 0
11 4
38 0
45 0
17 0
0 27
0 29
4 3
0 0
42 8
17 82
0 23
106 0
229 0
177 0
155 3
74 46
78 2
77 0
41 0
2 0
3 0
0 22
0 15
0 0
1 0
0 0
2 0
0 12
0 1
0 0
0 0
0 0
0 0
0 0
0 0
0 0
0 0
0 0
0 2
0 0
0 0
0 0
0 0
10 0
14 0
33 1
43 0
25 0
22 0
71 6
127 36
106 0
166 0
208 0
86 11
167 0
95 0
117 27
117 0
3 0
9 0
1 40
0 6
3 4
44 0
57 76
5 80
63 53
100 3
0 9
7 79
0 33
0 8
0 0
0 0
20 0
29 0
55 0
64 4
101 0
8 0
14 0
62 0
4 0
0 0
18 0
82 0
129 0
77 4
120 0
58 2
110 45
66 1
15 0
0 0
0 0
0 0
0 0
0 0
0 0
0 0
0 0
0 0
0 0
0 0
0 0
0 0
0 0
0 0
0 2
12 0
0 0
23 0
55 0
11 0
3 0
9 0
1 0
2 0
84 0
134 0
217 0
177 0
210 0
136 0
66 0
48 0
24 0
9 0
0 0
0 5
0 39
0 6
3 0
0 0
7 0
12 0
0 0
2 3
0 0
0 4
0 16
21 22
38 0
119 0
198 92
324 0
437 0
565 6
546 96
454 0
408 0
502 0
436 0
441 0
363 0
374 1
579 60
681 6
535 2
583 113
458 127
235 7
104 7
48 0
242 0
132 0
190 0
148 0
133 0
135 0
70 0
83 0
35 2
13 0
7 0
6 2
24 0
31 0
0 0
0 0
13 0
27 1
30 0
21 4
50 0
154 0
208 0
252 1
91 1
156 0
155 0
242 17
251 0
243 0
111 0
46 0
0 0
0 0
0 0
11 0
0 0
3 0
0 4
8 0
18 0
12 0
19 0
10 0
7 0
24 0
17 0
17 0
35 5
27 4
58 41
165 5
275 0
255 0
62 24
135 54
374 0
603 12
952 67
858 94
373 1
454 0
858 60
1003 453
1121 315
1091 1
745 236
486 95
396 0
282 50
234 97
164 82
212 9
220 59
27 29
4 0
0 14
30 0
55 0
30 1
10 0
1 0
10 0
1 0
0 3
0 9
0 0
0 0
0 0
0 0
0 0
3 0
0 0
0 0
0 0
0 0
0 0
0 5
0 0
0 0
0 0
0 0
19 0
3 0
8 0
6 0
50 0
43 0
15 0
22 0
57 0
17 0
0 0
23 0
62 0
39 0
30 0
22 0
43 0
31 0
6 0
3 68
5 188
16 224
0 119
47 44
47 389
167 642
316 720
312 443
221 482
105 173
3 42
0 799
0 1051
5 896
30 958
6 1157
0 999
3 748
1 1182
0 1661
1 1639
22 1379
0 902
5 513
61 1077
132 414
105 591
68 215
53 838
49 283
50 501
76 153
81 737
188 254
206 305
246 371
266 52
223 44
344 42
309 0
259 31
370 98
220 2
194 98
364 35
430 2
362 0
382 5
371 141
151 24
98 11
230 0
4 0
316 27
168 0
127 109
51 351
100 373
97 48
111 388
66 815
46 492
83 414
10 610
64 197
67 409
112 61
93 220
117 90
79 69
100 82
131 29
60 44
69 18
150 0
27 0
15 7
23 0
13 0
0 0
0 0
0 0
3 1
0 0
0 0
0 19
0 0
9 0
5 0
14 0
13 0
1 0
2 0
0 0
0 0
0 0
0 0
0 0
0 0
0 0
0 0
0 0
0 0
2 0
38 0
9 0
1 0
1 0
2 0
0 0
2 0
0 0
0 0
0 0
172 0
368 0
678 0
870 0
791 0
456 0
165 0
252 0
579 0
477 0
139 0
180 0
432 0
547 0
380 0
151 0
391 0
622 0
520 0
172 0
320 0
198 0
197 0
129 0
85 0
74 0
102 0
75 0
37 0
54 0
102 0
66 0
115 0
252 0
1071 0
2294 0
3445 0
4262 0
5090 0
5511 2
5547 0
5490 1
5351 3
5575 3
6086 3
5984 0
5521 0
4683 2
4398 5
5456 8
6813 8
6313 6
4775 5
4118 4
3367 2
2712 0
1757 0
1358 1
992 1
838 1
1509 2
1962 4
2017 4
1755 2
1694 2
1583 0
1343 0
993 0
651 2
156 1
328 1
405 0
448 0
220 1
535 1
882 0
1176 0
1476 0
2026 0
2597 0
3021 0
3613 0
3999 4
3765 3
3082 2
2536 3
3046 4
2820 3
2270 2
1525 0
821 0
602 0
366 0
581 0
392 0
228 0
50 0
19 0
82 1
70 0
12 0
0 0
1 0
41 0
17 0
0 0
0 0
1 0
69 0
268 0
414 0
450 0
337 0
230 0
240 0
273 0
350 0
206 0
39 0
63 0
3 0
14 0
32 0
32 0
2 0
0 0
0 0
0 0
0 0
0 0
0 0
0 0
0 0
0 0
0 0
0 0
0 0
1 0
2 0
0 0
12 0
26 0
172 0
1066 0
2294 1
3517 0
4537 2
5177 2
5392 3
4995 0
4344 3
3964 4
3105 0
2476 0
2888 0
3457 2
2164 3
2239 2
2412 0
1624 0
1172 3
1500 0
1655 2
1827 2
1979 3
2003 0
1757 0
1266 0
534 0
434 0
410 0
389 0
730 0
500 0
382 0
505 2
814 0
2034 0
2621 0
2141 0
1378 3
1456 3
1737 2
2262 2
3158 0
3423 0
3800 0
3706 0
2554 0
750 0
1454 0
912 0
995 0
1047 0
822 0
538 0
1106 0
138 0
845 0
1181 0
274 0
639 0
940 0
720 0
589 0
491 0
577 4
494 45
407 81
463 38
819 0
1050 28
1250 125
1377 22
1855 0
2395 0
2671 1
2763 0
2752 0
2528 0
2434 12
2498 0
2584 0
2667 0
2507 0
2191 0
1537 0
2063 0
2785 0
2609 0
2366 0
2862 0
3330 2
3125 2
3077 3
2767 0
1386 0
2685 1
3779 1
4150 0
4175 0
3675 0
2062 0
2161 2
2952 0
2869 0
2714 0
1581 0
1371 2
1967 0
2228 0
1678 1
884 0
563 0
983 0
1862 1
2196 0
2756 0
3101 0
3215 0
3113 0
2747 0
2180 0
1666 0
1726 0
1758 0
1196 0
237 0
7 0
117 0
199 0
150 0
94 0
106 0
61 0
100 0
104 0
40 0
4 0
7 0
28 0
11 0
48 0
69 0
60 0
23 0
1 0
4 0
11 0
63 0
177 0
249 0
467 0
602 0
799 0
922 0
840 0
603 0
460 0
497 0
668 0
556 0
288 0
210 0
154 0
598 0
1090 0
1218 0
958 0
165 0
47 0
20 1
62 0
91 0
139 0
149 0
149 2
66 0
82 0
138 0
56 0
59 0
195 0
447 0
278 0
109 0
64 0
148 0
20 0
1 0
0 0
0 0
6 0
80 0
57 0
21 0
0 0
7 0
0 0
0 0
0 0
0 0
10 0
0 0
0 0
3 0
6 0
0 0
11 0
0 0
0 0
0 0
0 0
0 0
0 0
0 0
0 0
4 0
0 0
0 0
0 0
0 0
1 0
0 0
0 0
0 0
8 0
11 0
22 0
4 0
2 0
0 0
0 0
6 0
2 0
0 0
0 0
0 0
0 0
0 14
3 9
0 27
0 39
0 36
2 19
0 0
0 0
0 27
53 0
70 8
44 7
12 11
0 163
0 29
0 0
0 0
0 56
0 0
0 0
0 0
0 4
0 0
0 13
0 47
0 369
0 585
0 279
0 49
0 279
0 153
3 44
5 19
0 33
0 0
0 0
0 0
0 2
0 10
0 84
0 13
0 39
0 0
0 4
0 12
0 18
0 0
0 0
0 7
0 8
0 0
0 12
0 0
0 0
0 0
0 0
0 0
0 1
0 0
0 0
0 2
0 0
0 0
0 2
0 0
0 0
0 0
0 0
0 0
0 0
0 18
0 48
0 77
0 30
0 0
0 12
0 7
0 3
0 21
0 69
0 174
0 173
0 47
0 237
0 1
0 51
0 130
0 27
0 15
0 22
0 5
0 0
0 0
0 0
12 0
130 0
325 0
468 1
493 0
621 0
639 1
476 4
169 0
195 0
716 1
868 1
659 0
297 2
187 0
127 0
66 0
60 0
25 0
10 0
5 0
0 0
0 0
0 0
0 0
0 13
0 5
0 54
2 82
2 104
0 57
9 1
20 0
103 49
761 87
1730 143
2730 73
3609 21
4610 7
5267 250
5192 527
4429 85
4074 368
3901 36
3755 303
3775 65
3780 120
3555 41
3286 274
2696 0
3691 93
3928 16
3594 0
2705 2
2484 49
1894 7
1917 3
2260 30
1940 4
1531 1
1713 32
2047 16
2140 0
1740 0
1678 17
1939 0
2286 0
2221 1
1535 0
1665 0
2214 0
2355 0
2040 0
1532 2
835 2
1471 0
1480 1
1284 0
1062 0
1135 0
1172 0
634 0
677 0
591 0
935 0
1018 0
959 0
1148 0
1309 2
1820 2
2486 16
3389 389
3859 913
4082 1281
4330 1515
4380 1666
4755 1856
5193 2065
5039 2708
3740 3087
1770 3446
1844 3653
1023 3168
1101 3073
1445 2679
1332 2384
918 2427
320 2199
798 1776
950 1529
536 1162
346 562
410 319
472 270
497 250
290 337
263 392
165 381
79 260
56 206
79 97
70 184
57 403
1 423
82 621
111 806
39 927
47 900
21 849
5 670
49 530
72 351
57 218
46 431
56 623
63 689
37 742
8 760
0 771
15 690
0 444
10 319
6 266
2 300
1 410
4 452
9 383
8 347
15 269
132 222
269 317
480 396
1014 482
1542 684
1880 810
2335 857
2477 995
2655 973
3012 826
3504 563
3954 415
3718 251
3814 50
3480 65
3065 63
2575 82
2460 113
2414 241
2048 316
1624 271
1275 141
932 139
1309 198
1794 174
2036 196
2350 176
3061 120
3698 4
4078 0
4236 0
4346 3
3857 7
3084 9
2231 5
2178 3
1844 4
1902 18
1617 4
1199 2
1287 24
1180 1
1273 0
1050 0
1107 0
1228 13
1081 31
937 23
938 23
1358 14
1884 0
2311 0
2426 0
2023 68
1929 175
1403 216
1706 159
1741 146
1281 88
712 77
1005 182
1387 264
1183 432
910 473
1033 410
1181 318
975 134
857 216
688 356
564 361
293 391
128 298
128 346
240 271
374 95
800 197
1165 278
1281 395
1164 339
1155 412
1192 324
1428 295
2030 324
2287 341
2118 517
2994 527
3616 638
3932 603
4507 624
4712 552
4451 505
3859 403
3323 244
2509 86
1793 8
1713 6
2180 53
2926 31
4115 100
4573 35
3467 28
2380 35
3402 9
3521 25
2494 21
1946 2
2369 20
1881 16
1416 31
2058 33
2508 23
2498 28
2346 97
2294 60
2820 104
3571 128
4182 75
4854 99
5137 58
5218 62
5110 14
4628 2
3984 5
4058 4
2914 5
2427 12
2214 12
1323 8
1668 3
888 0
1022 6
1391 1
1435 3
1170 22
624 43
805 13
879 4
857 3
970 2
857 47
375 17
124 0
70 34
45 3
125 115
77 15
24 7
0 32
2 1
1 0
34 15
206 23
208 0
212 0
453 0
195 0
102 0
73 0
63 0
7 0
7 0
18 0
39 0
27 0
5 0
14 3
0 0
11 8
2 1
32 0
13 5
27 0
23 0
4 0
0 3
0 0
0 0
0 0
23 0
99 0
132 0
131 0
160 0
125 0
94 1
20 0
175 0
23 0
72 0
62 0
32 0
77 0
35 0
10 0
56 0
29 2
3 0
1 13
0 0
11 12
7 48
105 34
421 121
1072 345
2058 242
2796 103
3635 55
4305 0
5194 16
5629 23
5425 29
4677 5
3879 0
3271 1
3252 88
3417 2
3389 0
3012 2
2563 16
2661 97
2627 131
2749 119
1603 130
2374 77
2854 100
2631 124
2653 176
2473 116
3053 117
2809 3
2416 2
2990 46
3377 10
3414 133
2849 272
2510 278
2599 341
2729 271
1504 175
1303 201
2193 238
2164 205
1312 262
1625 192
1862 80
2363 52
2912 18
3256 0
3581 0
4118 6
4363 0
4567 1
4879 3
4750 12
3706 3
2332 2
1521 0
1807 0
2207 1
2047 3
1409 17
566 3
438 1
496 29
379 1
412 6
234 0
299 7
231 10
147 0
55 8
17 41
22 156
50 354
152 688
147 953
117 1205
103 1422
89 1502
101 1588
60 1795
18 1916
1 2002
8 2389
12 2697
31 2822
159 2958
139 2913
17 2969
30 2520
56 1594
53 1314
404 1452
987 1336
1736 1682
2269 1026
2663 1292
3100 507
3243 529
3324 662
3322 487
3314 452
3243 459
3189 482
3062 126
2834 77
2625 194
2643 358
2492 423
2381 344
2342 232
2225 264
2111 347
2071 284
1994 328
1261 272
913 73
1631 121
2293 208
2080 191
1499 176
939 140
1366 129
2149 284
2156 209
1774 94
1343 76
1229 75
1383 99
1456 74
1605 23
1447 26
726 47
1519 17
1932 14
1912 48
1843 154
1239 197
692 193
1371 158
2027 68
1950 125
2199 259
1950 134
1128 38
793 41
1310 63
1305 92
1606 91
1509 104
1186 41
1378 7
1623 71
1462 57
1753 111
1627 235
1246 305
1380 331
1464 131
1391 29
1362 42
1061 139
895 95
732 56
729 36
699 29
725 18
769 55
895 239
1062 394
1139 396
1123 344
764 216
215 244
356 259
509 114
570 97
651 89
575 110
382 181
257 240
253 89
313 11
303 16
227 148
109 177
11 108
11 226
28 215
57 242
156 63
85 48
81 153
58 56
23 282
6 213
19 93
0 3
0 28
0 61
5 45
1 89
15 100
22 68
30 26
111 9
144 55
196 7
263 24
259 70
318 35
441 25
669 7
966 3
1122 0
1221 102
945 52
1338 86
1411 59
1474 43
1285 15
1451 28
1451 12
1659 41
1950 3
1855 18
1428 3
1076 4
876 8
978 16
1179 12
959 22
922 68
883 21
365 16
953 28
1307 21
1201 15
754 76
506 22
1605 36
2103 12
2066 21
1514 45
606 64
368 151
614 101
854 189
722 99
451 81
306 38
229 193
166 330
109 158
105 296
52 233
220 166
257 158
132 60
112 66
310 157
387 91
421 65
291 90
186 38
96 26
20 21
111 72
159 169
207 210
110 59
102 117
64 49
47 85
42 54
28 39
44 195
99 140
210 57
336 34
358 43
377 54
473 41
803 58
1052 8
1290 1
1690 43
1977 49
2182 60
2364 52
2615 121
2571 6
1996 0
1596 0
1512 0
1512 3
1691 0
1699 22
1402 44
1124 286
658 432
517 236
411 118
451 5
283 10
477 0
713 9
842 14
1736 14
2776 4
3552 0
4320 0
4533 38
4614 78
4665 8
4828 5
4610 0
4294 1
2924 18
497 0
755 0
837 0
1446 0
1552 0
1351 0
543 0
469 0
850 0
809 2
286 1
211 43
342 9
255 18
135 0
144 9
168 1
202 4
125 0
92 40
157 103
177 146
169 197
120 236
108 203
260 120
521 65
851 43
909 22
662 8
211 2
131 5
437 3
825 0
952 125
967 91
812 24
402 9
32 38
1 140
11 265
24 172
279 123
419 121
450 134
370 220
217 195
21 79
2 161
26 274
8 53
94 30
163 76
73 65
9 86
284 96
566 102
470 108
268 51
20 18
2 12
0 17
1 44
1 133
4 161
12 59
18 20
99 34
331 30
614 9
960 22
1445 24
1695 7
2223 10
2918 11
3404 12
3742 16
3669 27
3331 22
3025 9
2443 10
1993 8
1492 13
752 2
893 1
1031 2
1095 1
1241 2
1034 14
1277 7
1364 8
1367 8
1518 7
1677 10
1834 24
1721 26
1856 24
2472 13
2847 14
2801 11
2654 11
2696 13
2480 8
2404 10
2534 10
2343 12
2276 10
1931 9
1541 20
1042 21
932 7
761 11
606 8
554 6
577 8
472 0
315 0
410 5
604 5
698 7
747 9
844 9
925 9
1106 8
1324 9
1555 10
1708 12
1693 17
1503 11
1672 13
2170 20
2629 115
3349 49
3660 10
4462 8
5221 19
5445 24
5486 23
5036 5
5112 12
4996 18
4376 9
3620 10
3984 15
5841 104
5625 59
5569 4
5016 186
3559 248
4507 7
4428 220
4012 22
3173 121
4608 49
4912 2
5299 39
3152 3
4590 9
5051 0
4899 1
3919 10
4338 3
5306 2
5674 4
4684 6
4288 7
4764 0
4872 3
3369 6
5052 4
5365 0
4317 24
4099 6
4890 11
3961 8
4407 5
5122 4
4295 0
2667 6
3268 4
3982 0
4462 5
4893 4
5007 4
5128 1
3517 2
2348 0
2027 0
557 0
1575 0
1646 1
715 0
437 0
237 6
104 2
391 2
491 40
965 36
1036 73
766 43
930 22
858 0
742 2
314 5
75 4
304 0
364 6
337 37
228 73
165 13
197 33
344 31
117 16
50 61
3 28
7 76
146 90
120 92
0 44
6 22
11 32
1 33
0 0
1 0
0 1
3 0
3 0
11 39
11 126
34 179
7 117
20 47
35 45
0 25
0 1
0 0
0 6
1 68
11 106
0 26
0 85
0 128
0 143
1 79
0 118
0 74
1 28
0 0
0 41
0 133
0 286
0 309
5 297
0 234
4 126
6 142
55 48
194 0
481 0
166 0
3 0
83 0
205 0
239 4
323 0
118 0
25 0
18 16
16 49
51 75
48 28
120 12
147 0
102 0
25 0
0 0
0 11
0 55
0 77
0 47
10 7
43 7
72 25
63 0
21 14
1 93
29 7
77 8
1 0
1 115
6 305
4 210
1 173
0 96
0 77
0 0
10 47
0 44
0 76
9 71
5 39
57 17
57 0
66 4
103 0
135 0
45 4
22 1
22 1
97 0
148 10
73 259
7 386
19 403
15 94
12 61
4 246
0 85
0 3
0 18
0 29
4 43
0 0
0 4
5 0
52 0
994 29
2545 76
4134 150
4984 77
6092 3
6485 23
6067 63
5561 201
5228 227
4440 179
3633 78
2865 45
1889 58
2111 154
2265 212
2023 122
1576 11
984 29
302 34
112 30
412 12
997 0
1526 0
2089 0
2783 0
3363 1
3682 1
3401 0
3120 2
3038 2
2776 2
2272 3
1649 4
941 0
1088 1
1128 3
1576 2
1718 2
1708 1
1669 0
1503 0
1024 0
1337 1
1264 0
1032 1
822 2
428 1
595 2
976 0
1251 2
1278 0
1197 0
831 0
384 0
546 0
985 0
1340 0
1487 0
1797 0
2313 2
2943 4
3394 1
3233 4
2468 4
1798 1
2841 2
4098 3
5569 5
6553 6
6517 6
5446 4
3716 5
2254 3
1046 1
757 1
599 1
549 2
617 0
856 0
1201 2
1356 4
1864 3
2346 0
2583 0
2407 1
2577 2
2887 3
3057 2
3049 0
2105 0
532 0
388 0
495 0
599 0
764 0
931 4
936 4
834 2
604 2
377 1
364 0
280 0
390 0
845 0
476 1
636 0
717 1
280 1
631 0
576 0
676 0
866 0
694 0
1140 0
1156 0
852 2
461 0
463 0
773 0
752 0
901 0
612 0
665 0
800 0
937 0
1054 2
982 0
935 1
824 0
493 0
278 6
610 0
399 1
333 0
480 0
350 0
62 0
571 3
913 3
1158 0
1542 0
1622 0
987 0
1127 0
1081 1
795 28
806 3
853 3
316 0
736 0
658 2
659 0
647 0
403 0
317 5
600 0
98 4
345 3
181 6
315 6
340 10
338 127
256 145
307 123
477 92
981 165
1790 35
3230 6
4675 7
5413 11
5749 82
5534 30
5109 54
4279 70
3693 141
3337 9
2772 14
2493 45
2062 8
2151 101
1653 228
876 194
1543 196
1890 283
2392 321
2869 288
3372 155
3795 33
4321 13
4278 38
3885 156
3443 219
2914 120
1752 102
2194 73
2102 198
2974 28
3533 10
3902 26
4096 53
3758 66
3811 12
3361 4
2873 3
2164 17
1437 3
2084 0
2465 0
2641 8
2450 2
2204 45
2147 27
2070 10
1893 0
1613 0
1327 0
1014 53
564 71
783 58
1134 27
1463 57
1594 2
1692 7
1676 6
1540 4
1358 6
1248 0
980 0
1062 0
730 0
901 2
1069 60
1565 69
2596 27
3607 110
4408 6
4454 31
3956 3
3444 9
3735 24
3936 48
4082 2
4083 0
2964 39
1934 82
935 26
568 97
792 0
1070 4
793 13
964 15
1428 2
1140 9
653 5
157 16
268 2
324 78
202 138
164 56
125 7
89 8
77 23
33 28
7 14
6 34
0 6
0 5
0 28
0 168
0 106
0 131
0 16
0 54
10 152
6 111
21 140
22 120
18 54
25 61
8 232
7 309
0 264
1 138
0 37
1 122
0 168
0 103
0 63
0 72
10 190
0 100
0 206
0 384
0 320
0 94
0 36
0 130
0 234
0 146
0 216
0 43
0 12
0 15
0 6
0 15
64 35
8 1
6 1
0 3
20 13
0 32
2 12
17 11
0 12
2 176
0 270
0 372
0 342
0 172
0 74
0 72
0 46
0 17
4 20
1 30
0 159
0 282
5 343
41 492
131 516
99 575
15 578
0 588
15 612
68 971
49 1271
32 1326
49 1005
21 1033
1 1403
1 1475
0 1244
0 1201
2 1106
0 812
0 1129
2 1892
2 2054
0 1278
9 1573
8 1699
2 1372
0 1148
48 1168
39 1106
9 1152
0 956
0 438
0 634
0 694
0 801
0 800
0 772
0 656
0 568
0 385
0 32
14 1
0 38
0 15
15 3
0 0
0 0
0 8
4 6
25 2
35 15
16 83
8 34
0 23
17 22
4 74
10 0
7 0
0 0
3 0
124 0
384 0
18 0
25 0
203 0
195 0
44 0
140 0
979 0
1884 0
2363 0
3073 0
3201 1
2925 5
3132 0
3052 0
2790 1
2253 6
1884 10
1394 0
1153 0
930 0
904 0
1023 3
989 1
725 18
604 12
880 0
736 1
566 12
516 26
291 87
380 113
253 58
313 10
229 1
305 3
416 0
351 0
287 0
49 1
83 0
193 0
110 0
334 0
513 0
604 5
435 10
242 0
130 5
247 21
344 19
237 14
411 42
636 9
569 14
564 0
348 3
415 7
515 0
505 0
373 0
311 6
292 0
357 0
596 2
488 1
526 0
495 0
864 3
1020 28
821 10
854 1
623 12
282 6
469 0
459 0
374 0
319 0
140 0
192 0
412 0
465 0
497 0
438 1
204 0
6 0
60 0
170 0
104 1
46 1
71 0
64 4
74 0
30 0
4 0
34 0
131 4
197 0
264 0
149 1
144 0
173 1
136 0
171 0
157 0
28 0
34 0
49 0
78 0
95 0
132 1
321 2
450 0
686 0
976 0
1362 0
1825 1
2168 2
1375 1
1523 15
1877 0
1858 2
1662 0
1219 3
1062 3
937 3
900 1
738 1
504 1
210 0
508 1
635 1
669 1
607 1
466 1
269 1
3 0
88 0
250 0
245 0
123 0
59 0
160 0
215 0
262 2
280 0
405 0
482 0
359 4
219 0
293 0
148 0
139 0
215 0
342 0
346 0
537 0
597 2
668 1
545 0
355 0
412 2
584 1
715 6
811 0
948 0
1381 0
1549 5
1685 0
1624 2
1828 1
1896 2
2209 2
2604 0
2825 0
2617 0
2601 1
2178 2
1630 2
1632 1
1676 1
2540 0
3917 0
4913 1
4591 0
2748 1
2048 0
1542 0
2009 0
1535 0
1422 0
1004 0
1090 0
544 0
332 0
410 0
387 0
155 0
152 0
397 0
467 0
215 0
283 0
256 0
289 0
261 0
173 0
139 0
219 0
130 0
137 0
65 0
127 0
65 0
65 0
36 2
62 0
220 0
235 0
163 0
91 0
51 0
47 0
12 0
117 0
543 0
1120 0
1533 0
2021 0
2159 0
2675 0
2909 0
2912 0
2242 1
1581 0
1103 0
832 0
1531 0
2199 0
3043 0
3717 1
4024 0
3361 0
1669 0
2021 0
992 5
1901 0
1673 0
774 1
1196 0
798 0
460 3
345 2
305 0
182 4
100 0
265 0
476 0
496 0
301 0
344 0
367 0
552 0
544 0
217 4
79 0
48 0
62 0
37 3
29 0
28 0
52 0
55 0
77 0
31 0
41 0
21 0
17 0
42 0
40 0
58 0
51 0
61 0
110 0
82 0
120 0
75 0
16 0
34 0
9 0
4 0
17 0
21 0
0 0
0 0
8 1
0 0
0 0
0 2
0 0
1 0
0 0
0 0
0 0
0 0
0 0
0 0
0 0
2 0
0 0
5 0
3 0
0 0
0 0
0 0
0 0
0 0
0 0
0 0
0 0
0 0
0 0
0 0
0 0
0 23
0 54
0 243
0 298
0 368
0 333
0 330
0 282
0 246
0 309
0 495
0 549
6 201
173 4
427 57
738 162
666 141
378 180
950 228
1201 191
1404 213
1453 266
1436 279
1204 243
776 315
196 239
213 268
104 731
107 1069
215 1082
271 556
279 1258
158 1441
151 1184
113 1305
75 799
75 1501
8 1345
15 932
39 1134
80 1362
119 1779
23 1421
24 1651
23 1716
1 1208
4 814
9 563
15 985
22 1010
17 642
2 150
22 154
43 134
118 60
186 393
222 742
41 620
91 750
156 1082
200 827
248 675
332 675
342 615
258 454
220 404
326 615
525 746
434 633
473 749
724 1078
937 1381
1361 1344
1818 1009
1917 1027
2011 873
2851 770
4570 924
5937 881
6102 928
6001 1011
6232 910
5814 709
4881 857
4211 1008
4478 1054
4190 1259
3826 1093
4061 877
4344 702
3306 994
3437 1383
3606 1641
3074 1639
3073 1348
4011 1454
4485 1428
4780 1309
4530 1349
4429 1382
4127 1289
3728 1053
3347 797
2710 1210
2239 1674
1770 1729
1963 1474
2073 1371
2159 1431
2259 1394
2086 1362
2066 1718
1850 1417
1641 1048
1123 826
1517 869
817 1356
554 1637
645 1593
438 1578
457 1794
285 1993
251 1390
143 857
1 375
200 637
397 909
545 658
753 358
867 219
1099 444
1563 402
1987 302
2529 66
3266 66
3542 284
3966 401
4343 478
4394 406
3742 454
3298 453
2608 222
2265 52
2035 24
1800 74
1551 346
1616 383
1614 419
1478 154
1422 1
1238 164
1143 284
1329 232
1565 17
1858 52
2417 325
3306 601
4243 715
4936 749
5608 726
6221 852
6550 712
5982 241
5188 138
4569 341
4355 260
3788 308
3235 425
2497 742
2187 327
1752 571
1430 21
1375 229
1184 212
1201 192
684 84
522 39
443 18
296 328
292 271
34 53
201 48
437 34
636 2
398 12
322 23
272 49
334 72
349 98
179 167
144 193
182 292
177 421
112 422
55 482
30 623
32 886
7 1108
0 1462
6 1554
0 1619
0 1417
0 1289
0 2184
3 1595
0 552
0 1186
0 481
0 302
0 290
0 0
13 2
0 331
0 910
2 1401
8 1278
2 2261
0 2405
0 1704
1 1132
0 1338
7 1003
0 610
0 754
3 1023
14 1217
0 1262
0 1394
0 1471
0 1265
0 1152
0 1400
15 1008
0 621
27 349
39 279
23 38
0 49
0 0
0 0
0 0
3 16
0 5
0 0
0 4
0 5
0 0
73 0
120 1
113 0
0 0
9 0
35 0
24 0
0 0
0 0
0 0
0 0
0 0
15 1
49 0
80 0
58 3
35 2
72 25
4 146
7 97
31 15
64 13
126 0
165 2
245 26
366 15
373 2
299 0
315 2
223 60
219 24
148 4
326 0
453 0
324 2
78 10
194 4
231 0
198 5
196 18
120 0
37 0
4 1
0 9
0 3
2 0
0 0
14 1
25 0
69 3
102 0
84 3
151 19
114 127
53 128
111 59
135 55
13 244
0 95
0 236
0 18
3 5
0 3
0 36
15 26
0 8
0 0
0 7
0 61
0 5
0 0
0 17
26 181
20 263
40 112
198 0
317 1
295 55
56 7
32 0
10 0
6 0
4 0
7 0
3 0
19 0
14 0
35 0
253 0
562 0
571 0
296 3
312 0
208 0
211 0
157 0
450 0
290 0
309 0
473 0
254 0
251 0
248 0
88 0
76 0
105 0
60 0
4 0
6 1
0 0
0 0
0 0
2 0
0 0
0 0
0 0
8 0
10 0
38 0
22 0
0 0
0 0
0 0
15 0
5 0
6 2
0 0
0 0
0 0
0 0
0 0
0 3
0 0
0 0
0 0
0 0
0 0
0 0
0 0
0 0
0 0
0 0
0 0
0 0
0 0
0 0
0 0
0 0
0 0
0 0
0 0
0 0
0 0
18 0
0 0
0 0
0 0
0 0
0 0
0 0
0 0
0 0
0 0
0 0
0 0
0 0
0 0
0 0
0 0
0 0
0 0
0 0
0 0
0 0
0 0
0 0
0 0
0 0
16 0
0 0
0 0
0 0
0 0
0 0
0 0
0 0
0 0
0 0
0 0
0 0
100 0
1007 0
2281 2
3445 0
3978 0
4566 1
4813 1
5038 1
4959 2
4529 12
4096 1
3816 1
3889 0
3909 1
3116 6
3696 0
3823 2
4692 1
4310 10
3335 0
3374 7
4026 4
4490 5
4706 3
3545 2
1759 0
2978 126
2320 602
1897 775
2948 1238
3964 1588
4691 1171
5123 919
5484 814
5392 743
4725 664
3515 858
3749 153
4601 86
4128 17
1580 25
1330 127
1567 358
1105 143
1378 12
1331 42
1226 109
1331 19
1124 48
1043 96
696 74
617 27
515 26
538 36
225 312
180 45
154 5
228 32
225 266
175 259
148 276
102 312
107 295
61 204
3 180
24 206
3 110
0 349
0 290
0 324
0 239
0 131
1 70
0 137
8 41
0 134
0 252
9 246
17 165
0 105
0 69
0 42
0 10
0 0
0 0
0 0
0 0
0 37
0 95
0 184
0 206
0 171
0 120
0 118
0 136
0 123
0 50
0 152
0 179
0 256
0 237
0 112
0 10
0 0
0 7
0 136
0 141
0 77
0 11
0 6
0 0
0 1
0 0
6 98
7 111
0 201
2 201
16 201
1 316
0 422
0 666
0 712
1 736
0 662
0 636
0 377
1 49
0 39
0 29
0 26
0 16
0 0
0 7
0 15
0 8
0 0
1 0
1 18
0 73
0 121
0 159
0 80
0 104
0 67
0 0
0 26
0 54
5 49
0 48
2 87
9 45
1 108
6 137
0 95
5 84
42 65
179 113
202 87
194 0
100 0
48 48
7 54
216 5
290 345
243 514
352 419
318 168
263 233
199 123
224 215
390 50
520 100
752 177
875 21
819 98
521 51
84 73
461 126
542 100
608 69
1004 53
562 4
323 27
474 92
89 126
328 164
281 101
375 45
366 95
428 86
397 102
184 157
119 179
90 104
59 1
71 138
82 225
141 122
101 79
108 35
91 79
33 91
10 36
7 205
15 223
5 258
34 244
5 76
5 121
0 126
1 93
0 80
0 61
0 39
1 24
5 52
0 137
0 185
0 267
9 45
0 27
0 220
0 266
0 144
0 187
0 115
0 61
0 10
0 32
0 23
0 39
0 35
0 9
0 84
0 57
0 0
0 0
2 15
1 45
0 7
0 0
24 48
36 75
22 30
131 42
221 43
343 29
514 7
490 0
522 109
458 181
538 8
606 47
736 108
1069 437
1138 356
954 114
1128 224
1289 196
1436 51
1479 0
1104 24
1153 41
1313 169
762 37
596 123
681 297
746 192
716 107
393 71
305 88
723 68
1123 27
1606 0
1804 13
1709 112
1763 127
1941 127
1738 548
1648 391
1543 19
1175 255
916 494
1163 534
1527 343
1137 93
440 16
323 147
360 137
445 41
343 46
452 121
399 105
373 170
36 100
140 33
195 45
101 43
19 17
45 68
197 24
526 40
682 8
564 34
471 25
582 108
1005 2
1147 1
1011 85
337 69
486 24
1200 65
1301 7
1233 0
333 4
57 21
52 58
17 0
5 10
12 13
0 34
0 26
9 23
0 43
0 16
0 80
1 80
10 12
13 0
40 0
74 102
284 103
305 87
230 39
272 36
207 44
198 25
168 19
381 70
636 135
602 28
966 13
1550 20
1740 3
1524 0
732 37
605 28
689 87
552 191
460 326
304 75
410 25
760 2
1086 20
627 88
88 60
119 22
457 45
480 76
372 31
249 44
127 158
79 14
209 7
64 156
66 65
57 11
48 10
39 99
176 150
193 296
390 250
443 97
64 51
19 21
4 15
69 31
77 31
12 52
98 150
71 133
63 6
24 8
16 13
7 1
0 0
0 0
0 10
0 67
0 47
0 19
0 0
0 0
14 0
53 0
142 0
173 0
273 0
634 0
756 0
576 7
285 1
173 0
166 0
253 0
201 0
194 0
175 0
198 0
374 0
344 8
157 0
165 0
282 0
472 41
550 47
423 68
124 105
240 64
458 29
479 29
508 168
595 179
460 60
339 2
43 3
97 50
84 152
107 278
338 165
385 29
307 41
273 17
141 2
76 0
136 0
61 36
38 88
53 97
4 94
25 86
80 14
49 0
95 3
105 0
93 12
82 50
68 131
43 34
5 0
0 1
2 4
1 0
0 4
0 12
1 2
3 0
0 0
0 0
11 0
5 0
0 0
0 0
0 0
11 0
99 2
66 1
15 0
45 0
34 0
5 0
64 0
6 0
0 0
36 5
22 0
0 0
0 52
1 153
0 260
0 394
0 827
0 1788
0 2086
0 2439
5 3122
0 3528
0 4110
0 4107
0 3509
0 2864
0 2121
0 1403
0 2650
0 3000
0 2941
4 2742
9 2393
5 2173
3 2128
0 1771
0 1631
0 1409
0 1274
0 1224
0 1189
0 980
0 630
0 318
0 276
0 228
0 169
0 142
0 106
0 151
0 284
0 253
0 114
0 22
0 50
0 53
0 147
0 170
0 143
0 193
0 200
1 177
24 185
517 60
690 18
739 3
521 4
495 28
495 7
451 16
576 41
920 109
809 160
562 40
300 84
159 36
167 102
72 108
13 112
1 184
0 162
1 79
1 46
0 60
8 77
0 78
0 64
0 76
0 34
0 20
0 0
0 15
0 2
0 30
0 6
10 2
107 56
17 145
0 1
0 15
0 22
0 68
0 107
0 0
0 9
0 100
0 146
1 111
0 77
0 67
0 13
0 11
0 69
0 30
0 52
0 176
0 404
0 622
0 694
0 644
0 483
0 783
0 941
0 774
0 764
0 656
0 450
0 540
0 709
0 799
0 780
0 668
0 649
0 483
0 473
0 574
0 644
0 810
0 1050
0 1294
0 1328
12 1327
0 1204
18 1013
0 993
45 958
33 885
20 836
45 769
42 654
26 640
69 661
128 587
154 441
308 320
258 128
124 68
0 166
81 119
347 184
536 52
598 79
360 66
577 100
713 31
668 2
872 72
946 87
815 119
833 222
811 565
1047 1121
1222 1454
1171 1707
1132 1960
983 1864
319 1940
600 2090
364 1933
551 1583
322 1128
639 578
843 742
721 900
584 2398
398 3378
359 3215
337 2467
154 1379
107 164
225 117
264 281
138 595
147 709
100 706
73 1322
77 1774
118 2394
86 2475
62 2620
25 2299
23 2060
81 1696
60 1358
46 1005
30 633
52 439
60 687
52 1136
88 1636
68 2636
34 3193
182 2924
200 2361
182 1732
186 1044
169 774
114 173
79 266
80 364
75 794
46 702
42 736
14 757
26 596
62 623
77 575
87 778
89 1134
53 891
106 1085
69 1307
84 1702
5 1692
20 1781
25 1346
86 639
98 1784
107 2044
265 2006
327 1480
408 810
402 60
281 14
312 16
495 198
529 734
438 1153
549 1580
497 1537
321 1249
94 826
104 389
227 1066
314 1128
307 974
212 515
195 444
162 303
145 234
109 483
114 599
14 624
90 431
135 329
57 80
110 202
124 264
100 298
87 210
117 618
104 789
164 1662
114 2195
27 2588
7 2870
2 2873
0 2591
2 2156
9 1949
7 1793
0 1888
3 1399
0 2274
8 2726
1 2936
0 2778
0 2388
0 2077
2 705
0 1726
0 1926
0 1824
0 1457
0 1333
0 954
0 807
0 1045
0 1546
0 1816
0 1859
0 1571
0 1297
0 1898
0 2087
0 1762
0 415
0 909
0 565
0 522
0 710
0 1121
1 1258
0 1218
0 890
0 1395
0 1945
0 1720
0 1692
0 1314
0 994
0 1613
0 1860
0 1621
0 811
5 1016
18 1181
7 1432
0 1531
0 1159
0 956
15 894
0 1132
0 1144
0 985
0 753
0 594
0 467
0 312
0 259
0 77
0 22
0 61
0 80
0 36
0 156
0 155
0 200
0 204
0 355
0 168
0 153
0 178
0 226
0 187
0 137
7 148
65 137
173 68
454 81
697 74
648 56
339 87
119 48
198 56
395 65
338 19
197 45
106 44
127 44
255 36
422 49
619 20
544 70
598 108
736 71
721 58
568 64
348 32
395 40
239 76
138 120
545 117
973 51
987 31
741 62
122 159
122 120
75 95
20 135
2 182
16 248
0 125
0 19
0 15
0 114
1 63
0 41
0 27
0 64
0 93
0 69
0 104
2 129
37 167
3 84
0 13
1 2
0 14
7 21
33 56
10 84
0 37
0 3
0 39
7 52
83 13
192 0
187 0
75 2
91 0
103 15
104 30
56 136
36 121
3 30
6 2
0 3
3 20
9 10
38 18
165 55
255 73
369 6
512 13
414 0
377 0
244 2
195 14
262 64
264 104
402 66
249 62
264 22
309 3
312 8
240 4
67 1
29 1
7 9
10 34
7 11
8 0
49 0
61 0
143 0
275 0
236 2
162 0
206 26
171 5
13 5
61 24
109 24
105 13
259 2
322 0
383 0
123 0
22 0
22 0
115 0
167 0
41 21
76 510
163 1233
189 1842
187 1970
121 1980
96 1393
71 1841
47 1759
36 2737
0 3351
9 4259
0 3841
0 1899
0 2040
0 2229
14 2320
0 2117
0 1846
0 1662
0 1402
0 1094
0 1125
2 1398
17 1325
1 1067
13 620
48 966
128 651
241 953
262 869
273 721
177 906
68 562
13 482
0 187
0 89
0 159
0 162
9 181
19 214
0 175
0 195
0 335
7 261
16 351
24 380
2 369
0 356
0 165
0 17
0 35
0 84
11 144
34 108
12 39
17 40
18 73
13 73
20 82
14 32
11 34
15 8
0 26
0 96
105 59
48 38
106 43
30 60
0 144
31 105
21 127
12 78
18 50
12 55
0 10
2 62
4 86
19 57
10 36
18 53
0 39
0 46
2 26
1 88
0 75
5 129
0 180
0 183
0 58
0 43
0 42
0 0
0 0
0 12
0 3
17 11
54 39
54 49
43 8
1 3
0 0
0 0
4 0
0 11
0 27
8 20
0 22
12 22
10 30
1 30
1 33
1 25
0 206
10 230
52 158
1 41
0 69
1 187
22 303
10 343
0 410
2 403
0 330
0 68
0 107
3 327
0 370
2 258
0 178
0 138
0 137
0 80
0 18
0 129
0 341
28 496
27 364
30 306
27 165
17 16
4 219
14 234
91 36
157 30
57 326
0 472
0 128
0 86
0 420
1 895
5 531
1 999
7 794
0 467
0 82
0 79
0 28
0 165
30 248
14 110
40 116
6 283
39 391
97 356
8 200
14 71
5 7
0 53
9 197
25 272
49 258
53 222
183 401
214 246
109 97
21 132
15 13
0 27
70 23
100 54
121 87
89 6
76 0
78 25
422 25
1500 52
2345 191
3053 322
3954 377
5123 248
6053 71
5755 69
5099 93
4387 75
4186 110
3943 131
3360 88
3310 79
2976 50
2263 28
2223 27
2091 45
1344 6
1939 41
2047 6
1531 7
1914 6
2093 2
1813 2
1459 2
1285 0
1151 5
895 27
708 18
1279 30
1420 3
1339 2
1443 4
1303 9
718 27
395 22
1147 46
1032 16
686 20
942 90
1573 75
1755 49
1738 24
2232 9
3182 1
4061 8
4467 6
5255 9
4515 8
3830 5
4364 5
3681 6
2599 4
2194 4
2667 4
3265 10
2872 5
2475 5
2555 4
3168 44
2958 66
2003 47
2377 12
2251 3
2263 25
2408 79
2585 10
2600 0
3179 5
3896 80
3777 67
3906 0
4674 3
6037 130
6398 5
6243 1
5710 8
4571 106
3825 64
2053 10
3827 12
4376 45
4558 3
4012 7
2640 74
2059 2
2178 0
1739 1
1323 6
1195 0
940 0
1567 12
3041 1
5593 0
7678 12
8976 13
8058 4
6928 5
5268 60
3839 4
4209 4
3244 5
3097 11
3376 23
4198 50
4350 18
3542 124
999 330
2134 161
1360 2
643 208
1652 206
2021 0
1282 27
532 96
991 0
782 206
1086 240
1190 39
1436 12
1096 169
439 32
198 4
608 439
884 421
1365 161
1513 42
1637 121
1366 151
525 19
1537 66
2102 384
2256 316
1620 188
1492 231
1132 77
378 148
1091 266
1203 481
865 365
521 125
357 62
210 104
178 84
299 55
211 57
76 186
95 148
54 32
75 49
141 120
104 17
227 1
457 3
496 20
512 122
612 229
755 49
522 49
276 149
398 145
541 170
616 83
411 82
300 80
125 12
160 19
221 20
274 23
218 56
66 47
332 49
442 5
447 3
72 5
345 51
475 32
454 12
377 0
269 0
283 5
403 1
459 1
707 11
1227 2
1300 2
1087 2
878 9
740 1
743 2
849 8
852 22
595 6
565 88
1087 17
1396 0
1342 17
1427 37
1431 50
1051 61
442 124
136 42
566 67
807 275
973 149
1104 12
1032 4
732 133
690 142
296 2
361 0
187 75
164 0
270 0
275 0
175 0
206 0
133 4
73 1
214 0
129 60
323 119
388 145
352 44
300 0
396 14
846 23
1386 2
2304 2
3089 7
3790 3
4165 6
3903 3
3345 0
2798 1
2064 4
2268 0
2631 0
3005 8
3559 28
3875 45
4378 44
3958 1
2746 1
1526 1
3571 0
4369 3
4388 2
3121 4
1135 0
2904 0
3238 0
2918 0
2398 0
1578 1
1428 0
2736 0
3289 0
3572 1
3453 8
3255 0
2651 3
930 25
1137 0
1501 0
1712 0
1348 0
1074 0
1337 0
1575 0
2218 0
2691 0
2419 0
2787 0
2912 0
2380 0
966 0
1515 0
1319 0
575 0
224 0
544 3
848 2
941 2
728 2
331 0
579 0
1019 1
794 0
350 0
101 0
91 0
187 40
32 301
12 752
39 1255
126 1484
60 1831
99 2719
198 2767
119 1998
48 1819
228 1859
243 805
183 1754
256 593
14 161
0 771
9 1613
11 1318
0 909
35 1613
29 1679
6 1895
1 1742
21 1352
16 1311
0 1062
42 539
12 160
7 251
10 421
77 360
64 129
0 122
0 118
0 117
0 262
0 198
21 237
2 317
11 488
56 576
62 227
231 142
217 672
304 812
166 716
129 312
44 95
207 20
7 34
29 142
71 259
65 385
48 209
29 102
0 100
43 90
100 35
436 16
1028 9
1617 128
2181 202
2669 405
2835 285
3091 87
3353 46
3582 35
3705 2
3719 0
3801 75
4113 81
3565 15
2055 26
2070 3
3355 13
3877 0
1817 14
2859 51
3348 126
2320 17
1917 1
3090 25
2674 0
2115 0
2913 2
1973 3
1096 1
3168 0
3392 1
463 0
2821 0
2897 0
971 2
1834 2
1224 0
1773 4
1909 43
1501 203
1441 230
1169 397
1093 794
2368 1234
3122 1643
3028 1981
3094 2528
3622 3396
3393 3969
2857 3836
2533 3564
1626 3224
2151 2734
2347 2462
2706 2186
2712 1865
2328 1443
2158 1083
1621 723
558 323
616 106
528 110
39 62
244 50
306 273
89 511
23 683
97 804
45 650
0 442
0 408
1 380
0 399
21 412
0 304
0 225
0 141
0 336
0 531
0 701
9 885
0 1106
0 1386
6 1582
0 1849
1 1891
9 1848
8 1786
0 1478
3 1312
0 255
0 253
0 287
0 170
0 166
0 191
0 127
0 0
0 0
0 0
0 16
0 1
0 6
0 64
20 91
75 115
237 392
435 785
378 1221
151 1601
12 1866
43 2292
32 2755
94 3284
63 3733
27 3230
41 2792
3 2418
40 2286
15 2200
14 1911
0 1468
10 1292
75 1663
44 1829
4 1936
25 2055
7 1805
2 1446
1 1322
2 1031
0 780
1 690
0 707
0 723
0 901
0 1291
1 1510
0 1700
0 2239
1 2740
0 2463
1 3072
0 2627
0 1935
0 2280
0 3514
3 3184
8 2199
0 1887
0 1680
0 1340
0 2037
0 3389
0 4025
1 3795
0 3299
0 2550
0 2218
0 1688
0 1404
0 1305
0 741
0 381
0 324
0 405
34 310
53 166
52 619
35 1197
5 862
17 825
29 1291
11 1551
0 708
22 1050
34 756
8 641
0 674
0 918
0 1734
7 2384
1 2878
10 2782
14 3018
53 2596
54 1623
38 1580
66 1920
121 1835
133 1680
158 1719
65 1582
49 1505
67 1603
63 1915
70 2179
193 1723
223 2086
301 2071
199 2043
65 2475
25 2204
11 2245
51 1890
12 1328
10 1578
10 1683
66 1716
23 1571
96 1927
44 2155
81 2653
157 2797
285 2626
279 2073
227 2006
136 2109
75 1619
57 1549
47 1318
40 1275
10 1204
43 1021
70 645
20 1042
15 879
157 774
148 460
131 1016
153 817
169 1292
133 1262
101 1445
121 1263
83 1699
35 1321
9 1268
3 647
35 733
51 428
104 1102
80 620
28 1150
35 1062
34 1602
14 1694
14 1981
11 2212
8 1903
3 2485
0 2415
1 2302
11 1853
8 2226
18 1741
15 1872
12 1656
11 1936
21 1930
11 1528
2 1271
10 787
28 639
23 790
30 1059
123 1093
81 1050
0 1217
1 1323
21 1096
88 835
124 779
193 638
160 446
41 477
0 502
62 694
11 782
22 622
0 251
2 45
0 61
19 201
5 169
1 39
0 59
4 213
0 130
0 56
5 39
2 157
4 63
12 0
34 0
11 6
0 0
0 1
33 50
10 97
9 109
10 10
30 269
39 243
45 19
54 18
0 63
25 44
39 29
6 7
0 17
0 18
0 0
0 25
0 0
0 0
0 0
0 0
0 0
0 0
0 0
0 14
0 6
0 28
0 0
0 0
0 4
7 68
0 1
0 110
0 1
0 27
0 9
4 0
0 0
29 0
36 113
33 34
100 0
64 1
8 11
1 0
12 0
6 0
0 0
3 0
5 0
0 0
6 0
0 0
0 0
0 0
20 0
36 0
0 0
0 0
0 0
0 0
0 0
0 0
0 0
22 0
45 0
25 0
4 0
93 0
23 0
21 1
69 1
172 2
258 1
259 5
231 3
48 3
18 2
0 0
0 0
2 0
5 0
0 0
5 0
122 0
6 1
114 3
50 0
103 0
243 0
95 0
136 0
219 2
0 0
65 0
93 0
0 0
32 0
2 1
0 0
0 0
1 0
0 0
0 0
6 0
23 0
85 1
167 0
80 0
2 2
27 2
66 5
21 0
40 0
21 0
0 0
4 0
0 0
0 0
0 0
9 0
18 0
23 0
4 0
0 0
6 0
1 3
0 0
24 0
113 0
46 0
73 0
63 0
13 0
36 0
88 0
173 0
33 0
144 1
354 0
526 0
369 2
284 1
165 6
174 6
34 2
132 0
392 0
716 1
1310 1
2381 4
3497 7
3919 3
4342 3
5052 0
5930 0
6522 3
6472 0
5806 21
4623 19
3848 35
2790 22
1974 18
1336 11
1057 8
1077 8
819 12
475 10
467 7
364 8
218 7
98 5
145 4
193 4
206 7
182 3
88 11
0 0
16 41
0 102
26 1
145 91
156 144
96 103
0 1
49 171
47 131
3 0
44 5
31 6
138 5
142 0
148 4
122 5
22 2
38 7
105 7
122 6
25 0
38 28
98 7
99 55
14 2
52 3
37 3
49 4
97 9
75 9
37 8
23 5
85 10
69 8
23 1
34 7
44 9
32 7
20 1
34 5
30 3
1 0
18 5
4 4
0 0
34 7
27 8
0 0
0 1
22 7
0 0
41 6
99 13
139 11
152 12
196 14
221 16
278 15
371 7
546 6
701 7
886 9
980 9
958 10
1121 14
1574 19
2055 30
2517 32
2926 18
3092 19
3229 27
3470 28
3681 11
3405 2
3376 0
3602 2
3766 4
3902 5
3891 7
4028 4
4020 0
4565 2
4936 2
5443 2
2208 2
2062 7
1818 4
987 0
1341 2
613 0
676 0
888 8
352 0
43 0
36 0
24 0
19 0
1 1
67 4
0 0
0 0
0 0
8 0
4 0
1 1
0 0
0 0
0 0
0 0
1 1
0 0
0 0
0 0
0 0
0 0
0 0
0 0
0 0
0 0
0 0
0 0
0 0
0 0
0 0
0 0
0 0
0 0
0 0
0 0
0 0
0 0
0 0
2 0
11 0
52 0
11 0
24 0
9 0
59 0
2 0
0 0
0 0
0 0
0 0
0 0
0 0
0 0
0 0
0 1
0 0
0 0
0 0
0 0
0 0
0 0
0 0
0 0
0 0
0 0
0 0
0 0
0 0
0 0
0 0
0 0
0 0
0 0
0 0
0 0
0 0
0 0
0 0
0 0
0 1
0 0
0 0
0 0
0 0
0 0
0 0
0 0
0 0
0 0
0 0
0 0
0 0
0 0
0 0
0 0
0 0
0 0
0 0
0 0
0 0
0 0
0 0
0 0
0 0
0 1
0 0
0 0
0 0
0 0
0 0
0 0
0 0
0 0
0 0
0 0
6 0
5 0
9 0
0 0
2 0
9 0
0 0
0 0
0 0
0 0
0 0
0 0
0 0
0 0
0 0
0 0
0 0
0 0
0 0
0 0
0 0
0 0
0 0
0 0
0 0
0 0
0 0
0 0
0 0
0 0
0 0
0 0
0 0
0 0
0 0
0 0
0 0
0 0
0 0
0 0
0 0
0 0
0 0
0 0
0 0
0 0
0 0
0 0
0 0
0 0
0 0
0 0
0 0
0 0
0 0
0 0
0 0
0 0
0 0
0 0
0 0
0 0
0 0
0 0
0 1
0 0
0 0
0 0
0 0
0 0
0 0
0 0
0 0
0 0
0 0
0 0
0 0
0 0
0 0
0 0
0 0
0 0
0 0
0 0
0 0
0 0
0 0
0 0
0 0
2 2
1 0
0 0
0 0
0 0
0 0
0 0
0 0
0 0
0 0
0 0
0 0
0 0
0 0
0 0
0 0
0 0
0 0
0 0
0 0
0 0
0 0
0 0
0 0
0 0
0 0
0 0
0 0
0 0
0 0
0 0
0 0
0 0
0 0
0 0
0 0
0 0
0 0
0 0
0 0
0 0
0 0
0 0
0 0
0 0
0 0
0 0
0 0
0 0
0 0
0 0
0 0
0 0
0 0
0 0
0 0
0 0
0 0
0 0
0 0
0 0
0 0
0 0
0 0
0 0
0 0
0 0
0 3
0 0
0 0
0 0
0 0
0 0
0 0
0 0
0 1
0 0
0 0
0 0
0 0
0 0
0 0
0 0
0 0
0 0
0 0
0 0
0 0
0 0
0 0
0 0
0 0
0 0
0 0
0 0
0 0
6 0
7 0
2 0
2 0
0 0
2 0
87 75
1254 229
2252 115
3222 74
4023 2
4774 3
4958 122
5448 311
5314 3
4851 55
4364 2
3772 9
3288 0
2693 0
2238 0
2011 0
1748 0
1352 3
1733 0
2197 0
2209 2
2235 0
2055 2
1698 2
1603 0
1969 79
2062 63
1887 0
1800 253
1843 98
1911 213
2129 5
1948 0
1738 2
1358 0
1417 4
1150 2
841 0
847 0
775 2
598 0
733 0
967 11
1503 73
1439 0
1574 0
1445 1
852 3
1371 1
1916 0
1943 4
1535 9
2233 69
2192 77
2054 21
1564 7
1234 364
1516 153
1139 115
1794 9
1975 33
1938 1
1631 5
1662 3
2207 1
2847 0
3346 6
3840 4
3445 53
2763 9
2015 0
2747 0
3188 7
2835 5
3057 0
3306 3
2892 7
2301 1
1577 6
1563 47
2248 5
2496 3
2681 0
3569 90
4857 73
5548 68
5669 1
5748 11
5885 84
5653 15
4488 3
3597 10
2729 25
1981 17
1836 1
2032 0
1977 9
1630 56
1466 35
1022 0
749 1
304 3
149 10
318 1
401 0
574 0
743 28
495 1
436 0
813 17
402 29
440 8
403 0
413 0
297 13
102 1
53 0
63 1
42 14
14 0
40 0
34 0
21 0
1 13
2 0
0 0
37 0
21 2
16 9
0 0
30 0
49 0
156 14
110 0
28 0
0 0
75 0
265 0
95 0
63 0
38 0
29 0
23 0
32 0
10 0
7 0
0 0
3 0
40 20
32 0
4 0
11 9
0 14
0 0
15 0
13 8
15 3
0 0
0 0
0 0
0 0
0 3
0 0
0 0
0 0
0 0
0 0
0 0
0 0
0 0
1 0
0 0
0 1
0 0
0 0
0 0
0 0
0 0
16 0
1 0
0 0
0 0
0 0
0 0
0 0
0 0
0 0
0 0
0 0
0 0
0 0
0 0
0 0
0 0
0 0
0 0
0 0
0 0
0 0
0 0
0 0
0 0
0 0
0 0
0 0
0 0
1 0
0 0
0 0
0 0
0 4
0 9
0 15
0 50
0 56
0 0
0 187
0 360
4 3
44 126
72 23
45 0
12 0
105 16
78 0
5 0
0 2
0 0
9 0
18 0
14 0
0 0
0 0
14 0
5 0
3 0
7 0
0 0
2 0
0 0
6 0
2 0
0 0
2 0
0 0
0 0
0 0
0 0
0 1
7 0
76 0
263 0
309 0
342 0
340 0
412 0
515 0
177 0
72 0
223 0
268 0
247 0
490 0
672 0
555 0
416 0
117 0
65 0
153 0
194 0
325 0
469 0
410 0
358 0
184 0
117 0
411 0
985 0
1312 0
1046 0
648 0
337 0
501 0
709 0
820 0
759 0
633 0
599 0
424 0
395 0
278 0
185 0
409 0
618 0
717 0
325 0
335 0
540 0
518 0
413 0
1482 0
2362 0
3105 0
3599 0
3861 0
4204 0
4753 1
4831 0
4241 0
3589 0
3087 1
2701 0
2344 0
2214 0
1970 0
1681 0
1110 0
657 1
1537 0
1959 0
1838 0
2164 0
2804 0
3847 0
4687 0
4974 0
4744 0
4229 0
3587 0
2980 0
2250 4
1619 0
1339 0
1354 0
1116 17
780 3
668 0
725 0
854 0
824 4
703 3
299 0
444 0
337 0
247 0
222 0
189 0
204 9
229 19
204 0
149 0
60 26
30 41
11 25
11 5
14 0
1 0
0 3
0 20
3 4
0 2
6 0
0 0
0 0
0 0
0 0
0 0
0 2
0 0
2 8
0 77
0 87
0 0
1 1
0 27
0 23
0 0
0 12
0 9
0 0
0 0
0 18
3 13
0 54
0 14
0 0
0 0
0 1
0 62
0 214
0 219
0 337
0 275
7 325
9 622
8 863
8 902
10 1055
14 1282
10 1193
17 996
10 783
12 1278
1 1626
0 2186
0 2389
0 2323
0 1757
0 852
0 1362
0 1856
0 2365
0 2047
4 1588
6 951
2 858
4 953
4 1264
4 1541
9 1656
0 1106
2 603
8 1231
8 1415
9 1465
14 1406
8 1188
2 1025
0 1478
0 1836
0 2392
0 2656
0 2340
0 2168
0 1784
0 1809
0 2080
0 1605
2 1208
0 612
0 910
0 1197
6 1839
9 2096
1 2004
1 1349
0 1476
28 1543
32 1513
0 1548
19 1401
1 1391
0 1934
4 1585
0 1210
1 1293
34 630
23 826
71 892
272 592
466 743
333 572
240 464
552 495
526 837
578 1173
813 1260
801 1172
899 1495
976 1174
991 779
1132 505
976 743
635 739
459 1522
486 1369
386 810
209 1114
94 1244
405 1181
589 1001
575 890
524 296
369 1086
281 984
230 663
105 643
6 544
6 335
0 948
4 1461
0 1890
13 1786
35 1325
195 1261
179 1594
175 2067
246 1982
348 1688
528 1760
450 1512
430 1117
513 494
521 633
485 521
503 619
442 285
389 305
253 322
73 337
68 249
83 15
84 9
33 19
0 14
3 4
34 12
29 4
128 0
253 8
186 29
68 10
49 6
42 33
0 0
4 3
0 0
0 0
0 6
6 208
4 399
0 191
0 70
6 109
14 319
9 337
4 212
2 62
2 247
0 362
0 493
1 524
0 172
0 4
0 184
0 329
0 152
0 8
0 236
0 272
0 60
0 0
0 116
0 74
0 0
0 43
0 155
0 37
0 15
0 19
0 88
4 52
16 1
39 0
129 0
106 11
73 2
54 0
61 1
38 1
44 11
6 12
9 18
10 73
1 14
33 130
72 194
155 146
321 196
317 194
147 280
11 303
113 341
204 358
126 510
223 552
205 334
19 243
16 393
97 327
195 45
172 104
195 1
449 171
490 2
361 40
309 193
175 537
362 875
336 482
345 723
321 1397
489 925
902 951
924 479
385 332
186 645
111 1093
40 941
177 519
140 663
144 506
160 1467
161 1502
181 1266
196 1302
206 327
45 535
23 927
187 954
169 1030
173 947
240 72
338 585
178 33
208 695
140 215
381 276
179 41
161 522
299 272
346 39
428 18
286 71
156 79
65 2
69 41
135 78
121 63
79 53
62 95
54 20
37 132
23 631
13 526
3 151
12 596
74 409
88 170
9 87
6 467
20 672
9 229
0 708
1 1522
0 2127
0 2482
0 2691
17 2716
39 1760
0 1631
0 1896
0 1967
0 2235
0 2347
0 2422
0 2530
0 1944
0 1768
0 1809
0 1590
0 1850
0 2123
0 2494
0 2109
0 1974
0 1692
0 1408
0 1120
0 831
0 464
1 147
0 5
0 29
0 6
0 4
0 90
0 8
0 0
0 0
0 27
0 0
0 13
0 287
0 257
0 55
0 201
0 253
0 674
0 935
0 1155
0 1262
0 1407
0 1454
0 1395
0 1448
0 939
0 1130
0 1143
0 1198
0 1179
0 1344
0 956
0 1180
0 1585
0 1839
0 2003
0 1996
0 1502
0 566
0 1138
0 1806
0 2011
0 1696
0 1503
0 1294
0 1389
0 1410
0 1338
0 1232
0 1046
0 861
0 478
0 140
0 0
0 65
0 163
0 109
0 201
0 261
0 338
0 414
0 334
0 301
0 259
0 217
0 172
0 63
0 19
0 5
0 76
0 131
0 174
0 254
0 253
0 357
0 417
0 550
0 618
0 624
0 741
0 796
0 888
0 931
0 1061
0 966
0 1129
0 953
0 879
0 884
0 972
0 1306
0 1730
0 1998
0 1861
0 1643
0 1525
0 2006
0 2384
0 2327
0 2101
1 1928
0 1813
0 1760
0 1694
0 1545
0 1156
0 1028
0 935
1 851
0 1029
0 1089
0 1148
0 1040
0 644
0 449
0 295
0 262
0 257
0 353
0 512
0 294
0 133
0 130
0 87
0 128
0 265
0 180
0 123
0 165
1 482
1 1152
0 900
0 464
0 1208
2 1146
0 520
2 1165
1 793
1 610
1 862
0 301
0 573
0 143
0 339
0 211
0 280
0 146
0 205
0 13
0 44
0 104
0 19
0 93
0 89
0 138
0 422
0 516
0 276
0 471
0 642
0 1398
0 2105
0 2574
0 2808
0 3187
0 2748
0 2035
0 919
0 2338
93 2419
277 1205
461 799
620 700
646 1884
425 2467
540 2480
899 2388
1210 1637
1417 794
1344 702
1050 628
1062 536
1028 423
706 218
1122 90
1100 283
348 161
231 85
243 211
399 195
195 218
157 480
99 636
164 269
432 117
553 57
546 38
553 27
543 14
403 26
274 38
364 31
550 56
747 29
747 81
142 42
204 149
263 84
226 156
71 130
16 103
2 78
2 0
4 36
0 88
53 19
111 0
164 17
170 0
214 0
247 0
252 4
235 0
353 0
205 0
129 0
243 10
194 13
258 28
351 10
279 36
243 43
213 82
169 152
187 259
80 359
26 331
58 398
60 307
52 94
42 350
374 461
742 334
778 155
830 68
710 89
475 34
228 66
0 51
17 17
524 18
677 15
595 21
510 16
655 1
784 3
648 30
612 61
699 144
635 137
514 9
470 6
294 6
220 10
437 5
456 5
454 20
417 72
406 24
291 22
45 8
85 27
147 66
401 45
354 14
285 125
259 120
233 49
176 164
84 180
38 95
7 44
44 38
22 170
20 293
65 141
38 0
19 0
37 5
25 107
9 109
12 270
0 310
0 44
24 15
9 77
42 95
19 199
29 108
15 130
29 52
35 4
36 7
100 34
146 2
5 35
11 205
46 250
20 87
0 88
1 85
2 31
0 130
4 264
15 192
0 47
0 17
2 93
0 44
0 2
0 96
0 181
0 124
0 109
0 75
0 11
0 28
0 70
0 73
0 122
2 9
4 50
1 53
0 136
4 76
3 211
0 115
0 102
0 15
0 6
0 111
0 141
3 93
2 56
0 149
0 67
0 2
0 3
0 51
0 182
0 15
0 53
0 162
0 48
0 33
0 101
0 54
0 109
0 93
0 88
0 18
0 0
0 31
0 188
0 214
0 136
0 44
1 27
0 97
0 123
0 17
0 71
0 75
0 9
0 0
5 0
0 0
0 0
0 159
0 54
2 45
32 122
631 66
774 83
696 127
624 160
853 95
970 62
995 31
652 14
327 48
688 0
897 16
440 0
380 95
485 154
969 0
1480 0
1509 79
1288 120
1256 4
1300 190
941 140
674 154
492 95
335 81
326 63
460 38
434 12
577 1
498 65
108 28
579 6
985 42
564 27
388 114
381 6
406 17
224 5
154 69
464 58
872 90
585 5
270 6
557 5
932 1
771 6
326 2
592 51
633 66
925 171
763 152
675 108
581 7
320 59
193 127
149 92
85 45
208 7
179 8
120 18
171 44
137 85
84 75
49 0
26 11
5 10
3 0
0 35
19 86
0 131
0 5
3 102
9 119
27 16
120 16
51 55
21 132
86 162
258 104
226 19
338 0
424 0
275 1
357 0
312 1
172 0
89 0
72 0
347 22
433 58
342 80
328 12
191 19
123 60
3 0
67 3
0 40
0 61
8 45
40 7
72 0
64 39
167 72
360 71
536 70
489 34
479 175
621 154
562 84
200 2
176 17
165 132
128 133
118 89
80 18
131 35
236 11
295 48
402 66
436 32
260 4
86 46
72 41
24 49
1 46
0 38
3 7
0 52
0 107
0 105
5 168
2 80
0 88
0 66
0 88
3 60
0 37
0 59
0 68
0 73
0 46
0 122
0 263
0 212
0 52
0 84
0 78
0 21
0 1
0 0
0 37
0 173
0 81
0 13
0 35
0 51
0 68
0 6
0 8
0 33
0 120
0 128
0 69
0 56
0 26
0 58
0 19
0 45
0 4
0 93
0 33
0 0
0 0
0 7
7 58
0 19
0 50
0 157
0 112
0 174
0 54
0 34
0 0
0 0
7 7
3 88
52 161
94 71
157 31
228 9
375 28
570 0
804 6
676 29
485 43
112 37
96 51
119 49
229 15
199 12
342 0
504 84
300 37
103 2
95 1
50 6
57 0
71 1
133 0
390 0
999 0
1497 12
1830 1
2200 1
2443 6
2643 0
3237 1
3846 9
4240 5
4339 3
4286 2
3970 1
3794 1
3561 2
3246 0
3288 1
3335 2
3161 2
2914 2
2395 1
2111 0
2214 2
1937 0
1508 0
786 0
334 0
501 1
430 0
727 0
756 2
599 3
1418 2
2537 2
4142 4
5288 2
6168 1
6166 0
5903 0
5449 0
4224 22
2360 4
2277 2
1351 2
1791 0
2716 0
2968 5
3138 0
3456 2
3716 12
4803 12
5474 24
3867 36
1817 2
2756 17
2005 48
1352 4
1550 20
1665 130
1130 86
605 75
1048 328
1060 77
1107 12
945 18
625 32
491 100
483 189
574 146
435 238
219 458
343 296
192 185
219 201
502 46
468 55
128 68
84 127
54 48
448 3
920 13
1013 70
742 16
192 20
131 0
58 9
109 83
97 35
66 8
112 22
128 10
175 3
16 0
10 0
38 6
2 3
44 103
50 103
46 73
10 124
1 40
0 45
16 64
2 53
12 54
0 57
1 46
3 13
7 67
5 94
20 18
8 185
1 240
0 140
0 6
0 130
0 112
0 130
0 277
1 247
0 174
0 66
0 30
0 128
0 80
0 99
0 72
0 7
0 5
0 0
0 14
0 10
0 19
0 98
0 15
0 51
0 26
0 2
0 0
0 67
0 69
0 0
0 54
0 104
0 152
0 217
0 125
0 164
0 85
0 10
0 5
0 0
0 1
0 33
0 122
0 114
0 125
0 128
0 78
0 17
0 78
0 20
0 69
6 59
0 33
0 2
0 4
0 41
0 74
0 99
0 44
0 0
0 20
0 54
0 29
0 35
0 154
0 324
0 531
0 262
0 47
0 0
0 0
0 94
0 120
0 177
0 118
0 171
0 185
0 228
0 113
0 0
0 44
0 278
0 305
0 268
0 139
0 72
0 83
0 62
0 74
0 76
0 88
0 7
0 59
0 86
0 119
0 60
0 16
0 32
0 0
0 99
0 56
0 100
0 17
0 7
0 27
0 103
2 152
0 238
8 54
3 8
225 58
773 154
896 224
1140 90
1143 71
1354 36
1315 0
1225 12
1060 2
340 8
346 55
574 11
959 15
1102 13
1330 29
1309 28
1435 6
1613 5
2019 0
2586 1
1537 52
1446 75
1031 20
1148 38
1406 45
1817 16
1812 36
1720 70
1864 106
1922 46
1613 11
1130 0
385 31
167 141
484 262
369 199
249 211
244 131
387 7
499 5
226 44
268 92
291 88
140 7
115 73
124 85
53 70
95 93
67 49
47 76
38 86
4 71
0 108
2 107
0 49
1 16
0 31
0 17
0 58
14 100
0 120
0 148
0 171
0 101
0 89
0 29
0 8
0 20
0 44
0 17
77 3
252 32
368 9
529 1
368 9
389 17
720 14
901 5
1035 8
988 26
623 27
379 0
314 27
500 11
893 2
935 0
841 8
813 10
733 25
513 0
748 5
1020 33
1107 8
838 0
467 1
365 24
580 17
646 42
814 0
627 0
261 60
94 111
140 1
157 5
26 39
17 8
81 0
330 0
606 0
784 0
730 2
649 29
492 65
222 50
74 126
52 192
53 106
65 159
28 227
56 125
48 12
68 150
103 83
83 11
13 16
11 1
6 13
93 66
153 61
156 1
142 15
27 14
60 44
121 9
163 84
361 80
414 59
403 157
263 48
278 150
250 199
240 17
231 14
36 15
13 1
383 0
866 36
939 64
796 29
410 59
63 10
103 0
209 0
234 8
144 84
55 211
0 2
0 44
0 7
5 53
0 0
26 0
21 160
4 194
16 145
6 83
159 227
371 114
316 13
92 9
36 2
57 67
103 11
125 7
55 5
114 0
215 0
191 6
166 18
96 70
3 54
0 32
19 8
0 3
0 5
0 0
13 8
3 0
6 0
0 0
0 0
0 0
1 0
8 0
0 0
0 0
0 0
0 0
0 2
0 9
0 44
0 0
0 1
0 5
0 13
0 80
0 121
0 308
0 643
0 723
0 505
0 369
0 223
3 603
0 532
8 200
9 75
7 220
16 347
0 314
0 220
4 111
0 9
0 59
0 198
0 213
0 371
1 145
0 114
0 559
1 544
4 627
0 29
1 732
0 0
1 467
6 298
3 608
5 474
50 479
98 220
108 299
76 427
101 379
106 887
38 1028
13 1407
66 1131
37 822
62 1198
27 1146
20 1549
26 2957
0 3128
10 2679
17 2295
0 2794
1 3984
2 4600
0 4514
0 2933
3 2384
0 638
0 1939
4 3182
0 5639
22 6246
24 3755
49 2754
48 3622
191 2906
236 2925
191 1362
10 2624
9 3005
92 3218
107 3293
81 2324
69 716
24 1728
16 1111
1 522
0 707
0 370
0 330
0 273
0 216
1 131
0 34
0 13
0 3
4 114
30 216
60 528
54 977
35 731
46 380
18 460
14 611
1 772
49 623
55 581
0 518
3 1043
0 1122
0 833
0 709
2 752
46 725
9 607
3 724
4 755
11 1123
3 798
1 334
34 608
19 780
28 1246
11 1746
0 2083
30 1656
47 1630
52 1684
15 1209
0 89
48 76
170 969
39 1491
1 1190
0 435
3 349
0 132
1 191
1 794
1 1128
1 1477
3 2099
2 2154
2 588
5 1859
2 1420
0 1051
2 1636
1 983
1 912
1 694
0 989
1 1722
5 1310
0 873
0 217
0 207
2 111
4 115
2 183
0 147
0 22
7 81
3 77
0 13
0 0
0 0
0 0
0 0
0 0
0 4
0 9
0 15
0 18
0 0
0 0
0 0
0 0
0 0
0 4
0 0
0 0
0 4
0 0
0 0
0 0
0 1
0 12
0 1
0 136
0 174
0 62
0 28
0 102
0 125
0 20
0 0
0 2
0 10
0 7
0 0
0 11
0 67
0 98
0 34
9 24
15 29
30 29
12 9
0 6
0 5
0 106
0 53
0 22
0 0
0 0
0 0
0 11
0 3
3 0
0 3
0 0
1 5
0 11
0 60
0 47
0 10
0 0
0 2
0 0
0 0
0 0
0 8
0 6
0 0
8 13
0 14
0 29
0 15
0 24
0 27
0 27
0 10
0 5
0 2
0 0
0 0
0 0
0 0
0 0
0 0
0 0
0 0
0 0
0 0
0 0
0 0
0 0
0 0
0 0
0 11
0 0
0 0
12 1
0 0
2 0
0 0
0 0
0 0
0 0
0 0
0 0
0 0
0 0
0 0
0 0
0 0
0 0
0 0
0 0
0 0
0 0
0 0
0 0
0 0
0 1
0 0
0 0
0 0
0 0
0 0
0 0
0 0
0 0
0 0
0 0
0 0
0 0
0 0
0 0
0 0
0 0
0 0
0 0
0 0
0 0
0 0
0 0
27 0
13 0
22 0
3 0
11 0
20 0
0 0
0 0
0 0
0 0
4 0
8 0
81 0
274 0
389 0
455 0
564 0
409 0
238 0
168 0
277 0
326 0
146 0
36 0
107 0
66 0
59 0
36 0
15 0
82 0
56 0
99 0
87 0
382 0
557 0
251 0
41 0
19 0
0 0
0 0
1 0
3 0
24 0
86 0
97 0
95 0
9 0
32 0
27 0
18 0
0 0
7 0
45 0
42 0
0 0
9 0
431 3
315 2
110 0
254 0
607 0
708 0
624 0
307 0
10 0
72 0
94 0
76 0
125 0
54 1
23 0
14 0
47 0
51 0
19 0
13 0
27 0
2 0
0 0
33 0
33 2
36 0
103 0
76 0
1 0
0 0
77 0
131 0
150 1
100 0
97 0
59 0
61 0
103 0
28 0
25 0
107 0
63 0
102 14
72 335
55 904
0 1092
2 920
0 977
0 1036
0 730
0 287
0 421
0 999
0 1544
0 1630
59 1778
139 1406
158 632
144 323
140 312
110 103
47 40
83 13
55 2
0 0
9 0
65 0
53 1
132 53
198 651
301 496
514 477
681 539
1347 769
1908 774
2176 672
1694 757
1829 624
1718 598
1207 492
745 349
778 304
944 286
1282 166
715 60
511 21
721 0
936 1
925 0
472 0
495 8
477 1
628 8
728 2
497 0
366 1
174 6
8 0
0 0
3 6
98 0
66 0
29 0
31 0
15 7
2 0
1 0
4 0
4 0
0 0
0 0
0 0
0 7
0 8
0 0
0 42
0 225
20 191
124 111
125 0
236 22
397 171
558 147
740 129
555 79
671 48
912 0
1128 0
835 19
518 115
463 236
494 137
670 148
405 23
180 0
305 0
182 20
85 39
64 14
147 9
297 0
341 0
210 0
153 0
283 0
172 0
111 0
48 0
10 0
69 0
157 0
166 0
327 0
258 0
140 0
220 0
221 0
171 0
88 0
145 0
167 0
55 0
7 0
17 0
51 0
62 0
27 0
58 0
36 0
56 0
65 0
37 0
17 0
6 0
1 0
0 0
0 0
0 0
0 0
0 0
0 0
0 0
0 0
0 0
0 0
0 0
0 2
0 0
0 0
0 0
0 0
0 0
0 0
0 0
0 0
0 0
0 2
0 0
0 0
0 0
0 0
0 0
0 0
0 0
0 0
1 0
0 0
42 0
131 0
146 0
55 0
13 0
5 0
0 0
0 0
0 0
0 0
0 0
0 0
0 0
0 0
1 3
0 0
0 0
0 0
0 0
26 0
10 0
0 0
12 0
12 0
0 0
34 0
0 0
0 0
0 0
0 0
0 0
3 0
11 0
32 1
221 0
603 0
915 0
1420 0
1673 0
1771 7
2177 0
2628 3
2885 0
2926 0
3490 0
5302 0
5694 2
6240 0
5862 0
5407 0
3357 0
3273 0
4116 0
3961 2
2352 0
4159 3
5137 2
5098 3
4733 0
4660 1
3591 2
3717 2
3861 2
4159 0
3132 0
3118 1
3917 2
3619 0
3263 0
3900 1
4557 1
3702 1
1873 0
1682 1
1565 1
907 2
1471 0
1433 0
995 0
318 0
609 0
436 0
68 0
262 0
442 0
5 0
31 0
73 0
14 0
75 0
2 0
1 0
0 0
11 2
12 0
27 0
24 0
15 0
15 0
179 0
473 0
745 0
1150 0
1225 0
1486 0
1680 0
1197 0
848 0
1083 0
1311 0
1443 0
1213 0
932 0
1221 0
1131 1
1281 0
1407 1
2637 0
3397 0
4167 0
4803 0
5132 0
4981 2
4511 2
3926 1
3359 2
2572 2
1885 2
1515 2
3311 0
4792 1
5347 2
5330 2
4819 2
4295 3
3890 3
3930 3
3787 4
3332 2
2417 0
1704 0
2268 0
2361 0
1543 1
1621 2
1652 0
1328 2
1020 2
1086 1
1102 1
1215 2
1435 1
1811 4
1825 0
1461 0
817 0
828 2
1401 4
1475 2
1358 1
829 0
742 0
1093 1
1685 2
1871 2
2001 0
2605 0
2961 4
2985 5
2712 1
2177 3
1811 4
2108 1
2065 1
2506 5
2174 3
1703 2
1170 0
790 1
950 2
1152 0
1212 0
1062 9
732 0
342 1
220 0
491 0
501 0
528 0
676 0
898 0
1071 0
1021 0
1154 0
1111 1
898 1
1557 2
1620 4
1821 2
2051 1
2272 7
2422 3
2149 2
1969 2
1946 1
1842 1
1840 2
1907 3
1697 1
1484 2
1307 2
1128 2
802 0
293 1
955 3
1699 1
2561 2
3295 3
4010 2
4930 2
4240 2
3205 2
3530 0
3701 0
3154 0
2204 0
1765 3
1316 0
626 0
1358 0
2088 0
2810 0
2913 2
2877 0
2933 3
2244 2
1145 0
1560 2
1782 5
1550 5
1216 0
1362 4
1481 2
1759 1
1716 0
1888 1
2009 2
1619 1
1427 3
2359 2
2681 0
2056 4
2375 2
3686 2
5936 2
6625 0
5363 2
3243 2
3407 1
3705 0
2762 2
2898 1
3623 2
4097 6
5131 9
5903 6
5154 6
2632 5
2535 1
2206 2
1770 3
2154 4
1855 4
1596 1
1056 0
1005 1
712 0
668 2
889 2
1318 0
488 0
69 0
497 0
614 0
183 0
127 0
109 0
42 0
10 0
62 0
5 0
8 0
0 0
0 0
0 0
2 0
28 0
0 0
4 0
0 28
0 13
25 3
83 3
368 0
876 4
1422 8
2348 4
3212 1
3926 3
4302 3
4787 0
4979 4
5493 1
5941 31
5990 13
5997 0
4933 0
3404 17
3992 11
4996 28
4757 0
3422 0
3934 2
5392 1
4988 0
4530 0
3738 2
3543 34
4719 0
5186 0
4613 0
3325 2
3992 0
4585 5
5097 1
5205 4
5562 3
5733 2
5212 0
3976 3
4061 0
5550 0
5881 1
4757 1
3543 0
2482 0
1983 2
3111 0
3058 3
3267 3
4158 1
4955 0
5634 0
5346 1
3727 10
3902 4
3682 3
1722 1
1185 0
1254 1
1429 0
1613 0
1442 0
803 0
606 1
455 0
244 0
322 0
679 11
886 14
788 0
450 91
103 0
161 0
229 3
166 11
64 0
124 11
70 0
53 0
84 3
7 0
0 0
0 0
0 0
0 0
0 1
27 2
4 9
61 1
35 0
1 0
0 0
1 0
35 1
18 31
6 7
1 0
100 244
321 34
330 0
262 1
263 16
375 3
568 0
500 0
711 3
838 0
1169 41
1375 317
1594 485
2334 14
2762 493
3323 0
3995 372
4593 1
4858 230
4614 0
3814 49
3194 0
2856 12
2947 0
3274 3
3477 0
3359 8
3099 11
2457 0
1765 1
2630 0
4002 0
4697 0
5256 0
4630 0
3031 0
3000 2
4473 7
4446 17
3989 32
3039 16
1925 27
3169 0
4143 0
4849 0
4691 0
4135 0
3523 7
3169 3
3859 3
3022 1
2226 0
2082 0
2008 0
1961 0
1705 0
1633 0
1328 0
234 0
757 0
737 0
292 0
102 0
81 1
96 0
211 1
216 4
199 0
416 0
409 0
133 0
171 2
113 1
88 9
243 3
200 14
95 22
12 0
0 0
0 0
0 12
1 294
1 475
0 0
1 485
6 0
23 338
1 0
0 188
0 0
2 98
18 1
18 0
0 0
9 0
0 0
5 0
3 0
2 0
2 0
0 0
0 0
0 0
10 0
1 0
24 0
30 0
13 1
7 0
5 0
30 0
6 0
4 1
11 0
8 1
15 0
16 0
28 0
325 0
599 0
703 1
299 0
61 0
86 2
253 0
222 0
140 0
56 0
34 0
47 0
20 0
16 0
16 0
0 0
2 0
0 0
0 0
0 0
0 0
0 0
0 0
0 0
0 0
0 0
0 0
0 0
2 0
14 0
0 0
13 0
0 0
0 0
0 0
0 0
13 0
57 0
326 0
599 0
969 0
1001 0
506 0
39 0
102 0
201 0
177 0
137 0
65 0
0 0
0 0
0 0
25 0
13 0
8 0
1 0
0 0
0 0
1 0
1 0
0 0
0 0
0 0
0 0
0 0
13 0
76 0
28 0
0 0
48 0
229 0
433 0
283 0
192 0
17 0
0 0
26 0
16 0
0 0
0 0
46 0
13 0
10 0
6 0
28 0
35 0
21 0
8 0
9 0
3 0
44 0
45 0
46 0
64 0
69 0
46 0
85 0
178 0
238 0
283 0
298 0
189 0
103 0
51 0
140 0
212 0
311 0
325 0
625 0
959 1
968 1
370 2
229 0
447 0
231 3
148 0
25 0
6 0
0 0
0 0
0 0
0 0
1 0
13 0
0 0
8 0
0 0
15 0
87 0
86 0
76 0
110 0
107 0
39 0
17 0
0 0
3 0
71 0
78 0
21 0
1 0
1 0
20 0
188 4
404 2
313 1
183 1
328 1
48 0
22 0
23 0
145 0
79 0
28 0
78 0
32 0
12 0
55 0
50 0
0 0
12 0
51 0
96 0
24 0
0 0
0 0
0 0
18 0
13 0
21 1
57 0
15 0
17 0
8 0
27 0
128 0
59 0
79 0
286 0
218 0
35 0
48 0
148 0
112 0
197 0
385 0
590 0
966 2
1098 0
963 0
1062 0
1454 0
1707 0
1386 0
1326 0
1129 0
1411 0
1781 0
1767 0
1326 1
1465 2
1546 2
1298 0
992 2
474 1
512 0
494 0
180 0
9 0
48 0
2 0
0 0
1 0
15 0
0 0
0 0
0 0
1 0
0 0
56 0
0 0
12 0
61 0
26 0
5 1
59 1
108 0
232 0
197 0
69 1
155 0
138 0
35 0
72 0
134 0
25 0
14 0
23 0
5 0
124 0
115 0
27 0
22 0
7 0
0 0
192 0
325 0
183 0
177 1
39 0
29 0
0 0
0 0
0 0
0 0
0 0
0 0
0 0
6 0
0 0
0 0
0 0
3 0
0 0
0 0
120 0
309 0
561 0
683 0
629 0
289 0
581 0
546 0
279 0
126 0
109 0
82 0
50 0
4 6
33 0
92 0
31 0
34 0
129 0
172 0
226 0
204 2
235 0
157 2
200 2
365 0
392 0
194 0
155 0
103 0
70 0
77 0
60 0
31 0
2 0
14 0
3 0
0 0
19 1
18 0
26 0
0 0
36 0
0 0
3 0
0 0
0 0
0 0
0 0
0 0
0 0
0 0
0 0
0 0
0 0
0 0
0 0
0 0
0 0
0 0
0 0
0 0
0 0
0 0
0 0
0 0
0 0
0 0
0 0
0 0
0 0
0 0
0 0
0 0
0 0
6 0
0 0
0 0
0 0
0 0
0 0
0 0
0 0
81 0
213 0
478 0
579 0
349 0
56 0
177 0
669 0
1137 0
1488 0
1627 2
1933 1
2256 0
2790 0
3299 1
3596 1
3761 0
3815 0
4243 1
4647 1
4694 13
4388 0
4679 0
3837 0
3643 4
4585 4
4060 4
2245 0
4353 1
5326 1
4326 2
2823 3
4128 3
5677 1
5877 3
5458 2
4903 2
3938 1
2615 4
2646 1
2883 2
1675 4
1747 9
1427 12
1549 11
2480 3
2166 3
1434 3
2303 7
2176 2
1821 2
2001 11
3173 7
3905 0
4921 1
5574 0
5622 4
4990 4
4149 3
3556 4
2926 4
2964 3
2600 1
1654 0
1710 0
2394 2
2512 0
2279 0
1511 0
1037 0
426 0
430 0
678 0
1081 0
1054 0
935 0
610 0
612 0
674 0
827 0
691 0
568 0
609 0
338 0
205 0
619 0
724 0
628 0
502 1
354 0
280 0
108 0
6 0
1 0
38 0
46 5
189 0
305 1
472 0
213 22
83 1
36 0
64 0
56 1
79 2
14 0
76 0
13 0
0 0
4 0
14 0
15 0
68 0
190 0
264 0
319 0
223 0
101 0
111 0
53 0
81 0
19 0
24 0
40 0
6 0
36 0
0 0
19 0
0 0
0 0
2 0
10 0
5 0
3 0
0 0
0 0
0 0
0 0
0 0
2 0
11 0
324 0
763 0
1624 0
2405 0
2754 0
2770 0
2396 0
2454 2
3438 0
4105 0
3403 0
3583 0
3731 0
3437 0
2916 0
2272 0
2460 0
1866 0
1163 0
633 0
342 0
415 0
462 0
394 0
205 0
115 0
39 0
53 0
103 0
244 0
265 0
261 0
424 0
400 0
439 0
340 0
144 0
74 0
33 1
93 0
18 0
130 0
157 0
162 0
99 0
110 0
105 0
32 0
158 0
10 0
22 0
8 0
0 0
0 0
10 0
3 0
0 0
0 0
29 0
32 25
2 0
0 33
0 2
0 10
0 134
6 123
1 0
0 0
2 0
32 10
11 11
0 53
0 17
0 0
0 31
0 58
36 2
2 0
8 0
3 8
0 6
0 9
0 12
0 0
10 0
0 0
3 0
82 0
113 0
26 0
27 0
46 1
117 0
100 0
5 0
0 0
0 0
3 0
46 2
50 1
38 0
22 37
36 3
67 5
25 3
20 0
55 0
27 68
14 106
150 176
139 84
3 31
41 5
61 64
81 237
43 420
0 256
0 366
0 216
6 6
0 13
0 287
0 425
0 108
0 3
0 11
0 179
0 254
0 197
12 54
0 16
0 3
2 181
0 320
0 280
0 24
0 28
0 0
2 1
3 0
18 0
0 0
0 0
0 0
0 0
0 0
0 0
0 12
0 34
0 29
0 0
0 0
0 55
0 142
0 11
0 0
0 6
0 3
0 25
0 6
0 0
0 0
0 0
0 0
0 9
0 0
0 0
0 0
0 11
0 46
0 99
0 18
0 42
0 304
0 237
0 152
0 57
0 2
0 0
0 0
0 0
0 0
0 0
0 0
0 2
0 0
0 0
16 1
0 0
0 0
0 0
2 0
0 0
35 0
17 0
0 2
4 0
10 0
0 0
0 0
0 0
0 0
0 0
0 0
0 0
0 0
0 0
0 0
0 0
0 0
0 0
0 0
0 12
2 120
0 405
2 1319
3 2257
2 2715
0 1625
36 1225
2 1223
1 841
0 650
0 1460
0 1698
0 1549
4 175
13 55
1 340
1 45
1 1
16 56
6 79
7 44
31 157
0 0
0 52
0 882
1 1246
0 1346
0 1531
0 634
0 1216
0 904
0 149
0 702
0 820
0 260
0 305
0 877
0 1484
1 1626
0 844
0 633
1 787
0 623
0 439
3 645
0 787
0 556
0 211
0 475
2 553
0 609
1 1112
3 1114
2 824
0 997
1 1096
2 264
0 834
1 1002
8 996
2 904
0 485
111 1075
575 932
521 920
312 984
268 534
137 252
8 233
13 282
14 448
17 591
3 205
99 139
140 230
133 262
375 569
875 546
1351 112
1742 562
2102 413
1883 257
1514 340
964 370
1397 718
1673 116
1823 735
1343 414
524 307
734 61
612 298
201 233
314 41
233 5
8 193
11 84
68 92
18 86
10 166
228 199
340 244
225 145
148 63
71 124
183 374
72 236
3 18
22 256
23 949
0 1902
19 3104
9 3555
0 4442
6 4154
3 4037
3 3158
5 1897
0 2577
0 2925
0 2948
0 2276
1 1653
0 1282
14 1469
0 1702
114 2019
265 1927
437 1807
343 1666
195 1455
170 704
12 831
88 1020
287 685
78 486
75 396
84 323
99 683
97 1285
29 1260
6 1101
65 1264
62 1255
67 1153
51 1375
1 1253
1 1138
1 1343
1 1703
1 1623
1 1485
1 1131
1 1060
3 1425
1 1505
1 1328
0 669
0 597
0 512
0 258
0 97
0 256
0 256
0 186
0 84
0 273
2 1291
5 2126
4 2443
2 1810
1 981
0 189
0 854
0 630
1 900
1 940
0 744
1 1021
0 853
0 1540
0 991
0 54
0 326
0 758
0 856
0 643
0 395
0 75
0 10
0 146
0 364
0 77
0 211
0 15
0 153
1 244
1 874
1 642
0 71
4 992
6 1252
2 349
36 1109
1 777
36 436
73 969
66 446
108 842
78 706
46 565
44 722
60 8
238 510
488 27
628 171
626 173
443 13
504 16
734 0
1391 21
1662 86
1538 101
970 61
649 47
1364 57
1402 34
1116 3
1216 58
1221 424
1289 1008
1500 1100
2133 283
2363 1165
2646 1574
2546 784
2922 1026
2911 924
2751 625
2322 1082
993 731
1024 589
1570 549
1470 112
1513 521
1650 208
1797 431
1921 84
1917 20
1993 4
2054 67
2209 117
2469 83
2678 102
3183 66
2355 44
1212 2
389 1
196 1
287 43
198 89
20 121
168 88
431 92
503 37
111 7
31 5
169 21
0 51
1 54
185 37
119 30
25 8
0 0
11 0
0 0
21 4
90 0
139 0
167 1
97 0
51 0
0 0
17 0
118 0
93 0
65 0
45 0
2 0
0 0
0 0
0 0
0 0
0 0
0 0
0 0
0 0
2 0
0 0
0 0
0 0
0 0
14 0
30 0
4 0
0 0
0 0
0 0
7 0
37 0
68 0
89 0
56 0
24 0
0 0
0 0
11 0
10 0
10 0
27 0
31 0
35 0
96 1
122 0
105 0
33 0
81 0
129 0
113 0
94 0
102 0
53 0
24 0
19 0
29 0
64 0
48 0
67 0
66 0
43 0
16 0
12 0
3 0
0 0
0 0
17 0
34 0
5 0
0 0
0 0
0 0
0 0
0 0
0 0
0 0
0 0
0 0
0 0
0 0
0 0
0 0
0 0
0 0
0 0
0 0
0 0
0 0
0 0
0 0
0 0
0 0
0 0
0 1
0 0
0 0
0 0
0 0
130 0
986 0
1531 1
1758 0
1985 0
2247 0
2672 0
3034 0
3048 0
3476 0
3965 0
4145 0
4240 0
4090 2
3763 1
3347 0
2921 0
2284 0
1585 0
1187 0
876 1
549 0
491 0
299 0
281 0
379 0
525 0
968 0
1286 0
1392 0
2002 0
2038 0
1310 2
1845 2
2169 2
2246 0
2036 0
1879 0
1752 0
1779 2
1933 0
1926 0
1426 0
1475 0
1748 0
1250 1
1464 0
2173 0
2590 0
3148 3
3128 1
3100 0
2138 0
3870 0
4447 0
4590 0
4511 1
4541 1
4440 1
4379 1
4371 1
4031 2
3423 0
3158 4
3152 7
2915 11
3322 8
4502 4
5206 2
5632 4
4742 6
3800 6
3598 8
3764 1
3369 0
2559 0
1932 0
2162 0
2388 1
2277 0
1984 0
1898 0
2012 0
1789 1
1106 2
451 0
1043 0
1098 0
1374 0
1301 0
768 0
1274 0
2161 0
2605 0
2734 2
2511 1
2270 0
2309 0
3060 0
3957 0
4366 4
4201 3
3980 0
3587 3
2537 2
2770 2
3269 1
3654 2
4358 5
4191 3
3612 4
2871 3
2427 4
1771 2
1915 3
2100 2
1081 0
555 2
1491 2
3199 5
4727 4
5623 7
5831 7
5743 5
5128 7
4079 6
3152 3
2878 0
2468 1
2289 0
2341 0
1141 0
1183 3
1037 1
152 0
183 0
282 2
122 0
84 0
438 0
380 0
44 0
30 0
57 0
111 0
80 2
0 0
0 0
0 0
9 1
0 2
0 149
0 119
0 1
1 474
5 573
8 66
1 577
0 0
8 395
9 13
0 315
2 0
0 240
1 20
0 104
0 0
21 0
3 0
14 0
308 0
60 0
493 0
1419 0
2367 0
2991 9
3348 2
3473 3
3639 2
3635 0
3105 0
2669 4
2220 0
2167 1
2244 0
2348 0
2527 0
2561 0
2323 0
1928 1
1831 3
1593 0
1811 0
2094 0
2332 0
2739 1
3148 0
3666 0
4059 0
4392 0
4437 0
4106 13
3577 21
3106 23
3257 21
3553 21
3380 16
2823 7
2211 6
2187 0
3843 0
5183 0
6563 1
6727 2
5832 1
3672 3
1812 1
1494 3
1480 3
1334 2
1110 0
664 0
514 0
509 0
513 0
882 2
1725 2
2446 3
3734 1
4305 0
4557 0
4734 0
4348 0
3004 3
2566 0
2929 0
4747 0
5124 2
4746 2
4700 4
3755 3
2956 2
1901 1
1191 1
469 0
167 1
175 0
609 0
1095 1
1641 0
1943 1
2114 1
2093 0
1702 0
1249 2
1174 0
1232 0
1144 0
950 0
1326 0
1389 2
1188 0
896 0
810 0
1431 0
2116 0
2525 0
3054 0
3286 0
4114 0
5333 0
6174 2
6272 2
5041 4
3424 3
3327 0
3450 0
3666 0
4629 1
5071 0
5054 0
4680 0
3972 0
3526 0
3006 0
2138 0
2386 0
2662 0
2668 0
2014 0
1121 0
317 12
24 23
246 8
806 0
1157 2
1418 3
1911 9
1693 0
1267 0
702 68
720 88
1175 108
857 64
497 34
438 16
741 3
1014 12
790 0
694 2
485 9
203 29
2 31
7 16
14 37
32 11
86 0
56 0
158 0
231 0
252 0
225 0
173 0
178 1
380 0
357 0
485 0
681 0
689 0
685 0
442 0
184 0
77 0
91 0
318 0
380 0
362 0
260 0
20 0
53 0
1 0
0 0
0 0
60 0
21 0
81 0
130 0
62 0
80 0
76 0
24 0
1 0
49 0
199 0
33 0
4 0
66 0
68 0
0 0
0 0
0 0
0 0
0 0
0 0
0 0
0 0
0 0
0 0
10 0
42 0
3 0
0 0
19 0
5 0
7 0
0 0
0 0
9 0
0 0
56 0
56 0
0 0
35 0
43 0
45 0
0 0
0 0
0 0
0 0
0 0
0 0
0 0
0 0
0 0
0 0
0 1
0 0
0 0
4 0
0 0
21 0
80 0
41 0
26 0
108 0
227 0
601 0
1056 0
1657 0
2164 0
2460 0
2414 0
2504 0
2469 0
2603 0
2839 0
4018 1
5265 1
5797 1
5762 1
5504 0
5125 0
4921 0
4603 0
4322 0
4397 0
4435 0
4376 0
4632 1
4594 1
4617 1
4134 2
2430 2
3103 0
2421 0
2707 0
3498 0
4275 1
4820 0
5924 1
6690 0
7205 0
6218 0
5656 0
4461 0
2964 2
2142 1
2582 0
1740 0
3163 0
3746 0
3719 1
2851 0
1884 0
647 0
1826 0
2023 0
1730 0
1170 0
1722 0
1818 0
1680 0
1143 0
1177 0
1109 0
920 0
1439 0
1699 0
1860 2
2208 1
1674 0
846 0
574 2
826 3
1205 4
630 1
16 0
526 0
849 0
254 0
93 0
295 0
296 0
650 2
822 2
433 0
147 0
737 0
602 0
196 0
427 0
152 0
26 0
52 0
233 0
242 2
11 0
0 0
30 0
0 0
1 0
15 0
34 0
138 0
444 0
601 0
459 0
107 0
4 0
149 0
307 0
31 0
0 0
0 0
3 0
0 0
0 0
3 0
29 0
2 0
4 0
28 0
38 0
0 0
0 6
0 12
0 20
0 6
0 0
8 5
51 30
95 53
171 26
78 23
23 0
106 0
5 0
98 2
226 0
250 0
240 0
575 0
1197 0
1761 0
2504 0
2991 4
3574 2
3809 2
3932 1
3911 0
3554 2
3055 0
2731 0
2597 1
3115 2
3627 0
3333 2
3675 3
3915 3
3478 2
2533 1
2149 0
2784 4
3396 5
3003 3
2612 2
2087 4
1901 4
1950 2
2055 0
2352 2
2803 3
2883 2
1909 0
2289 5
3362 4
3490 4
2887 0
2272 2
2298 4
1950 4
1232 3
1258 0
1511 0
823 0
436 3
828 2
618 0
153 0
75 0
148 0
159 0
132 0
195 0
419 0
679 3
750 2
787 1
895 0
611 0
346 0
252 0
185 0
135 0
126 0
6 0
13 0
39 0
39 0
23 0
24 0
30 0
10 0
49 0
15 0
93 0
59 0
34 0
79 0
17 0
4 0
0 0
9 0
0 0
0 0
0 0
0 0
16 0
0 0
0 0
0 0
0 0
0 0
0 0
21 0
182 0
524 0
501 0
346 0
238 0
58 0
22 0
282 0
613 0
1005 0
1707 2
2281 0
2825 1
3355 1
4101 0
4618 0
5509 0
5625 3
5509 2
4432 1
3628 0
4932 0
3904 0
2657 0
3863 0
5670 0
5990 0
5751 0
4298 0
2023 0
4653 0
6668 0
7997 3
7799 6
5398 3
3385 0
2915 3
3923 2
3519 1
3170 2
3077 3
2396 3
1399 2
683 1
1119 0
757 0
406 0
558 0
382 1
134 0
56 0
97 0
81 1
109 0
77 0
132 0
98 0
134 0
194 0
255 0
185 2
189 0
423 0
501 0
114 0
9 0
10 0
89 0
60 0
87 1
25 0
222 2
154 0
93 0
58 0
1 1
11 0
59 0
77 0
62 0
0 0
10 0
105 0
190 0
156 0
32 0
21 0
65 0
13 0
6 0
104 1
143 0
181 0
182 0
157 0
100 0
86 0
282 0
337 0
373 0
417 0
290 0
333 0
313 0
164 0
51 0
333 0
600 0
861 0
1121 0
1329 0
1839 2
2293 2
2419 1
2781 0
2680 1
2551 0
2214 0
2019 0
2099 0
1623 1
1166 0
872 1
559 1
541 0
551 0
499 0
505 0
505 1
449 7
374 0
381 0
361 0
180 0
32 0
241 0
308 0
304 0
292 0
343 0
269 0
216 0
127 0
54 0
187 0
238 0
203 0
20 0
19 0
56 0
51 0
22 0
4 0
44 0
43 0
103 0
406 0
812 0
1264 0
1439 0
1711 0
1803 0
1879 2
2502 2
2801 1
2250 2
1418 3
1618 2
1220 2
1690 4
1487 0
1223 0
996 0
1097 1
994 0
946 0
798 0
630 0
553 2
344 3
423 1
607 12
950 27
1170 45
1071 67
747 138
924 237
1187 552
1113 628
506 767
708 732
916 831
781 1092
274 1210
503 1525
674 1407
485 1458
131 2378
520 2744
668 2992
747 2738
721 2972
462 2922
1125 2923
1489 3020
1655 3112
1623 2427
1381 2269
1042 2286
1545 2316
2074 2250
2236 2105
2080 1939
1292 1692
904 1495
2271 1281
2654 916
2398 757
1824 424
1254 238
1820 48
2492 3
2592 15
2248 4
1321 16
1044 11
1599 3
2245 22
2312 146
1804 101
1290 22
1682 75
1854 76
1594 21
658 29
637 3
965 0
608 38
398 5
582 47
672 42
554 52
291 57
354 69
151 29
212 39
430 14
448 12
565 0
492 0
159 13
186 0
278 14
175 47
109 3
384 18
146 6
209 5
329 22
227 66
759 332
333 585
531 914
78 1130
327 1389
476 1529
548 1662
493 1675
506 1819
190 2079
106 2271
317 2419
406 2670
295 2894
261 2884
363 2811
92 2430
294 2220
103 2012
140 1715
41 1203
169 1010
439 682
521 177
387 245
563 403
274 714
527 748
651 972
638 925
1176 764
1925 1432
2627 1583
3503 1809
4045 1880
4633 1315
4879 306
4178 429
3568 700
2670 751
2399 675
2877 899
3169 706
2745 291
1594 68
1066 14
1257 17
1483 24
1412 28
946 0
872 82
638 8
627 28
618 5
562 6
635 0
591 0
538 0
336 14
47 1
52 32
129 16
168 1
405 3
433 4
397 2
394 0
216 2
183 4
123 3
17 13
10 0
2 0
2 0
1 2
45 7
189 0
437 1
318 0
196 0
184 7
319 3
240 0
65 21
104 353
219 423
124 129
12 12
4 50
57 38
22 15
0 0
1 0
16 32
26 49
1 71
0 77
0 256
0 36
0 15
0 0
0 0
0 0
0 0
0 0
0 0
0 9
0 3
0 9
0 7
0 4
0 0
0 56
2 603
14 1025
3 401
2 758
12 501
0 323
1 534
0 51
3 442
0 0
1 285
0 0
6 36
0 0
0 0
1 0
1 25
0 0
0 0
146 6
242 22
265 0
308 0
237 0
355 0
361 0
355 0
558 0
666 0
384 0
295 0
263 0
327 1
325 0
487 0
929 0
1333 0
1703 0
1626 0
1278 0
887 0
683 0
574 0
724 0
638 0
883 0
1226 0
1296 0
1152 0
969 0
527 0
297 0
261 0
399 0
593 0
581 0
271 0
25 0
23 0
47 0
42 0
89 0
202 0
256 0
456 0
453 0
488 0
639 0
568 0
360 0
253 4
177 21
203 30
138 23
200 11
331 15
195 0
128 0
102 0
117 0
101 2
142 40
284 585
262 1370
192 1879
152 2471
245 2923
402 3088
436 3715
377 4026
387 4327
358 3566
315 2996
218 1703
62 1192
7 788
6 532
7 531
82 319
65 259
47 166
92 349
28 326
7 330
27 163
90 5
193 143
491 322
734 318
916 392
1679 437
2278 737
2608 1604
2966 1968
3444 2039
4023 2132
4587 1820
5281 1588
6186 958
6747 1263
7354 1413
7717 1867
7623 1987
6519 1970
5342 1793
4280 1930
3315 1364
2440 2043
1875 1889
1536 1951
1356 2256
1343 2634
1340 2015
1384 2008
1446 2615
1415 2140
1325 1262
1094 2002
833 2517
644 2828
633 2394
515 2025
371 2303
283 2455
248 2946
203 2606
184 2014
142 1959
103 2274
1 1821
92 1202
167 974
295 731
346 234
492 549
689 363
893 372
1100 725
1517 920
2136 584
2760 547
3038 633
3016 1238
2802 1366
2704 1944
3273 1976
3552 1523
3619 1730
3670 1525
3274 1457
2914 1212
2219 1304
2282 1622
2054 1211
2235 1027
2738 866
3816 1071
4713 1346
5553 1099
6243 1421
6672 1609
6280 1042
5730 1198
4760 986
4810 1097
4804 1675
2997 1251
1642 1538
1721 1741
1186 1298
1186 651
1169 664
1100 893
160 1372
85 1039
254 1307
138 2023
52 2441
258 2685
59 3532
33 3930
112 3650
6 3184
26 2495
153 2460
80 2277
16 2358
9 2358
28 2520
13 2455
16 2375
9 2186
1 1900
4 1582
10 1689
30 1373
24 872
5 637
0 514
4 869
0 991
0 1035
77 1197
90 1240
174 953
144 1512
85 1431
23 1515
8 1260
7 613
8 603
28 552
33 401
22 198
3 155
0 305
7 215
1 279
0 285
0 1161
7 1634
4 1272
3 759
6 1145
4 1040
0 424
8 371
11 67
38 457
45 435
15 265
15 183
42 187
16 372
8 742
1 628
2 1056
24 1425
117 1821
115 1288
41 508
47 1210
55 1058
14 471
12 644
10 1004
12 982
52 1069
4 1060
1 863
3 1092
0 1083
4 1047
39 1189
19 607
2 391
0 692
0 496
1 812
0 128
8 85
1 150
9 2
14 4
7 48
7 5
9 67
1 6
0 10
0 0
0 21
0 0
0 0
0 0
7 0
30 0
28 0
11 0
42 0
4 0
0 0
34 0
14 0
16 0
65 0
91 0
29 0
16 1
0 18
0 2
0 23
5 4
37 4
23 1
9 0
0 0
0 0
0 0
1 0
30 0
0 0
3 1
5 0
4 0
53 33
83 63
38 97
41 60
95 56
15 4
3 2
13 0
7 0
0 2
0 6
3 31
3 15
15 22
0 36
0 0
12 0
73 0
124 0
57 0
15 2
29 0
0 34
8 0
9 0
35 0
34 0
29 2
11 0
14 0
33 0
35 0
23 0
97 0
177 0
142 0
15 0
31 0
88 0
189 0
155 0
80 0
81 0
125 0
107 0
49 0
43 0
0 0
28 2
2 160
2 205
40 104
39 345
73 227
46 106
71 22
19 60
1 240
2 219
11 316
9 601
42 628
31 256
63 250
58 296
22 566
0 747
2 910
0 355
0 361
3 259
2 508
4 691
2 665
4 427
1 151
3 530
5 643
15 681
40 532
47 241
13 240
4 415
64 761
52 621
3 239
3 391
30 442
0 397
23 257
13 107
0 123
0 166
1 158
0 60
4 45
0 16
0 0
0 0
0 0
0 0
0 0
0 0
0 6
1 0
0 0
0 0
5 0
70 0
25 0
1 0
3 0
9 9
16 29
0 8
24 12
8 0
5 0
18 17
0 18
18 30
0 1
0 0
0 61
0 34
0 6
0 6
27 17
0 0
16 0
0 0
0 15
0 9
6 12
30 0
57 0
19 7
55 41
2 190
0 152
0 83
3 47
30 14
16 1
4 35
15 19
29 28
0 10
0 7
6 8
0 18
0 3
0 13
3 36
1 92
3 126
0 104
0 102
4 0
0 0
0 0
0 0
6 0
12 14
0 72
0 25
0 0
0 0
21 0
0 0
0 0
7 0
8 0
8 0
24 0
29 0
18 11
0 77
0 64
31 19
53 0
10 0
0 8
0 35
33 39
22 6
0 0
0 0
0 0
0 0
0 0
0 0
0 0
0 0
0 0
5 0
0 0
0 0
0 0
14 0
9 0
1 0
2 0
0 0
0 0
0 0
0 1
0 0
0 0
0 0
0 0
0 0
0 0
0 17
0 233
0 476
0 620
3 930
11 1382
1 1129
13 1017
115 828
77 568
50 413
0 477
43 496
19 481
0 279
0 64
0 84
0 129
0 302
0 626
0 808
10 605
1 183
9 61
1 168
51 333
21 126
0 46
0 59
0 51
0 0
0 0
0 62
1 146
0 61
0 55
1 108
0 54
0 44
0 36
0 43
0 36
0 30
0 3
0 5
0 6
0 133
0 165
0 199
0 157
0 12
24 0
0 46
0 6
0 12
0 4
0 31
35 0
12 16
7 0
0 0
0 0
0 2
0 0
0 0
0 0
0 0
0 0
0 0
0 0
0 0
0 0
0 0
0 0
0 0
0 0
0 0
17 0
62 0
69 0
45 1
48 1
22 0
0 0
31 0
71 0
19 0
0 0
29 0
32 0
10 0
0 0
0 0
0 0
0 0
0 0
0 0
0 0
0 1
0 0
11 1
0 0
0 0
1 0
6 0
0 0
0 0
0 0
3 0
1 0
0 0
1 0
0 0
0 0
0 0
46 0
43 0
24 0
5 0
34 0
5 0
9 0
0 0
0 0
0 0
0 0
0 0
0 0
0 0
0 0
0 0
0 0
3 0
0 0
12 0
0 0
0 0
77 0
13 0
0 0
0 0
19 0
389 0
621 0
862 0
854 0
931 0
1169 0
1276 0
1630 0
2133 0
2840 0
3634 0
3992 1
4223 0
4490 0
4136 0
3924 0
3610 0
3373 0
3185 0
2554 2
1100 1
2763 0
