"pat" "th"
1 7
0 4
0 24
3 76
0 36
35 21
4 20
3 50
6 0
0 35
0 79
0 7
0 51
0 8
0 8
2 23
2 8
2 33
0 6
0 17
0 0
0 13
0 0
3 71
0 23
3 44
0 57
0 0
2 32
1 50
3 68
2 51
1 7
0 0
19 26
9 0
1 2
1 3
6 11
0 0
0 0
0 0
0 1
0 18
0 25
0 0
0 0
0 24
0 1
0 0
0 0
0 0
0 0
0 0
0 0
0 0
0 0
0 3
0 10
3 10
0 5
0 8
0 56
1 22
0 16
3 29
4 48
11 28
31 65
0 16
0 73
2 98
0 228
6 263
2 251
2 190
0 100
1 43
0 29
0 32
0 30
0 30
0 0
0 4
2 7
0 10
0 6
2 11
0 8
10 116
18 283
20 282
34 178
18 118
23 122
4 69
2 114
10 61
2 12
0 109
6 170
4 62
0 7
6 21
3 19
0 9
1 13
0 8
0 16
0 0
0 0
0 28
0 30
0 47
0 63
0 84
0 189
0 187
0 227
1 163
3 215
0 195
0 220
1 208
0 179
1 172
0 119
0 71
1 105
0 56
3 107
28 59
0 58
24 28
84 11
252 31
354 3
377 8
385 79
426 50
561 9
756 0
1020 2
1309 6
1783 0
2153 6
2419 3
2710 4
2985 7
3216 11
3620 13
3529 19
3522 7
2870 3
2350 0
2285 0
2657 9
3021 0
3788 7
3487 9
3011 9
3109 3
2719 4
2731 0
2320 0
2298 0
2206 16
2368 7
2844 21
3444 82
3557 142
3800 267
4282 332
4366 513
4411 394
4263 334
3094 213
2422 278
1754 397
1251 445
1073 577
1084 840
962 1110
853 1389
1003 1266
1280 1006
1601 984
1771 1082
1672 1259
1162 1253
810 938
453 608
248 518
212 225
211 97
263 190
188 168
291 74
254 23
285 181
289 161
145 60
92 79
65 60
35 42
43 234
35 94
55 145
20 140
0 114
8 10
15 17
27 53
65 38
18 71
0 0
0 19
6 51
13 80
6 37
5 91
9 145
7 207
7 273
7 318
10 316
7 163
4 211
0 187
20 81
2 86
2 104
4 171
4 147
5 204
5 225
2 151
5 203
2 144
5 126
1 79
0 93
0 76
3 71
0 65
0 40
6 66
1 21
0 9
0 1
10 16
0 0
0 36
0 150
2 559
5 787
3 1088
31 1125
18 1320
9 1170
6 1104
25 1006
13 1055
11 754
5 612
10 1096
1 1282
1 1052
0 1013
4 1438
2 1478
7 1245
7 935
5 402
5 549
4 259
1 117
4 186
3 131
0 69
2 160
26 264
7 499
8 611
10 536
13 508
16 737
10 738
5 574
9 504
9 396
6 215
9 62
0 2
0 6
29 79
10 439
11 1073
12 1472
9 1054
6 1202
1 524
3 668
4 648
3 748
4 769
4 703
4 686
0 537
2 386
6 543
2 565
1 984
3 1078
2 1208
5 408
1 414
6 327
4 219
7 204
1 53
3 111
4 147
3 71
0 0
1 66
0 51
1 55
1 67
76 147
88 169
41 142
152 142
126 167
127 30
143 0
69 5
148 3
49 0
45 8
46 5
15 5
14 3
2 3
0 0
0 0
0 0
0 8
0 0
0 0
6 2
0 0
0 17
0 4
0 0
6 0
11 0
36 0
3 0
0 0
0 0
20 0
31 3
43 0
14 2
3 0
0 0
6 0
5 0
13 0
6 0
0 0
8 7
0 3
0 0
1 1
0 0
0 0
4 0
0 0
0 0
0 0
0 0
0 15
0 9
0 1
0 42
0 61
0 42
0 11
3 11
0 3
3 53
0 55
0 18
0 3
0 5
0 0
0 8
0 9
0 25
0 0
4 3
11 2
2 1
5 0
15 0
12 2
22 0
4 0
0 0
17 0
5 0
9 0
11 0
3 17
0 10
4 15
11 39
4 85
1 58
4 42
0 20
6 10
2 13
3 0
0 0
0 0
0 0
9 0
0 0
62 0
23 0
11 4
10 0
0 0
0 0
31 0
5 0
16 0
31 0
13 0
2 0
0 0
12 0
13 0
15 0
25 0
31 0
8 0
33 1
1 0
0 0
0 0
0 0
0 0
0 0
0 0
0 0
1 0
0 0
0 0
0 0
13 0
0 0
0 0
0 0
0 0
0 0
34 0
3 0
0 0
1 0
4 0
0 0
1 0
0 0
7 0
0 0
0 0
52 0
117 0
199 0
307 0
189 0
198 0
358 0
594 0
719 1
550 0
535 0
811 0
1112 0
1299 0
1504 0
1402 0
1265 0
869 0
667 0
626 0
675 0
507 0
391 0
369 0
47 0
10 2
64 0
10 0
39 0
51 0
131 0
169 0
78 0
77 0
193 121
282 656
482 1142
673 1648
936 1783
1061 2407
1041 2536
1054 2752
1066 3010
853 3348
679 3269
556 2942
361 2462
291 2124
227 1711
144 1462
118 1861
202 1809
283 1801
256 2176
287 2578
224 3521
127 3355
45 3394
25 3208
21 3254
46 3767
27 3196
33 3231
89 3278
68 2589
24 2292
24 2044
24 1767
180 1456
374 1512
552 1905
640 2158
689 2871
680 3488
763 4024
893 4796
1085 5180
1159 5803
1274 6066
1271 6942
1122 7161
985 6797
567 6760
386 6595
435 6912
396 6737
289 6117
244 5419
315 4990
234 5332
342 5209
632 5094
761 4645
928 4767
1070 5203
1011 6300
684 6367
711 6440
908 7451
1206 8371
1525 8906
1775 9886
1869 10400
1719 10151
1651 10797
1325 10335
954 9925
353 9340
190 8926
109 8536
146 8446
262 7872
179 6349
138 5071
120 3920
133 3542
173 3567
78 3528
40 3659
45 3207
66 3298
10 2596
47 2720
53 2297
57 2523
96 2497
46 2262
61 2518
90 2860
61 3706
55 3984
68 3952
55 3178
45 3006
56 3334
64 3076
78 3212
55 2521
38 2442
118 1511
90 1582
62 2246
37 2287
20 1922
12 2049
21 1970
24 1439
19 1306
17 1299
10 817
19 1547
16 1588
12 1896
17 1847
19 1874
16 1995
12 1699
12 1025
5 479
5 558
21 1236
28 1583
113 1140
118 1263
140 1134
74 1245
22 1323
48 1326
66 1295
27 1109
15 777
6 640
24 1028
27 1338
11 1352
5 1171
9 1779
31 2177
28 2364
24 2593
25 3247
38 3659
44 3304
43 2594
70 2056
23 1909
6 1657
9 1287
51 1151
74 1085
8 1098
7 984
9 845
27 505
7 330
17 441
12 428
88 570
77 544
20 456
5 320
5 191
4 276
7 413
15 539
36 543
35 706
0 822
1 792
4 998
0 1048
4 1325
9 1399
26 1358
46 1296
3 1051
27 933
3 1117
2 1672
1 2007
0 1589
1 1527
3 1772
6 1366
7 1576
7 1568
12 1338
6 1282
0 827
6 254
42 283
17 401
11 403
2 500
9 542
8 560
3 576
2 815
2 878
4 708
2 476
3 518
2 604
6 770
5 851
6 1056
5 901
2 674
12 389
22 471
1 365
8 490
4 470
0 384
2 153
0 306
0 169
0 544
6 414
2 312
3 222
7 424
12 953
2 902
3 323
4 416
4 643
2 605
0 228
0 289
2 365
0 158
0 197
0 92
0 18
2 22
28 88
0 38
13 7
0 11
2 106
0 120
0 10
0 94
0 34
0 134
0 29
0 56
0 152
0 59
0 31
0 66
0 22
0 70
0 639
4 1403
9 1513
20 2385
13 2058
10 1238
9 1274
25 1968
16 2137
2 1434
0 1213
0 990
8 1505
10 1852
12 2057
11 1989
7 1683
4 1316
0 917
3 715
1 401
5 253
0 303
2 523
1 312
0 182
13 337
0 409
0 359
2 79
0 273
9 312
34 208
0 29
17 27
1 20
0 56
0 187
0 196
0 143
0 502
0 687
0 405
0 458
0 582
0 667
2 441
0 527
3 438
5 445
3 354
7 197
1 83
0 84
0 61
1 70
3 49
0 14
0 8
27 0
0 6
2 41
0 8
0 0
0 0
0 41
0 135
0 21
0 0
0 22
0 6
0 0
0 0
0 0
0 0
0 1
0 8
0 0
0 0
0 0
0 0
0 3
1 97
1 178
1 404
0 567
4 573
9 904
12 1551
15 1995
14 1737
11 1217
6 784
0 611
0 790
2 885
2 871
32 784
8 690
6 355
4 226
1 273
3 289
4 433
3 693
1 847
6 914
13 970
6 889
2 691
8 633
3 514
10 524
5 466
8 336
6 437
6 339
0 234
7 102
24 212
2 411
9 319
0 177
0 2
4 4
0 46
1 192
0 108
1 362
1 503
2 855
0 559
0 286
8 328
6 569
7 632
7 539
0 229
0 51
0 10
0 25
0 15
0 0
0 3
0 21
0 36
11 62
0 20
0 24
8 0
18 0
14 10
0 0
2 0
0 0
0 0
0 3
0 9
0 19
0 0
0 7
0 27
0 1
0 35
16 14
25 0
0 6
42 11
5 43
0 108
0 196
0 325
7 396
0 512
12 600
38 752
23 1156
6 1250
40 1503
154 1525
409 1536
913 1599
1257 1874
1660 1768
2029 1393
2300 1092
2254 752
2081 610
2001 426
2162 145
2343 70
2359 40
2154 50
1676 63
1580 127
1470 335
1512 495
1934 627
1981 917
1030 890
1570 901
2101 1025
1907 754
1609 732
1213 492
627 261
412 76
614 23
716 14
750 0
799 8
757 4
762 27
684 35
368 12
644 27
765 5
1352 6
1558 12
1754 12
1661 19
1215 5
500 7
562 14
625 11
613 21
868 18
679 6
515 21
422 21
474 4
461 0
333 6
316 2
268 0
569 20
739 16
705 10
694 14
795 19
568 16
449 17
490 21
231 17
93 24
35 43
269 143
222 754
164 1248
172 1253
203 1134
333 1043
436 920
542 1036
674 975
556 626
427 632
903 553
1026 702
1075 708
1209 759
1084 729
963 755
909 704
813 747
588 609
440 582
357 391
201 116
241 310
464 282
505 79
592 66
671 40
710 84
1055 58
1462 28
1669 1
1835 33
1727 91
797 62
1017 97
1123 53
1013 53
730 80
550 141
331 36
18 14
65 23
84 78
27 10
235 4
421 29
445 0
275 0
229 17
565 2
252 5
141 22
644 36
398 34
149 30
348 0
1209 7
1401 4
598 0
190 1
743 0
1092 0
1121 0
981 0
1035 5
1098 6
1013 17
1010 13
1156 5
977 17
858 27
714 16
640 7
746 62
885 72
877 56
901 24
762 24
531 119
971 303
911 497
687 985
544 1290
156 1304
1 1351
3 903
25 772
64 867
56 703
10 365
0 349
4 573
0 610
0 789
4 1054
5 1103
7 1162
6 1173
7 1203
8 1280
3 1265
18 1042
2 897
0 670
1 366
3 426
7 539
0 528
0 708
0 851
0 850
0 809
0 795
0 693
7 649
0 718
0 1145
0 1536
0 1762
5 1795
0 1848
0 1725
4 1966
4 2342
3 1945
0 1554
3 1903
2 2273
2 2228
10 2458
7 2212
5 2146
2 2269
6 2190
5 1836
30 1527
1 1485
5 2618
0 3179
7 3562
6 3114
10 2621
14 2122
9 1102
22 1759
2 1892
13 1880
19 1706
4 1277
1 1482
3 2280
0 2104
4 2003
6 2362
29 2006
25 1471
40 986
26 872
51 1394
50 1598
35 1994
44 2332
39 2106
27 1298
34 1489
26 1301
24 1791
21 1736
17 1704
3 1787
4 1941
1 2015
3 2060
0 1996
1 2219
1 2443
4 2079
2 1498
2 1129
0 1116
3 967
2 1183
6 1013
5 830
8 894
1 890
2 739
9 656
0 597
7 694
13 401
4 533
12 777
8 1098
11 1148
4 1110
5 1404
14 1582
10 1564
8 1683
13 1803
14 1946
11 2073
12 2292
16 2434
14 2315
14 2332
15 2469
18 2575
14 2466
14 2679
16 2587
31 2346
11 2268
8 1897
5 1663
1 1460
2 1307
0 1007
0 1021
0 1242
7 1262
5 1171
4 938
3 420
0 178
0 340
0 372
0 351
4 312
1 322
0 408
0 312
0 474
0 522
0 596
4 734
15 779
10 561
0 600
0 608
0 842
0 915
0 952
0 1005
0 967
0 1005
0 1165
0 1500
0 1581
5 1993
2 2137
1 1302
0 1132
0 1512
0 1187
0 1258
0 1621
0 1583
0 1325
0 1037
0 1210
0 1442
1 1326
0 1080
0 1112
0 1341
0 1189
0 981
0 848
2 987
1 838
0 538
0 674
0 671
0 630
0 606
0 431
1 26
0 134
0 95
0 234
0 223
0 249
4 594
7 544
2 398
2 220
23 72
11 79
4 109
4 136
6 55
0 166
0 135
0 99
0 74
0 167
0 246
2 142
0 160
0 132
0 179
0 334
0 397
0 425
3 580
0 473
0 445
0 599
2 582
0 272
0 179
0 88
1 287
3 421
3 444
0 354
0 262
1 304
0 423
7 368
0 426
5 478
16 578
4 627
2 719
0 803
0 841
3 972
1 1040
2 1177
3 1293
1 1266
1 1130
0 1122
0 1101
0 1081
0 1091
1 1140
15 998
19 801
1 357
18 692
16 882
0 963
0 1066
0 1010
0 951
2 1152
0 1089
0 917
3 1132
0 1321
4 1329
0 971
45 963
0 842
2 745
17 974
4 1232
5 1223
5 1193
5 950
3 718
8 715
50 614
57 698
44 608
33 888
7 997
5 835
7 557
0 610
13 408
13 262
34 59
1 156
3 113
39 197
0 197
11 207
21 307
13 302
4 295
0 244
1 256
11 314
4 382
0 420
0 501
0 485
0 432
0 474
0 486
1 646
4 696
4 880
5 988
4 1198
10 1259
6 1023
4 935
4 812
4 815
0 802
0 987
0 1040
18 1095
5 1186
2 1080
4 956
2 634
3 505
0 468
0 557
0 613
0 640
0 539
0 440
2 374
0 172
0 333
0 255
0 458
0 564
2 717
3 805
5 819
1 860
1 660
14 665
46 561
0 625
2 661
6 713
3 714
7 728
5 727
6 778
0 813
3 922
0 818
1 933
15 815
2 641
6 606
16 429
0 826
4 1214
2 1976
5 2267
11 2763
0 2665
1 2369
4 1918
6 1629
3 1543
4 1455
4 1081
1 1247
0 1097
0 1010
1 1263
6 1758
12 1862
16 2432
17 2761
22 3070
17 3361
11 3669
22 3680
8 3677
27 3922
56 4054
18 3913
21 3990
21 3967
31 3791
33 3854
7 3659
17 3733
18 3697
30 3750
29 3878
51 3822
35 3840
32 3616
18 3476
29 3441
20 3159
26 3159
18 3377
11 3370
16 3601
8 3127
17 2723
14 2383
18 1990
17 1992
17 2508
27 2709
22 3118
38 3084
62 3072
36 2755
41 2734
37 2640
36 2432
22 1852
46 2198
36 2736
44 3301
49 3434
46 3547
18 3568
17 4136
21 2800
14 2523
13 2327
12 3395
6 4476
5 4117
3 4298
7 3565
1 2638
8 2092
2 1790
2 1729
5 1344
0 1148
1 959
0 674
2 687
1 587
2 614
2 410
0 673
21 411
4 851
0 1009
11 1243
7 1782
0 1960
6 1962
13 2322
0 2704
3 3055
47 3367
35 3142
27 3010
24 3394
26 3072
30 3225
36 3072
30 3079
29 2164
20 2453
8 2028
21 2686
32 2441
21 3562
41 3591
42 4628
35 4031
27 4336
18 2947
20 3295
16 2318
24 3024
12 2433
20 2546
5 2022
4 2288
4 2216
7 2208
4 2128
17 1870
16 2016
29 2382
38 2852
36 3134
30 3485
37 3448
40 3533
36 3727
45 3827
37 3498
33 4009
24 3545
18 3604
23 3458
14 3429
17 3855
15 3316
8 2855
14 2084
12 1329
2 1365
1 1559
0 1308
28 788
0 816
7 433
4 596
1 702
0 880
0 860
1 849
4 905
2 830
1 832
6 644
5 828
6 868
9 801
6 777
6 922
4 932
0 682
0 446
5 616
5 871
4 433
0 503
9 666
1 500
0 680
4 745
76 832
25 620
28 590
13 399
13 449
28 582
14 390
0 451
2 341
0 227
0 61
0 218
3 343
5 496
6 702
16 819
15 585
5 301
5 424
5 582
3 352
2 243
5 204
4 244
0 386
1 355
6 272
0 275
0 343
0 354
0 349
3 141
0 266
0 265
2 321
8 423
41 711
21 1170
23 1412
8 1462
12 1022
16 751
19 596
4 628
8 844
22 1052
23 1128
14 945
4 616
13 633
18 452
3 205
16 292
25 401
12 664
16 560
14 849
10 848
26 788
10 672
8 534
12 477
3 264
2 285
4 238
1 131
0 99
0 141
0 68
0 37
0 41
0 73
0 109
0 116
0 239
0 515
0 1166
5 1876
17 2631
25 2824
26 2945
31 3473
20 3666
51 4149
43 4815
43 4377
50 4340
42 4028
25 3850
19 4060
34 3851
34 3742
25 3860
16 4735
4 3275
5 3107
7 3192
19 3293
8 3549
17 3699
20 3559
6 3166
3 2901
5 3458
13 3676
23 4525
22 4206
55 4016
29 2751
22 2469
40 2474
24 2006
30 3304
37 3010
20 3875
32 3113
32 2669
11 2387
32 2693
25 2834
28 2815
8 2648
16 2113
24 2293
18 1552
26 1449
23 2116
10 2290
27 3089
25 3096
28 3558
24 2258
24 2085
0 2314
25 2552
28 3067
55 2867
23 2548
19 2297
15 2254
20 1471
9 1219
7 1228
19 934
31 1930
23 2326
20 2662
4 2294
11 1674
22 1584
24 1908
19 2229
25 2100
16 1643
13 1238
12 1381
18 1445
14 1485
30 2459
39 2228
47 2351
14 1693
22 1334
15 1371
39 1603
17 1476
18 1288
2 1084
11 1233
28 1379
25 1477
25 1439
24 1685
12 1855
10 2299
7 2001
6 1119
7 1419
2 1197
0 905
6 1336
6 941
22 1046
17 836
24 1083
64 1029
88 1207
38 1310
10 1369
19 1305
1 900
2 737
9 1354
17 1007
0 1209
2 914
9 1092
2 767
0 932
0 220
1 464
3 627
1 462
0 774
0 1110
0 2161
1 3085
0 3249
1 2813
10 2742
9 1474
8 945
9 1098
5 1077
5 1483
1 1389
1 2047
4 2248
5 2902
2 2014
2 2020
0 1713
0 1532
0 1128
0 804
7 940
0 898
0 834
19 896
18 813
9 822
7 420
23 835
5 225
10 833
31 184
18 548
17 74
3 440
0 193
1 685
0 801
0 1065
5 882
0 751
9 490
1 309
8 1074
31 1481
47 1127
158 881
235 602
364 778
568 1044
673 1494
821 1566
581 2108
665 1796
706 2396
349 1943
176 2838
666 2576
1412 3855
1800 3397
1966 4504
1529 4171
1162 4582
1016 4296
665 4009
1054 4143
1290 3954
1243 3721
830 3749
810 3458
989 3540
1214 4223
1535 4376
1569 4356
1703 4073
1581 3665
1020 3096
735 2742
1118 2942
1088 2847
852 2745
633 2452
492 2287
379 2324
260 2178
238 2073
350 1862
693 1171
724 987
696 1080
138 1078
346 1002
641 512
646 427
179 465
224 521
346 591
173 257
398 135
601 135
349 67
216 113
193 85
303 115
570 69
774 46
1014 63
937 60
843 51
896 82
814 144
827 78
792 44
704 45
508 21
526 32
321 6
413 23
413 16
339 5
304 2
254 54
137 0
292 25
386 7
326 2
593 6
1193 22
1461 13
1542 9
1467 25
696 31
205 15
176 10
80 0
49 0
243 11
332 4
321 7
261 9
434 5
225 0
46 0
35 0
154 0
187 0
267 10
190 0
309 0
284 3
207 0
125 3
35 31
66 20
24 4
0 3
8 11
4 21
21 0
1 1
15 0
31 2
56 0
113 4
159 1
470 0
826 3
751 3
767 0
713 2
713 0
1257 24
1073 2
1330 1
1792 0
1854 0
1449 0
1803 0
1683 9
1485 0
1327 5
994 3
753 0
488 14
176 65
91 256
13 202
12 203
18 102
0 12
0 84
37 55
20 9
5 38
14 32
14 23
25 29
0 0
0 2
0 35
2 15
0 23
0 11
69 13
70 11
39 8
54 0
32 0
22 0
67 0
42 0
9 0
80 0
37 3
98 0
55 0
25 0
45 0
80 0
57 0
46 0
114 21
79 0
52 0
78 0
47 11
47 0
44 0
10 0
4 0
0 0
0 1
0 0
0 0
2 0
0 0
0 10
0 4
0 2
0 0
0 0
0 0
0 0
0 0
0 0
0 3
0 13
0 2
0 0
0 9
0 0
0 0
0 0
0 0
7 23
2 33
0 0
0 32
0 13
0 70
1 276
3 643
14 1180
12 1569
15 1803
16 2130
19 2236
25 2734
45 3124
51 3611
67 4159
116 4546
41 4700
41 4847
37 5117
57 5111
56 5345
38 5420
18 5323
19 5175
24 4979
26 4546
30 4042
27 3603
10 2840
5 2685
12 3155
17 3604
13 3908
12 4196
27 4325
27 4071
14 3329
10 3475
13 4011
12 4435
12 4705
6 4247
5 3094
8 3101
6 1895
2 1503
12 2318
53 2825
14 4027
19 5154
31 5751
45 5389
46 5560
43 4796
49 4951
33 3423
35 3067
19 1426
25 1939
21 1487
26 2006
21 1087
13 1340
11 746
24 1484
28 1509
6 1369
14 1381
22 1864
22 1364
8 1043
30 755
15 686
49 639
29 448
55 330
7 290
17 388
9 48
2 212
41 34
12 418
3 430
6 550
10 823
7 726
0 348
3 208
1 276
0 371
29 311
20 404
5 291
6 218
9 119
8 175
4 183
4 71
2 111
4 253
3 206
0 0
4 72
3 192
6 171
2 143
30 331
64 152
32 119
25 239
12 342
30 111
9 326
7 205
8 216
7 263
33 212
26 137
5 65
3 212
4 169
4 170
3 160
12 100
2 201
6 119
2 144
7 44
24 55
0 108
13 191
9 189
6 297
16 569
8 272
5 117
0 243
5 269
3 186
2 145
2 9
1 177
0 65
0 182
8 267
2 134
8 204
6 303
9 103
28 326
10 186
0 186
4 222
2 257
10 565
5 962
3 991
10 952
10 650
15 188
4 171
5 289
9 360
6 324
17 326
47 306
5 374
23 306
3 335
5 369
4 504
1 651
6 645
12 711
6 502
18 487
25 299
2 249
12 110
0 357
0 256
4 382
5 272
8 590
5 358
7 566
6 272
5 351
4 193
2 477
3 783
1 859
3 1506
5 1060
20 1303
5 743
12 850
7 1154
6 962
42 787
6 638
1 328
6 463
9 610
7 758
10 885
18 1273
14 930
15 813
6 915
5 1312
4 908
11 1293
11 804
14 1325
6 1154
9 996
2 477
3 240
2 382
7 469
41 182
0 19
5 36
46 237
6 246
12 307
4 455
4 553
4 993
8 1220
10 1381
11 1159
9 1198
7 765
5 499
12 603
8 535
1 113
3 248
6 388
6 399
4 278
2 123
0 252
0 202
4 348
5 487
5 546
5 425
4 240
2 161
2 47
40 177
20 63
2 44
5 133
0 77
0 126
4 273
5 505
4 481
7 770
14 1157
17 1070
7 744
3 557
3 391
11 879
10 707
2 422
1 300
2 152
4 233
3 64
49 216
4 231
2 210
6 273
3 355
6 336
4 130
3 532
6 716
5 689
0 367
4 430
4 249
3 262
2 191
20 608
11 545
9 722
4 872
7 596
0 262
2 336
6 338
8 193
6 175
4 316
36 223
4 94
1 99
10 195
2 97
3 185
4 276
0 134
0 80
3 158
3 217
4 265
3 191
0 40
7 293
10 302
4 328
0 138
6 368
6 482
8 361
10 426
4 415
5 212
2 194
6 326
43 183
6 201
5 285
17 299
5 293
5 86
2 186
4 234
5 760
9 1037
6 921
4 582
8 513
6 523
7 637
4 745
5 484
2 184
0 32
0 2
0 6
1 154
1 81
0 5
45 27
3 70
20 245
9 278
6 137
4 174
4 315
3 338
4 288
4 182
2 220
3 270
28 191
17 106
61 286
0 19
17 287
15 215
0 67
0 73
0 17
1 81
3 117
4 217
1 340
4 475
5 630
8 777
12 1124
12 1177
11 1205
8 1432
8 1454
6 1189
0 1557
29 1398
11 1428
12 1695
19 1909
19 2349
11 1673
16 1201
17 1476
9 1332
5 938
11 924
7 1263
9 1507
12 1946
10 2256
7 1985
3 1428
5 909
0 1085
0 1824
2 1994
28 1456
17 880
16 542
7 638
17 879
19 1078
23 1174
20 1363
22 1312
13 912
14 1058
13 1007
4 1236
3 552
2 360
1 507
0 493
2 367
3 424
0 645
5 665
3 401
4 428
5 315
2 394
2 507
3 408
7 344
53 671
7 778
7 816
10 787
11 560
7 647
4 653
3 657
0 583
4 480
10 513
11 692
7 520
4 520
4 455
7 466
22 342
14 550
17 785
65 485
11 574
16 709
18 857
10 651
27 505
20 814
2 480
1 453
1 456
8 341
2 369
2 362
4 392
11 361
4 294
3 168
1 64
0 46
0 1
0 40
1 46
3 0
2 70
1 150
1 100
0 13
0 32
0 0
7 33
9 143
5 345
22 309
7 302
13 580
10 960
8 889
0 474
7 638
13 730
3 771
11 1071
20 1189
26 924
21 1003
12 836
9 934
10 649
5 356
4 283
5 308
2 299
5 450
4 483
23 487
26 766
11 1131
18 1171
9 750
14 857
9 1003
19 1178
12 1117
13 1144
5 1148
2 797
2 704
27 548
11 1019
4 1019
7 1208
7 1089
6 1353
5 1511
10 1901
13 1617
12 1730
17 1198
11 1209
12 602
13 531
3 396
7 483
4 487
4 503
5 676
4 831
12 1171
15 1328
21 1565
11 2018
26 3027
30 2884
28 3413
13 2682
23 2763
13 2179
15 2436
15 1877
24 2036
35 1899
22 2299
21 2337
21 1926
19 1707
9 1355
16 1142
11 971
14 970
15 985
14 716
29 838
0 331
3 568
6 477
5 508
4 443
4 710
16 1139
10 1399
12 1537
17 1705
18 1608
20 1653
38 1760
33 1927
33 2040
36 2078
7 1518
10 1461
12 1388
13 1733
26 1659
17 1986
26 2132
22 2068
23 1596
14 1063
24 2219
35 1991
45 2554
10 1806
24 2138
39 1976
6 1583
6 863
11 1031
0 1171
47 1676
12 1162
41 803
5 315
6 425
11 729
9 596
19 468
182 106
446 201
297 458
188 339
48 349
81 214
30 71
14 326
0 153
0 116
36 16
19 289
5 407
15 493
41 528
24 409
8 474
17 664
7 769
26 851
30 965
4 530
3 411
3 514
8 563
13 622
6 700
18 812
19 642
20 652
13 443
3 449
37 602
15 865
11 1035
9 1154
4 1329
4 1312
8 935
9 1140
28 772
30 777
5 548
6 545
10 631
21 712
10 708
13 676
7 430
14 718
19 769
13 402
17 283
7 293
3 222
30 228
0 170
4 224
16 143
6 216
4 336
4 206
3 148
2 82
0 9
2 63
2 149
2 89
0 16
1 45
3 129
7 74
2 33
0 81
2 126
5 197
4 180
4 230
3 224
3 165
56 24
2 117
3 96
7 109
7 188
2 68
3 97
0 87
0 0
0 0
0 70
0 59
45 21
24 0
0 1
0 3
0 0
0 0
0 0
0 4
0 1
0 0
0 4
0 0
0 0
3 8
0 0
0 0
0 0
0 0
0 0
0 0
0 0
0 0
0 0
0 0
0 0
0 0
0 4
0 0
0 0
0 0
0 0
0 0
2 8
0 0
0 0
0 0
0 0
0 0
0 4
0 16
0 0
0 0
0 2
0 2
1 0
0 11
1 0
1 0
0 0
0 0
0 1
0 0
0 73
0 25
0 7
0 1
0 5
0 0
0 33
0 0
0 0
0 0
0 0
1 1
0 2
0 12
0 3
6 31
0 90
2 0
12 11
0 94
0 192
0 49
0 153
0 109
0 4
0 21
0 22
0 1
0 39
0 31
0 5
0 18
0 58
0 68
0 254
0 218
1 173
0 135
0 67
0 151
3 239
3 250
6 242
0 53
3 223
4 197
2 36
0 0
0 5
8 9
31 91
0 68
7 18
0 0
0 32
0 19
0 0
0 0
0 0
0 12
0 3
5 3
0 19
0 0
0 7
0 0
0 0
0 0
0 0
0 0
0 0
1 0
0 0
0 0
25 0
3 32
0 0
0 13
0 58
0 0
0 0
0 0
0 0
0 0
1 4
20 0
0 35
0 61
0 0
0 17
1 0
0 0
0 0
0 1
0 0
0 0
0 27
0 0
0 0
0 0
9 0
0 0
3 0
0 12
0 0
0 10
0 0
0 21
0 0
0 0
0 25
0 43
0 0
1 14
0 0
0 15
0 1
0 0
0 0
0 0
0 0
0 3
0 3
0 0
0 0
0 0
0 0
0 0
0 0
0 0
0 0
4 0
0 0
0 2
0 13
0 15
1 0
14 0
0 0
7 9
3 0
8 0
7 23
0 10
0 0
0 2
2 88
3 148
0 27
2 156
3 108
0 0
1 19
0 0
0 0
0 0
0 0
0 0
16 0
11 0
0 4
0 53
0 0
0 0
3 0
0 0
0 1
0 0
0 0
0 0
0 0
0 2
0 0
0 0
0 0
0 16
0 5
0 66
6 119
17 345
16 697
10 912
13 1421
23 1719
21 1584
24 1593
26 1503
14 1219
17 1600
12 1838
26 2109
29 2275
28 2346
28 2428
32 2541
39 2809
28 2995
26 3191
32 3102
23 3189
26 3438
43 3795
32 3427
37 3024
30 3142
33 2941
13 2725
10 2632
17 2579
15 1606
13 1214
55 1029
17 855
46 477
15 460
45 364
11 260
23 297
24 392
38 459
26 298
16 321
42 498
15 536
25 664
31 703
42 713
17 601
6 537
13 226
8 317
10 335
14 646
13 856
8 777
4 437
4 296
0 44
6 84
0 139
0 155
0 83
2 17
0 8
0 32
0 48
0 10
0 0
0 3
0 4
0 0
0 19
0 17
0 4
0 53
0 28
0 2
0 7
0 12
0 8
0 15
0 22
0 0
0 0
0 0
1 5
1 143
10 361
15 520
17 456
18 335
6 283
4 158
1 137
0 127
0 11
1 11
1 51
0 91
0 49
0 1
0 24
0 40
47 22
53 13
17 0
27 38
11 22
11 32
1 5
0 2
37 1
63 9
51 23
68 84
29 111
4 76
2 14
0 11
6 3
14 0
1 0
0 0
0 0
0 0
0 3
0 0
0 7
0 0
0 0
0 9
3 22
2 1
2 5
1 4
2 21
0 0
0 0
0 1
0 11
0 0
0 11
0 8
0 0
1 6
0 15
0 15
1 3
2 16
0 5
0 0
1 0
0 11
0 7
0 4
0 0
2 5
0 0
0 0
0 0
4 0
22 0
0 0
0 0
10 150
0 491
4 691
8 924
8 1005
8 954
8 650
5 225
10 383
11 267
12 298
19 674
20 757
18 904
11 997
13 1320
11 1291
0 757
5 470
10 390
4 291
0 258
0 160
0 107
0 71
0 44
0 3
0 18
1 42
6 140
3 185
3 122
6 107
5 51
3 82
1 90
3 139
1 9
0 1
1 66
0 22
4 79
12 612
13 778
19 795
19 732
15 637
23 448
42 253
16 110
0 16
3 76
2 35
5 10
7 55
10 114
10 203
12 204
10 307
11 368
13 455
12 444
15 522
14 477
10 350
10 301
3 162
3 97
2 26
2 52
1 56
1 67
0 99
0 57
0 0
0 1
9 180
6 238
0 7
1 27
0 63
0 84
0 93
6 174
7 259
4 181
5 414
5 659
9 611
13 448
22 227
7 443
7 356
15 53
11 103
2 14
1 15
0 10
0 24
0 5
14 61
14 172
7 182
5 72
0 28
0 60
1 154
12 438
11 655
16 609
14 692
18 672
20 489
17 459
20 331
14 208
6 163
16 124
1 61
26 208
1 160
1 123
4 199
3 150
1 84
2 61
1 27
9 0
1 6
1 59
3 35
2 18
0 1
0 20
0 46
2 3
0 10
0 10
0 2
0 6
3 189
6 682
22 1693
18 2567
25 3460
27 4137
36 4641
42 4894
37 5269
59 5495
72 6061
45 6421
52 6005
63 5585
58 5305
56 4810
53 3649
54 2753
28 1864
37 1991
34 2621
35 2859
21 3044
26 3135
31 2927
27 2806
26 2741
48 2924
82 2957
31 1791
40 1167
30 885
19 1417
67 1658
20 1410
9 1164
18 672
8 733
7 519
9 806
9 632
3 682
7 692
8 735
2 775
9 823
10 709
15 997
10 998
3 1096
19 1061
41 662
16 866
26 247
14 693
6 407
6 452
0 124
7 246
5 165
2 101
6 262
34 266
65 242
60 157
65 193
27 273
24 242
4 302
14 224
5 191
16 241
5 195
6 225
4 49
7 149
3 164
6 232
3 180
3 307
0 152
0 203
1 159
10 92
3 113
2 21
3 77
3 38
4 55
3 31
1 93
3 186
1 76
2 163
3 134
5 259
10 404
7 323
2 249
2 259
5 389
6 218
7 422
4 497
2 441
6 445
8 543
7 505
4 296
5 451
7 237
31 107
6 129
0 189
14 1
3 130
3 193
5 162
10 778
11 1330
6 1294
9 881
9 715
7 874
3 874
0 361
4 300
6 684
7 930
18 872
4 601
7 521
4 248
53 160
55 401
13 337
3 92
27 256
4 206
3 215
6 371
17 419
16 356
4 156
5 240
7 344
1 255
1 179
0 106
0 219
0 79
0 184
2 159
0 183
3 430
2 144
0 141
1 233
4 121
4 333
2 127
0 36
4 267
5 186
40 0
1 291
18 65
3 138
2 76
2 90
2 38
3 86
1 25
0 5
2 95
0 32
2 21
4 157
0 9
3 143
0 151
4 550
5 1261
17 2685
11 2226
30 2547
18 2780
20 3801
37 3514
20 4070
27 3597
46 3992
36 2857
26 3497
28 3509
12 3496
4 1916
5 2342
9 2110
19 2144
23 2036
28 1743
26 2481
30 2568
45 2684
26 3379
51 3504
31 3565
28 3553
43 3220
50 3016
12 2638
13 2369
43 1990
16 1875
19 1539
19 1012
4 821
11 909
11 965
13 1120
6 843
9 606
3 587
0 369
3 566
4 817
8 926
6 698
1 555
0 230
6 316
9 448
7 550
11 1226
11 1749
12 1973
13 1903
9 1560
9 1475
12 1181
35 1318
12 1736
28 1936
18 2122
18 2513
21 2826
29 3299
17 3317
16 3500
17 3885
23 4153
33 4076
26 4036
28 3925
32 3855
28 3637
24 3060
23 2301
16 1433
13 1186
12 1202
9 1228
8 1059
3 949
13 836
10 762
11 933
17 928
12 771
10 629
11 867
10 854
7 973
12 855
10 552
4 353
7 352
1 85
1 129
0 109
3 127
4 264
26 243
45 377
72 269
50 258
108 47
147 38
162 169
133 58
100 57
103 34
18 44
1 50
47 27
31 160
18 41
46 82
69 75
30 27
48 15
142 173
76 37
124 34
116 122
74 42
104 127
190 11
171 2
356 16
519 9
624 23
801 103
718 33
952 27
1018 6
881 3
887 25
798 24
855 8
752 7
767 0
881 13
1082 8
999 2
1217 5
1490 19
1388 2
1549 3
1556 8
1391 8
1058 4
756 0
1051 49
1053 11
1242 5
482 0
554 0
749 22
827 41
766 21
640 20
472 2
407 1
382 0
420 0
495 5
689 23
811 14
546 29
249 39
162 45
70 15
50 27
333 32
941 31
1239 37
1306 54
1058 27
830 20
826 49
819 300
905 242
958 190
741 251
672 198
630 504
601 571
643 556
440 420
218 567
474 733
557 839
417 791
436 736
349 553
750 378
926 301
1063 267
1204 224
1280 253
1266 315
1357 358
1244 357
1286 380
1398 616
2139 811
1903 855
845 874
1035 724
755 681
463 634
1056 673
1359 680
1353 540
1414 645
1706 596
1798 706
1631 966
1231 812
823 624
867 1024
523 1206
653 1556
911 2093
896 1924
914 1864
984 1958
982 2287
1009 2797
1729 3921
2239 4397
3120 4432
3298 4487
2474 3999
2050 3811
1754 3968
1698 3456
1488 2748
1003 2471
730 2434
1082 1737
996 1450
1230 1429
1350 1084
1478 826
1458 858
983 685
669 875
390 1119
934 1442
1461 1531
1635 1474
1507 1635
717 1592
587 1524
979 1526
1034 1076
1239 1363
1555 1194
1574 1789
1246 1511
811 1567
1301 1094
1608 1248
1790 1067
2043 1190
2460 1204
2592 1179
3506 916
3836 948
3192 893
2086 490
1566 557
1523 540
1506 596
1086 470
377 528
202 410
219 563
451 945
542 1118
609 1382
505 1321
639 1490
396 1454
356 1942
329 1203
327 1048
299 1340
278 1691
304 1867
199 1929
99 2175
38 2405
30 2453
35 2556
4 2238
29 2573
94 1784
75 1928
99 1103
99 1385
122 976
45 1763
8 1843
3 2756
17 3097
15 2994
20 2740
17 3116
16 2622
65 3462
0 3326
39 3133
9 3094
4 3525
25 3707
15 3467
26 4016
24 3851
51 5395
37 5013
46 6035
38 5629
45 5365
60 4988
24 4352
27 4157
11 3352
14 2537
20 1728
26 1115
28 602
49 404
30 512
72 1057
52 1317
23 1563
49 1814
19 1962
36 1747
31 2222
493 2797
865 3146
485 3165
144 2741
25 2292
37 2354
32 1920
43 2208
48 2303
47 2258
24 1804
21 884
20 1668
25 1408
28 1982
34 1817
63 2273
70 2063
37 1974
48 1457
24 1376
16 1027
25 703
8 132
5 308
12 575
14 704
24 829
46 786
48 968
18 1245
40 1562
32 1497
60 2089
41 2365
76 2808
92 2714
86 3327
49 3139
63 3555
56 2902
20 3148
20 2158
24 2594
17 2156
37 2800
2 2249
53 2995
16 1826
20 2282
16 1124
19 1607
11 620
16 1460
9 1103
12 1417
8 1273
12 1427
17 1140
11 1351
3 760
3 881
2 354
8 650
10 972
14 1076
7 991
3 1157
0 1301
0 1256
4 1398
11 1597
9 1667
22 1791
53 1944
28 1958
40 1551
39 1149
179 1298
142 1604
191 1848
102 1942
10 1403
7 1071
43 862
76 1118
25 1169
81 1474
20 1882
19 2258
40 2492
43 2738
59 2809
69 2684
91 2519
56 2819
44 3303
51 3560
27 3504
31 3381
28 3326
19 3374
29 3708
16 3754
14 3598
22 3731
25 3633
27 3411
31 3267
25 2687
17 2635
25 2315
26 2183
12 1345
16 1477
16 1061
27 1842
38 2697
29 2764
49 2954
15 3268
18 4149
25 4462
33 4858
30 5125
36 4743
37 4449
21 4075
14 3317
8 2562
18 3398
19 3123
27 4676
31 4680
33 5920
38 5781
51 6523
41 6266
37 6607
63 5983
43 5370
33 4386
20 2828
11 2355
3 1951
16 2638
40 4681
44 6785
47 8036
55 8344
52 8374
38 8325
86 8188
26 7925
15 7484
34 7617
31 7763
21 7618
22 7657
19 7196
15 6746
30 6062
28 4965
23 3776
25 3092
19 2407
15 2133
16 3147
15 4239
26 5078
57 5365
23 5466
17 5437
25 6211
17 6659
27 6455
40 6327
37 4885
37 4542
44 3584
47 3795
37 3759
39 3249
27 2626
25 1940
20 1055
21 1591
22 2799
29 3074
30 3178
36 2631
47 2387
35 2182
55 2548
28 2511
8 1317
2 1723
10 2133
18 2546
26 2892
24 3116
7 3021
9 2694
19 2587
14 1839
22 1231
49 719
4 707
4 1275
30 1598
10 2095
13 1834
10 1401
10 1029
7 787
2 528
4 293
15 176
1 329
0 174
0 81
0 113
0 95
2 155
0 118
0 388
4 922
3 1544
17 2257
5 2847
2 3129
0 2318
7 1616
12 1480
0 1136
26 1531
9 1818
10 1954
3 2054
7 1965
8 1808
2 1554
0 1288
0 1321
0 1392
12 1184
24 1560
40 1105
55 1001
137 884
150 880
236 1297
302 1072
350 1028
301 704
323 665
244 690
286 944
194 1680
216 2055
192 1890
80 1946
41 2135
43 1949
22 1871
20 2326
27 2823
30 3185
63 3167
33 2946
48 2286
64 2243
13 1619
23 878
6 282
10 302
51 642
27 749
23 995
9 1069
7 1052
26 883
18 1099
12 1150
12 1055
17 1076
10 1146
14 1024
14 1102
12 1429
12 1731
9 2032
11 1872
12 1353
15 1449
10 1237
7 1231
5 1033
6 653
3 225
2 374
8 577
8 529
8 369
0 242
0 447
4 706
3 775
4 630
2 374
1 237
30 163
0 206
6 230
0 130
0 85
0 216
0 23
0 28
0 49
0 65
0 5
0 79
0 112
0 177
3 245
0 61
0 45
2 130
0 82
0 65
0 64
0 23
1 6
0 14
0 17
0 10
0 71
0 95
0 131
0 120
0 83
0 80
0 59
0 37
1 107
0 252
2 336
0 593
0 460
0 540
5 450
34 485
32 773
10 577
8 455
2 177
0 91
0 78
0 49
0 28
5 149
4 266
8 500
9 809
10 1177
33 1084
13 706
21 493
30 562
45 774
20 816
18 585
7 407
3 191
0 104
0 90
0 117
1 172
0 287
0 586
0 614
0 629
0 294
0 120
0 303
0 289
0 433
0 508
0 709
0 824
0 954
1 942
3 1145
3 1200
12 1121
18 1117
4 1020
5 991
3 924
31 840
21 706
9 776
17 823
6 796
7 1060
6 884
0 375
0 277
0 253
0 332
0 612
0 689
2 753
3 798
2 791
8 902
8 917
3 856
7 704
3 689
1 624
3 361
0 232
0 168
0 33
0 27
0 24
3 75
0 7
0 31
36 1
0 59
0 42
1 36
0 4
0 5
0 84
2 190
4 255
0 235
1 174
0 110
2 30
0 117
0 232
1 104
0 13
0 33
0 86
0 87
0 43
0 0
5 23
0 16
0 21
0 10
0 9
0 4
0 1
0 6
0 21
0 18
1 46
1 46
24 14
20 1403
0 3
0 20
0 20
0 24
0 15
0 35
0 14
0 3
0 3
0 10
0 0
1 54
0 71
0 171
1 263
8 651
0 331
0 70
0 16
0 52
3 80
0 196
5 995
8 1938
6 2529
3 2146
47 1312
12 1582
25 1994
31 1789
25 1303
25 819
8 586
6 409
3 290
7 185
8 261
3 134
4 72
23 92
8 456
1 1067
0 1167
8 860
40 420
33 1076
13 975
40 397
8 176
6 141
5 181
56 420
236 481
252 597
180 743
93 606
105 575
41 555
30 532
62 398
25 431
20 487
3 342
6 428
12 380
20 317
31 407
63 509
34 738
70 895
77 1110
54 1110
83 906
65 450
51 277
62 103
86 100
75 162
80 136
93 59
90 30
84 78
45 36
17 83
1 25
0 35
3 88
0 46
7 64
0 26
0 69
0 44
0 54
0 49
4 41
2 16
12 31
8 19
0 34
0 9
0 4
0 9
0 13
0 0
0 6
0 0
0 0
0 0
0 0
0 0
0 0
1 5
0 3
0 1
1 21
0 31
0 28
0 9
0 37
3 0
0 8
2 10
0 17
0 7
0 3
0 0
25 0
0 0
4 0
3 1
0 11
0 26
0 155
0 289
0 362
0 184
2 23
0 23
0 15
0 0
0 27
0 11
0 50
0 11
0 3
0 8
0 0
8 0
97 4
108 0
3 0
22 0
151 0
130 0
191 0
167 0
70 0
91 1
60 0
3 0
2 0
5 0
26 0
71 71
86 140
8 193
1 178
14 218
7 428
4 465
0 543
5 449
1 264
0 257
0 272
1 339
7 416
2 811
0 1292
1 1709
0 1686
0 1625
0 1580
1 1457
1 1111
6 409
2 752
0 851
1 852
6 1212
6 1178
4 1180
2 1178
0 1265
0 1293
0 1161
0 925
0 818
0 659
0 814
0 921
0 1058
26 1060
0 1128
4 1165
5 1166
12 1126
0 770
4 991
5 1006
5 657
56 370
125 369
77 633
149 705
131 778
217 885
366 1022
353 1106
412 1192
554 1306
699 1327
979 1261
1233 1183
1682 1024
2049 709
2473 554
2995 753
3236 873
3462 931
3301 985
2974 1177
2799 1373
2194 1394
1720 1341
1526 987
1476 925
1317 1038
1308 1012
1198 895
1210 944
1340 901
1552 744
1644 719
1478 560
1137 639
1049 493
865 646
774 785
890 829
812 690
699 623
715 481
845 577
839 514
869 425
870 584
819 607
605 815
261 807
231 652
517 482
491 139
577 39
1051 4
1097 0
853 13
909 44
756 43
578 12
609 85
854 22
1243 24
1315 20
1190 23
657 14
466 15
353 17
182 7
494 9
311 4
27 2
17 0
36 0
267 2
288 2
124 0
39 0
20 0
70 56
226 16
429 129
735 126
1049 223
1154 165
1085 401
965 483
946 607
657 637
348 646
382 781
791 828
926 847
1095 830
1116 814
1109 815
1077 800
966 762
745 685
603 622
513 592
332 586
246 646
287 647
142 645
299 386
318 270
253 63
224 242
203 310
353 198
615 73
667 49
557 41
419 44
611 119
480 238
377 306
489 318
573 356
864 214
1044 169
1103 238
1104 362
953 413
685 388
515 373
518 375
740 688
1249 862
1346 914
1110 884
787 801
650 625
273 537
61 507
325 525
751 593
1115 585
1390 517
1465 376
1548 111
1452 17
1406 260
1306 222
1198 431
913 737
758 860
488 702
431 779
330 837
272 806
327 776
371 750
345 543
476 528
347 468
179 653
107 710
106 713
133 696
48 635
96 631
176 850
170 994
78 943
92 929
615 968
624 958
553 1042
340 1143
265 1142
529 1070
652 1030
718 926
723 845
751 709
597 552
137 485
532 295
701 197
814 245
877 283
921 249
187 246
118 363
102 352
124 347
47 310
125 238
99 139
78 106
120 125
58 106
42 161
8 262
0 259
1 338
0 350
0 353
13 389
26 355
10 293
56 340
283 307
349 363
244 380
112 320
36 166
22 96
9 24
166 72
717 85
1056 177
1331 120
1290 78
1251 148
1079 291
886 377
777 462
746 425
598 422
546 342
490 259
480 269
485 312
489 422
432 422
407 482
871 478
1003 487
1132 455
1006 436
1145 444
916 461
794 509
681 527
325 474
85 498
170 493
241 593
173 593
371 567
481 617
434 571
320 623
135 593
115 617
372 592
403 581
370 542
513 463
422 410
576 361
578 276
454 215
67 137
44 198
242 150
403 264
387 366
296 461
140 407
30 343
81 133
25 82
14 85
1 87
13 80
14 54
37 25
0 20
7 1
9 4
4 81
0 200
8 281
0 42
0 52
0 314
0 408
3 247
3 424
4 705
6 767
17 887
9 915
10 895
23 917
34 1034
20 1063
21 980
0 1026
35 1010
110 967
73 1040
114 1012
60 1009
138 928
167 840
254 814
231 730
72 740
84 694
32 533
9 585
0 620
8 652
0 603
3 563
17 495
2 449
0 515
0 564
0 552
0 453
0 346
0 368
0 324
0 241
0 223
0 183
0 206
0 325
7 394
0 540
10 641
0 623
0 672
0 677
0 757
0 780
0 792
0 765
0 755
26 797
2 782
1099 682
15 617
11 655
4 628
39 634
19 654
9 625
34 611
46 602
106 620
219 642
102 627
104 583
149 530
116 525
121 465
204 507
387 504
461 386
454 297
512 131
564 105
585 93
413 174
389 258
341 192
315 262
247 421
201 650
337 732
137 832
237 898
126 888
188 812
167 790
216 696
321 578
326 335
432 237
373 262
145 213
76 92
49 198
54 222
231 249
568 418
716 514
835 565
502 639
287 565
85 601
48 521
20 546
36 556
72 476
7 468
1 439
1 350
4 448
3 435
0 361
2 371
0 331
0 297
1 362
0 296
0 355
0 163
0 87
4 461
3 903
0 1030
0 1213
0 1377
1 1502
3 1399
0 1353
5 1516
13 1387
4 1330
4 1154
4 1012
3 814
2 731
19 645
6 928
2 1315
25 1483
4 1681
26 1896
0 1403
0 1700
1 1906
2 1861
0 1970
0 2142
3 1596
3 1318
5 1027
2 1091
3 978
3 1101
1 1226
7 1671
3 1361
5 1774
5 1827
3 1698
5 1753
5 1539
3 1070
4 821
2 618
4 652
5 1357
5 1395
4 1207
12 1562
6 1759
15 1923
11 1833
0 1512
12 1124
3 1664
12 2100
8 1781
12 1426
11 1207
2 1119
18 392
9 739
9 417
18 548
12 865
14 1024
32 900
19 822
69 1225
211 1321
253 778
102 788
147 548
182 431
151 499
322 145
322 43
429 0
433 7
177 5
75 18
1 12
13 19
50 5
33 3
33 4
22 8
4 9
19 0
0 6
7 0
1 9
6 3
4 17
0 96
17 241
0 86
1 78
0 115
0 398
0 611
0 489
0 236
0 213
0 210
0 283
0 330
0 359
0 342
0 238
29 785
12 958
19 900
0 1012
0 1000
11 810
0 951
15 1087
2 1302
0 1496
4 2186
1 2438
2 2879
9 2958
0 2967
0 2748
5 2612
12 2439
42 2027
26 1717
19 1603
16 1204
5 983
1 792
8 996
10 969
6 763
7 871
7 998
8 880
3 928
3 1161
2 1029
7 942
3 1136
13 1357
8 1218
3 1434
3 1357
1 1400
2 1278
1 1073
3 1157
0 848
7 1013
0 923
1 866
3 876
5 1104
5 1240
30 1018
37 958
7 1027
15 1215
3 1307
1 1185
0 1288
0 1240
2 1179
7 1040
6 924
8 837
9 1110
10 1148
5 754
1 527
0 413
2 491
4 260
7 529
7 942
11 944
7 1089
0 1310
0 985
0 843
0 810
0 667
0 607
47 761
0 1013
1 1108
3 1034
0 953
0 761
0 616
0 555
0 1020
0 1382
0 1586
22 1627
5 1392
8 1731
62 1603
84 973
38 378
0 729
3 1195
31 1502
13 1823
15 1769
43 1365
55 782
140 544
94 764
48 501
26 620
68 800
104 909
183 915
201 1230
73 1133
35 1141
8 1274
8 1401
7 1408
5 1267
3 1257
3 1409
7 1471
15 1485
10 1215
31 783
4 533
8 922
0 731
0 448
0 398
0 454
8 285
138 298
218 318
126 531
19 396
1 387
37 531
2 585
39 700
9 608
2 729
42 942
35 1019
8 1201
18 1100
17 1100
17 980
11 875
2 1000
16 790
3 692
3 555
8 876
35 1470
13 1048
8 950
20 802
4 940
12 1133
4 1003
2 969
1 872
1 792
1 855
0 608
0 210
7 435
0 440
17 776
0 764
2 604
8 648
2 406
0 496
1 368
4 275
0 172
0 230
2 185
0 120
0 0
0 47
5 34
20 77
0 38
22 25
44 97
52 71
290 92
468 44
676 29
617 43
669 22
785 7
1358 18
1661 16
2068 12
2202 6
1746 7
1462 11
1417 5
1309 6
1349 2
1274 2
1488 2
1414 3
1285 13
1011 11
664 11
303 3
172 1
159 6
36 40
30 40
5 75
46 32
32 107
85 124
132 88
139 110
176 133
179 139
158 471
89 43
46 258
58 132
29 244
54 226
38 518
82 790
114 419
164 655
257 264
466 119
1160 97
1486 51
2007 204
2177 37
2325 102
2376 136
2194 386
1988 6
1415 15
1962 48
2152 75
2894 46
3127 6
3112 71
2666 8
2802 11
2652 9
2056 7
1556 4
715 1
125 0
1 0
26 0
291 2
494 1
767 2
621 4
727 0
355 2
130 0
29 0
2 0
0 0
0 0
0 0
0 0
0 0
0 0
0 0
0 0
0 0
0 0
0 0
0 0
3 0
0 0
1 0
0 0
0 0
0 0
0 0
0 0
1 0
0 1
0 0
0 6
0 7
0 14
1 11
0 17
0 13
20 13
0 14
0 43
0 8
2 20
0 0
0 3
0 11
0 16
0 35
0 96
0 163
0 172
0 164
0 92
0 120
0 229
0 47
0 121
33 355
0 349
12 342
0 151
0 149
0 0
0 4
0 41
0 2
0 7
0 10
0 0
0 1
0 0
0 17
0 17
0 0
0 0
0 0
0 1
0 12
0 55
0 85
0 62
0 69
0 55
0 43
0 0
16 2
11 0
2 0
0 0
0 5
14 0
0 0
0 0
0 0
0 0
6 0
0 53
0 5
0 5
0 0
0 0
0 8
0 0
0 0
0 2
0 0
0 1
0 2
0 0
5 20
26 0
4 7
4 57
0 19
0 223
0 165
0 61
5 148
0 320
14 42
100 81
61 3
81 1
128 5
110 25
143 9
222 64
239 18
265 17
325 27
112 0
57 0
183 0
150 0
42 27
25 13
18 12
13 6
46 0
16 0
13 0
5 0
7 2
3 23
0 215
0 21
0 2
20 0
2 0
0 0
0 0
2 0
0 0
0 0
10 0
0 0
0 0
0 0
0 0
0 0
0 0
0 0
0 0
0 0
0 0
0 0
0 0
0 0
0 0
0 15
0 42
0 31
0 0
0 2
0 11
0 17
0 20
0 0
0 37
1 4
0 16
0 0
0 0
0 7
0 50
0 34
0 2
0 21
0 29
29 102
0 49
5 132
0 158
0 657
0 1243
0 1816
0 1974
0 2040
0 1939
0 2026
0 1948
0 2085
0 1760
0 1546
2 1119
0 930
0 734
0 653
0 707
2 916
4 1043
2 1497
1 1360
25 1916
4 1780
10 1812
7 2117
9 2001
10 1934
10 2298
11 2841
13 3296
12 2920
17 2422
50 1903
9 1259
13 649
4 407
3 387
1 247
0 27
0 161
0 102
0 324
3 601
6 1031
6 1268
6 1178
7 900
3 506
4 211
3 177
3 216
6 304
37 322
4 353
7 395
2 278
3 294
3 263
6 119
3 145
1 170
4 472
6 828
4 895
8 808
4 448
2 204
0 65
0 100
0 104
1 33
0 7
0 22
0 52
0 67
0 83
19 98
30 60
0 99
2 146
16 18
0 10
0 164
0 168
0 94
0 12
2 21
0 19
0 55
0 219
0 242
0 69
0 19
0 5
25 0
5 7
6 45
2 36
6 43
1 100
0 152
0 186
0 214
0 104
0 102
0 27
0 33
0 18
3 37
0 25
0 23
0 6
6 99
0 92
1 247
25 46
0 28
0 1
2 26
0 0
0 9
0 0
0 0
2 0
0 0
0 0
0 0
0 8
0 38
0 18
0 3
0 0
0 37
0 1
0 18
0 7
0 0
3 12
0 20
0 0
0 0
0 3
0 0
0 61
0 291
0 222
0 67
1 186
0 89
0 41
2 66
24 6
0 26
11 0
0 0
12 0
0 5
0 20
0 9
0 21
0 22
4 18
5 5
0 0
19 0
7 1
0 0
12 2
6 1
0 0
0 1
0 5
0 1
0 0
0 14
0 4
0 4
0 0
0 1
0 36
0 85
0 596
0 825
0 624
0 636
0 617
0 484
34 852
0 640
8 625
3 795
3 1357
2 1164
2 1017
0 673
0 526
0 343
0 504
0 449
0 419
0 428
0 351
3 574
1 601
3 583
2 416
2 408
0 584
0 543
4 729
7 1243
8 1360
7 1220
2 573
0 437
0 436
0 529
0 353
0 480
5 646
6 374
21 131
11 246
11 605
3 518
0 90
30 113
11 167
8 121
14 129
55 77
23 300
0 364
36 44
58 46
0 252
2 117
4 165
13 177
5 256
46 182
0 196
7 98
8 143
0 175
0 20
0 9
0 55
0 169
1 456
0 462
2 124
0 17
0 217
0 65
0 8
0 67
0 91
0 26
0 42
0 45
0 114
0 117
0 0
0 0
0 22
0 3
0 4
17 21
18 4
29 3
8 10
2 23
0 0
12 0
0 5
0 0
12 0
0 0
0 0
0 1
0 7
0 2
0 17
3 43
0 84
0 74
4 288
2 276
3 313
0 93
0 55
0 150
0 187
0 84
0 64
0 192
0 305
0 289
0 229
0 219
0 145
2 100
0 155
0 147
0 63
0 100
0 46
24 5
0 24
0 9
24 0
102 41
12 13
16 11
22 59
0 12
8 0
55 54
41 18
26 0
2 0
1 26
35 59
0 0
0 0
0 0
8 227
2 452
0 213
0 43
2 62
0 62
8 43
0 29
0 0
1 53
4 59
0 0
0 1
2 70
0 116
0 88
0 52
13 29
0 13
2 43
6 115
18 12
1 12
5 40
0 43
0 81
0 149
0 292
0 199
0 194
0 102
0 41
8 21
1 4
0 14
2 58
21 11
0 17
0 9
4 77
0 74
0 21
0 27
0 57
0 65
1 73
0 58
0 13
0 2
0 23
0 29
0 103
2 26
0 7
3 12
23 16
2 18
0 37
0 27
0 24
6 84
0 6
0 35
0 3
0 35
0 159
0 14
0 49
0 114
1 453
0 728
0 703
0 490
0 241
0 123
0 285
0 364
0 289
2 218
0 118
0 46
0 18
0 130
0 166
0 80
0 150
0 185
0 705
2 632
3 748
4 831
1 874
0 531
0 195
0 187
1 192
0 89
0 27
0 10
1 0
0 38
0 44
0 61
0 44
0 48
1 55
0 9
0 0
1 0
0 0
9 1
23 0
1 0
10 1
0 0
0 0
0 0
0 12
0 22
0 16
0 4
0 5
4 6
16 0
0 0
0 0
0 0
0 3
0 17
0 63
0 80
0 34
34 57
0 74
5 57
13 45
0 0
0 5
0 49
0 76
0 70
0 61
1 109
0 97
2 77
0 49
0 4
0 17
0 12
0 1
0 7
2 52
5 95
0 68
0 35
0 12
0 0
0 9
4 5
0 25
38 12
0 2
7 34
6 89
2 31
6 11
0 0
0 0
9 25
1 0
0 0
2 6
5 3
9 1
0 0
0 12
0 0
6 1
0 0
0 0
0 14
0 0
0 7
0 24
0 7
2 0
0 2
0 0
0 0
1 26
0 57
0 59
7 12
0 50
0 94
0 58
0 3
0 22
0 13
0 6
0 0
0 5
0 13
26 10
7 21
29 107
0 165
24 172
28 49
6 7
11 34
0 4
2 39
0 45
0 116
0 124
0 156
0 89
0 0
0 30
0 94
9 15
0 0
0 0
0 0
0 4
0 18
0 10
0 0
0 0
0 0
0 0
0 8
0 4
2 21
0 35
0 0
0 42
0 15
0 40
0 49
0 149
31 361
1 214
5 91
0 266
201 121
842 108
1689 156
2477 256
2959 199
3780 258
4154 292
4638 129
4973 82
5213 93
5043 94
4884 58
5096 30
4531 58
4290 35
3953 21
4950 13
5207 23
4741 7
4064 31
3911 42
3572 55
3852 94
4306 92
4310 20
4151 26
3972 69
3671 42
3617 39
3788 30
3797 35
3792 14
3867 17
3862 19
3852 38
3614 12
3232 13
2605 11
2205 4
1275 2
822 3
731 2
741 0
987 1
1008 0
1155 0
1534 2
1683 4
1548 3
1589 5
1204 0
934 3
1140 89
1502 515
1253 1053
1249 818
1109 572
1220 332
1078 394
786 380
938 376
1273 133
1544 20
1341 32
922 18
835 9
1250 80
1638 45
1366 66
1007 14
327 25
95 51
144 0
272 0
260 156
105 97
46 55
46 3
22 27
32 12
5 11
35 0
95 16
102 9
85 6
162 0
164 8
158 14
110 13
191 107
162 22
168 22
246 12
226 8
261 0
295 0
426 8
401 0
494 2
228 0
115 0
365 65
599 12
590 62
428 0
178 36
209 0
180 49
120 0
110 0
35 2
2 33
0 84
43 81
38 126
15 8
1 7
37 1
49 17
43 38
27 0
29 16
27 11
30 3
17 118
15 38
0 4
14 0
0 13
6 0
0 0
0 0
0 0
0 0
13 0
0 40
0 9
0 113
0 37
18 109
0 3
0 17
0 450
0 240
0 114
18 15
5 12
0 13
8 3
0 29
0 15
0 13
0 0
0 0
0 2
0 0
0 0
0 0
0 0
0 0
3 5
27 1
85 85
86 42
197 46
122 4
175 0
207 22
216 100
199 351
313 408
379 330
60 285
165 256
192 388
143 331
257 243
229 255
144 105
25 100
0 37
0 22
0 10
0 12
1 22
4 94
5 67
10 38
0 86
16 133
0 2
0 0
0 0
27 52
5 124
0 116
0 120
4 43
0 65
0 26
0 4
11 20
0 0
1 0
0 0
0 0
0 4
2 0
15 2
12 0
18 0
0 0
7 0
66 3
70 6
5 0
0 0
0 0
0 0
28 0
24 0
57 0
64 0
52 3
49 3
54 8
41 6
66 0
70 14
64 0
54 16
49 5
83 0
131 8
9 11
64 0
158 4
178 3
158 21
42 74
0 32
0 114
0 172
0 66
0 14
4 134
0 36
0 0
0 22
16 23
8 31
6 4
3 0
11 0
3 0
31 1
14 0
15 0
3 0
7 0
0 0
0 0
0 0
0 0
6 2
3 0
1 0
0 0
0 0
0 0
0 0
0 0
1 1
19 0
0 0
3 0
0 0
0 0
0 0
0 0
0 0
0 0
0 0
0 9
0 0
0 0
0 0
0 8
0 0
2 1
0 0
0 9
0 1
0 4
0 1
0 5
0 2
0 0
0 2
0 18
8 0
0 0
0 0
11 1
2 4
3 0
17 0
2 0
6 0
0 0
2 0
0 7
0 0
0 0
3 2
0 13
0 2
5 0
16 0
1 9
53 24
73 6
90 0
302 0
668 0
852 0
1308 0
1998 0
2260 0
2490 0
2540 17
2220 32
1978 27
1256 18
975 22
510 14
602 12
746 8
962 10
1327 11
1531 7
1684 0
1885 0
2416 8
2752 6
2539 1
921 0
971 0
439 0
386 0
215 0
356 0
472 0
430 0
468 0
345 26
6 0
97 12
537 0
499 0
338 0
14 4
172 0
299 0
151 2
19 0
169 0
199 0
49 0
1 0
24 0
0 0
29 0
10 0
5 0
16 0
0 0
22 0
9 0
62 0
75 0
0 0
19 0
17 0
1 0
0 0
38 0
85 0
108 0
88 0
65 0
46 0
195 0
217 0
148 0
196 0
114 0
84 0
80 0
13 0
0 0
0 0
0 0
0 8
0 0
2 0
0 1
0 0
1 0
0 0
5 4
8 18
103 0
107 0
383 0
333 0
264 0
214 0
245 0
509 0
725 0
771 0
623 18
626 0
656 0
620 0
497 0
378 0
127 0
53 0
51 0
1 0
36 0
55 0
94 0
46 0
69 0
179 0
250 0
236 0
155 0
74 0
52 0
200 0
480 0
310 0
285 0
70 0
14 0
0 0
7 11
3 0
2 0
0 10
7 3
9 0
3 0
11 0
1 0
8 10
5 0
0 1
5 0
2 0
5 11
2 9
0 7
0 3
0 44
6 17
0 8
7 0
3 3
1 0
0 0
7 0
11 0
12 0
1 17
3 10
1 18
4 0
7 0
28 9
51 3
76 2
65 7
57 12
109 22
144 28
58 11
110 35
93 98
40 146
84 108
147 96
149 13
68 26
84 1
103 4
207 26
188 0
88 7
70 13
115 17
122 62
105 119
51 49
89 44
31 32
24 2
33 3
8 4
2 52
2 127
0 192
0 261
0 321
126 289
182 343
139 384
107 405
48 439
114 285
162 173
242 141
291 115
267 29
251 11
269 5
169 1
140 6
249 2
294 0
317 4
255 1
133 0
112 0
82 3
107 13
161 0
162 0
151 1
148 0
128 0
109 7
49 0
11 12
2 0
0 0
0 0
0 0
4 0
0 0
0 0
0 0
0 4
0 0
0 0
0 0
0 0
0 0
0 0
0 0
1 0
0 0
0 0
0 0
0 12
0 0
0 0
0 3
0 0
0 0
0 0
0 0
0 0
0 0
0 0
0 0
0 7
0 0
0 0
0 0
0 2
0 3
39 0
86 0
75 0
101 2
6 0
18 0
11 0
3 0
11 3
3 0
3 0
3 0
0 0
0 0
3 0
1 0
34 20
63 16
49 31
75 25
143 2
224 8
209 0
147 2
127 0
127 21
93 2
68 5
51 29
42 0
35 1
40 6
15 0
8 0
0 2
0 0
0 0
0 0
0 0
0 0
0 0
0 0
0 13
0 0
0 0
0 0
0 0
0 0
0 1
0 0
0 20
0 0
0 0
0 6
23 0
5 11
0 5
6 0
0 0
0 16
0 29
0 1
0 1
0 14
0 28
0 0
0 4
0 11
0 1
0 5
0 0
0 1
0 0
0 0
0 0
0 0
0 0
0 11
2 4
0 0
6 0
11 0
1 0
3 0
21 0
56 0
131 11
212 16
125 0
291 0
264 0
236 0
239 0
212 5
81 1
99 0
60 0
41 0
43 0
160 4
169 5
276 0
307 1
169 0
37 0
263 0
333 0
189 0
293 0
454 0
670 0
490 2
71 0
246 0
300 0
153 0
12 0
103 0
78 1
33 0
46 0
87 0
226 1
504 0
349 0
142 0
186 0
152 0
185 0
121 0
139 0
69 0
62 0
84 0
92 0
94 0
90 0
60 0
62 0
63 0
43 0
31 0
85 0
44 0
11 0
10 0
8 0
0 0
0 0
0 0
1 0
7 14
36 0
42 1
12 0
10 1
0 0
0 0
0 2
1 15
0 40
0 14
0 5
0 0
0 16
0 42
1 104
0 35
0 13
1 32
2 26
0 69
1 64
3 25
9 2
11 0
4 27
27 66
21 118
16 45
8 14
26 13
6 3
20 54
0 158
0 99
1 60
1 2
7 8
1 58
11 148
0 96
0 114
0 33
0 53
0 112
7 51
0 5
0 12
0 51
0 76
0 45
0 27
1 81
0 55
0 112
2 29
0 19
0 55
0 76
0 56
0 40
5 65
2 56
1 24
0 0
0 18
0 43
0 67
0 11
0 23
0 6
38 0
0 0
16 4
1 36
3 32
0 9
1 12
0 0
0 0
0 0
0 0
0 13
0 0
0 1
15 0
37 2
19 0
56 2
18 0
17 0
18 19
5 0
4 7
14 0
12 1
80 0
46 1
15 0
94 1
31 11
102 0
132 3
22 0
21 0
25 1
79 22
2 0
19 2
4 3
14 0
0 0
0 0
0 0
8 0
2 0
11 0
24 0
84 0
93 0
74 0
76 0
44 0
17 0
46 0
6 0
14 0
48 1
0 0
2 0
9 0
0 0
0 0
0 0
0 0
0 0
0 0
0 0
0 0
0 0
0 0
0 0
0 0
0 0
9 0
16 0
0 0
10 0
0 0
10 0
39 0
4 0
100 0
5 0
1 0
43 0
25 0
22 0
41 1
49 0
14 0
71 26
56 4
35 0
71 7
6 0
122 0
34 0
9 0
9 0
5 0
18 0
0 0
0 0
0 0
0 0
14 0
8 6
0 0
10 0
0 0
0 0
0 0
46 0
3 0
70 0
28 0
109 0
98 0
39 0
99 0
106 0
169 0
152 0
150 0
133 0
45 0
109 0
68 0
7 0
11 0
5 0
104 0
12 0
14 0
48 0
0 0
26 0
18 0
2 0
4 0
0 0
1 0
0 0
0 73
0 88
0 3
8 3
0 7
0 10
0 14
0 0
0 5
0 4
0 65
0 17
0 11
2 14
0 0
0 0
0 2
5 24
0 0
0 33
0 35
0 7
0 0
0 27
0 44
0 110
0 132
0 146
3 222
2 196
1 153
10 82
5 48
7 32
2 10
3 20
20 1
1 5
39 41
13 49
16 112
25 97
0 132
5 41
7 11
15 58
16 40
3 79
0 200
7 157
27 18
12 112
4 20
10 107
0 27
0 64
0 55
0 0
2 28
0 32
1 21
6 0
0 0
6 44
0 3
0 34
0 23
0 23
0 0
0 13
12 7
0 20
0 206
0 204
0 91
0 137
0 93
0 23
0 61
0 79
0 96
0 40
0 45
0 60
0 21
0 120
1 162
2 123
0 16
0 24
0 106
0 66
2 85
0 28
0 3
0 0
0 37
0 62
0 28
0 141
4 110
29 27
1 28
11 7
1 35
0 132
0 4
1 45
0 246
0 43
0 5
6 3
0 57
13 56
0 27
0 54
0 8
0 16
0 10
0 12
0 2
0 16
0 13
0 13
0 27
0 27
0 44
0 29
0 15
0 9
0 71
4 144
0 25
0 0
0 7
0 10
0 19
0 40
0 31
0 22
0 4
21 5
22 36
0 98
7 44
3 29
2 6
0 138
0 186
0 60
4 1
0 0
4 14
0 14
3 0
0 20
0 199
0 97
0 15
0 20
0 65
0 60
0 5
0 7
0 5
0 127
0 106
0 7
0 11
0 2
0 18
0 31
0 31
0 9
0 7
0 0
0 4
16 11
2 0
0 0
4 10
3 129
0 204
0 16
0 49
0 15
0 28
0 9
2 64
0 43
0 39
0 4
0 41
0 64
0 22
0 27
0 101
0 95
0 15
0 29
0 79
3 219
0 59
0 42
0 136
1 193
0 182
0 174
0 147
0 55
0 91
0 46
0 11
1 191
0 8
0 42
0 28
0 3
0 26
0 72
0 53
0 26
0 21
0 87
0 170
1 199
8 83
11 19
0 4
25 1
0 0
0 31
0 17
0 2
0 2
0 13
0 4
0 40
1 79
0 70
0 298
0 387
0 302
1 362
0 363
0 177
0 136
2 133
0 227
0 450
0 604
0 762
0 1025
5 1467
8 1516
5 1204
5 620
0 141
0 140
2 376
5 633
0 286
0 389
5 466
0 282
0 196
3 523
6 975
4 506
20 39
2 24
0 44
1 6
0 0
0 1
0 1
0 9
0 7
0 5
0 29
0 2
0 26
0 206
0 81
0 87
0 85
5 160
3 168
0 516
2 194
0 133
0 114
0 114
1 50
2 32
0 52
0 79
0 42
0 19
0 9
0 1
0 35
0 53
0 72
0 54
0 39
7 46
0 0
0 5
25 6
0 24
0 7
0 4
4 33
0 10
0 2
0 3
0 0
0 0
0 0
0 0
0 0
0 0
0 4
0 0
0 0
0 10
0 0
0 6
0 10
0 0
0 0
0 19
0 23
0 0
0 21
1 0
0 2
25 8
4 0
0 0
0 4
17 0
4 7
0 4
0 0
0 23
2 16
8 0
0 44
1 9
0 11
0 25
0 54
0 43
0 0
0 5
0 0
0 0
0 1
6 16
24 0
18 8
18 80
1 0
0 4
3 33
0 0
0 4
0 0
0 1
7 0
30 0
28 0
52 0
7 0
78 6
24 0
74 0
103 12
23 3
17 7
6 0
0 0
0 3
0 0
0 5
0 0
1 10
0 0
0 10
0 14
7 23
0 19
0 3
4 8
0 28
4 32
0 35
2 54
0 15
0 2
0 56
0 335
1 366
0 167
0 83
0 51
7 32
0 8
0 33
0 52
0 39
5 28
0 0
0 38
0 24
0 0
0 21
0 0
20 0
2 0
0 17
0 0
0 0
0 19
0 13
0 43
0 39
0 34
0 0
0 22
0 6
0 5
0 41
0 45
0 36
0 0
0 10
0 27
0 49
0 9
0 32
0 78
0 114
0 371
0 651
0 749
0 675
0 372
0 160
0 225
7 147
0 107
0 43
12 44
0 24
0 195
3 204
0 111
0 89
0 118
0 11
0 154
0 51
0 28
0 34
0 41
0 64
0 23
0 122
0 81
0 0
0 40
0 7
1 37
0 57
0 0
0 13
0 3
0 10
0 22
0 4
0 2
0 53
0 69
0 0
0 54
0 77
1 0
30 4
0 23
8 1
0 2
0 0
0 0
0 0
0 0
0 0
0 0
0 0
0 18
2 20
0 73
0 108
12 77
0 156
1 83
6 17
8 14
2 24
2 1
86 0
124 5
121 10
144 69
137 71
170 27
164 39
138 56
129 42
113 50
128 84
73 255
14 371
57 249
0 45
55 5
105 71
172 170
312 148
365 32
327 15
442 17
255 31
161 16
312 49
239 68
138 41
106 2
129 12
51 0
128 9
82 16
44 8
16 2
84 0
153 0
168 0
70 0
42 4
28 0
22 19
63 14
71 16
126 15
88 11
59 2
48 2
5 7
0 0
0 7
0 0
17 19
0 7
5 10
4 14
0 21
2 14
3 49
27 8
20 2
39 28
40 74
30 122
28 74
18 54
33 88
9 54
0 12
8 7
6 106
0 94
4 13
0 26
0 21
0 22
0 1
4 8
0 0
0 0
0 3
0 6
0 13
0 0
0 0
0 0
0 0
0 0
0 0
0 0
0 6
0 1
0 0
1 3
0 0
0 0
0 0
0 1
0 2
0 12
3 9
0 8
0 4
0 0
0 0
0 0
39 3
3 0
0 0
7 4
0 0
0 0
0 4
0 143
0 410
3 508
2 228
0 148
0 189
0 374
0 119
0 305
3 346
0 173
0 94
0 37
0 61
3 93
0 6
0 38
0 88
2 65
2 240
0 231
0 153
0 103
0 291
3 238
3 313
2 715
5 639
35 610
1 662
10 554
0 605
1 502
0 762
0 815
0 965
0 1017
1 1049
5 896
4 802
1 415
0 204
3 85
0 60
0 175
1 331
3 704
5 974
2 1024
0 1028
0 939
0 960
0 968
0 1127
0 1124
1 1139
0 1451
0 1433
0 1296
0 1158
4 1255
0 1036
0 958
0 1067
1 1337
0 1208
0 1141
0 967
0 1088
0 962
0 819
0 898
25 1142
6 995
3 979
0 916
0 839
0 1008
1 968
1 926
3 788
17 815
85 715
79 505
55 493
11 499
6 494
4 508
0 515
9 514
9 508
3 479
3 223
4 309
2 239
2 380
1 196
7 214
0 121
4 218
10 220
6 153
6 182
7 208
6 135
8 122
0 222
2 403
4 553
2 227
4 99
0 32
9 0
1 8
2 121
1 35
4 17
1 20
3 186
0 628
0 548
0 519
6 466
8 532
4 407
0 570
9 489
6 273
0 223
7 343
5 169
3 221
1 155
0 30
0 106
9 48
2 7
0 79
50 10
90 14
0 82
1 53
2 24
10 27
10 49
0 13
0 46
2 37
1 46
1 61
0 12
0 45
0 23
0 40
0 59
0 32
0 1
0 84
1 52
0 2
0 54
0 16
0 25
2 65
0 0
0 44
23 47
8 8
0 125
4 108
9 10
0 122
6 112
12 0
6 131
24 147
2 178
2 239
5 192
0 86
0 109
5 259
0 164
1 69
1 175
6 247
5 132
0 28
19 110
5 119
2 19
0 59
6 132
4 54
0 2
1 48
5 44
3 0
1 39
27 8
49 19
56 23
29 47
0 67
6 143
18 230
14 242
10 145
54 31
7 27
4 123
2 87
0 86
0 134
11 213
0 73
0 27
0 14
2 15
2 0
23 0
8 0
9 0
1 0
6 25
12 39
24 21
11 87
0 36
7 66
0 164
6 211
3 144
4 55
0 22
0 39
1 136
2 137
11 85
91 105
15 6
63 32
39 91
5 48
18 12
11 26
1 64
0 56
0 77
1 66
3 30
0 66
60 40
157 3
362 2
139 3
54 4
116 15
149 79
79 156
77 339
13 381
73 260
54 301
78 553
13 542
11 575
21 767
0 998
0 1384
0 1565
1 1473
0 1263
3 1773
0 1763
0 1746
0 1280
0 246
0 44
0 59
0 76
23 288
0 579
6 473
0 374
0 309
0 362
0 357
0 273
3 481
1 321
4 418
2 550
0 348
0 380
0 383
0 540
2 530
0 462
1 549
0 542
1 421
0 720
7 669
6 1039
0 1022
0 862
0 626
4 590
0 553
2 340
2 266
0 272
0 306
5 304
0 142
0 302
0 317
0 375
0 312
0 549
0 856
7 1088
20 1158
18 1325
16 1254
14 1388
5 1266
33 1675
21 1391
19 1292
5 1565
8 1704
7 1481
4 1614
2 1002
0 736
0 564
7 942
13 1403
10 739
0 418
18 1002
13 1471
19 1778
12 1399
9 1093
10 1192
6 952
3 639
0 398
0 838
0 1267
2 1471
4 1847
8 2586
6 2686
6 2095
17 1408
17 1164
21 1239
17 797
8 652
11 719
10 607
9 387
17 723
14 755
11 522
8 309
9 256
3 53
2 89
9 441
7 519
8 267
40 414
16 399
25 416
19 678
19 803
17 889
16 867
6 593
3 400
11 316
7 284
6 106
12 155
2 64
3 42
0 23
0 32
0 0
0 26
0 30
0 68
3 49
3 27
4 38
1 39
5 224
0 199
0 220
7 276
6 196
6 220
0 106
1 40
1 6
5 28
0 22
0 80
2 85
0 70
0 77
11 424
11 513
19 726
21 1031
22 1200
22 1526
19 1382
19 1142
8 1134
42 1234
19 1533
11 943
7 803
5 1450
0 1969
0 2007
0 2211
1 2464
0 2339
2 1971
0 1300
1 808
0 672
8 739
2 628
7 947
8 1287
6 1135
18 837
140 744
161 728
120 971
126 792
18 651
11 526
29 571
164 1381
35 1525
21 1487
77 1561
66 1278
27 1134
13 1242
5 1080
4 788
2 422
7 953
9 1461
16 1935
15 2044
16 2249
19 1971
10 1423
2 523
12 127
23 64
0 99
0 99
4 182
14 288
7 230
3 136
2 241
2 403
0 141
0 259
8 724
9 958
12 1248
11 1478
11 1398
10 950
9 368
3 339
11 69
2 22
0 92
0 37
0 1
0 21
0 0
0 3
0 5
0 4
0 2
0 0
0 2
0 0
0 5
0 16
0 13
0 31
0 14
0 47
0 41
0 37
0 57
0 58
0 144
0 27
0 27
0 22
0 23
0 0
0 0
0 11
0 1
0 1
0 12
0 9
0 9
0 28
0 29
3 20
17 28
0 9
0 26
0 9
0 0
1 14
0 1
0 0
0 0
0 7
0 0
0 0
0 0
0 1
0 0
0 0
0 0
0 0
0 0
0 0
0 19
0 0
0 0
0 0
0 0
16 0
2 0
0 0
3 0
0 0
0 0
0 0
0 0
0 0
6 0
0 0
0 0
0 0
0 0
0 0
0 3
0 0
0 0
0 0
0 0
0 0
0 0
0 0
2 0
27 0
0 0
0 3
0 0
0 0
0 68
0 81
0 83
0 273
0 846
1 794
0 467
0 552
0 781
0 815
0 952
0 1169
1 1542
5 2401
7 2422
5 2390
3 1652
0 1046
0 1021
1 1239
2 1400
0 1466
0 1164
0 669
0 467
0 616
0 846
0 1118
0 1238
0 1017
1 901
3 896
1 782
0 416
1 348
9 501
13 478
3 578
11 679
0 743
0 690
5 679
5 584
0 537
0 531
0 484
4 575
1 631
1 612
0 506
0 503
0 498
0 467
3 384
0 256
7 305
7 265
0 530
5 678
1 685
0 667
3 910
0 808
0 818
0 813
0 820
0 746
0 603
0 450
0 449
0 466
0 845
0 1108
2 1383
2 1337
3 1298
0 1136
0 774
0 450
0 241
3 435
0 612
0 783
0 953
0 951
0 780
1 821
0 678
0 532
0 389
0 424
0 496
0 437
0 360
0 406
0 461
3 714
0 1015
16 1074
0 741
0 168
3 203
1 547
0 815
5 771
2 770
0 477
0 474
0 318
0 235
2 228
0 127
0 99
0 71
0 31
0 5
0 12
0 0
0 20
0 40
2 52
0 34
2 87
0 21
0 36
15 157
6 300
0 453
8 381
0 384
6 353
0 168
0 107
0 155
4 290
0 239
19 163
9 112
0 90
0 26
0 28
0 39
0 9
0 3
0 63
0 0
0 7
0 117
0 299
0 272
0 387
1 559
0 811
0 774
0 1049
11 1516
0 1541
0 1604
0 1270
0 910
12 736
25 494
0 514
5 521
0 663
2 528
15 565
39 468
26 140
32 312
52 503
79 421
74 466
63 394
58 165
18 65
0 171
0 209
25 306
2 523
23 780
19 680
21 598
25 372
8 440
0 560
0 296
1 256
0 522
3 711
3 618
7 788
2 635
1 836
3 815
0 782
0 1108
0 1528
3 1382
12 811
39 1596
4 1719
6 2196
7 1217
7 1377
2 1101
1 480
0 800
7 922
9 834
12 923
11 1309
10 1283
3 927
0 472
5 510
5 571
10 872
2 1211
1 1395
0 981
3 437
2 312
3 322
4 858
6 807
5 253
0 663
0 1253
1 1114
0 320
0 759
1 462
0 438
0 511
0 160
0 19
0 205
0 224
0 151
0 107
4 13
19 46
0 19
1 8
0 10
0 7
0 8
0 16
0 0
1 61
4 225
4 218
4 48
0 61
1 98
0 32
5 182
4 304
6 484
5 480
4 234
0 118
0 78
0 96
0 149
0 154
1 208
0 128
0 127
0 95
0 69
0 14
0 0
0 10
0 0
0 18
0 45
27 46
20 9
0 121
0 171
4 222
0 170
0 121
0 45
0 2
0 41
0 33
0 23
0 36
0 21
0 43
0 58
0 39
0 25
0 16
0 21
0 2
0 0
0 4
0 44
0 73
0 61
0 63
0 64
0 113
0 100
0 74
0 60
0 82
0 57
0 31
0 51
0 135
4 273
2 253
3 292
2 243
3 171
5 142
0 192
3 246
7 238
0 248
6 204
3 259
6 366
3 255
2 149
0 29
0 5
0 240
0 291
1 421
0 284
1 140
5 201
2 239
3 215
0 94
0 71
0 73
0 65
8 117
23 194
2 104
28 209
2 232
0 136
0 173
0 150
0 116
0 79
0 2
1 36
0 58
0 75
0 21
0 31
0 48
0 16
0 4
0 13
0 2
0 19
0 29
0 50
0 92
2 85
2 65
0 72
0 106
0 103
2 70
0 52
0 38
3 43
26 57
1 65
1 38
0 30
4 73
0 119
0 141
0 105
0 75
0 1
0 7
0 31
0 29
0 1
0 0
0 2
0 9
0 19
0 6
0 21
0 17
0 53
0 55
0 40
0 51
3 146
2 199
2 318
2 302
2 226
0 153
0 29
31 26
0 39
0 49
5 45
0 84
0 46
0 63
0 17
0 19
0 1
0 2
2 9
0 14
0 3
0 1
0 3
0 13
0 7
0 1
0 0
0 0
0 0
0 0
0 0
0 0
0 21
0 7
45 3
0 5
0 0
6 0
1 5
0 0
0 0
1 0
0 0
0 0
0 0
0 1
0 0
0 0
0 0
0 0
0 0
0 0
2 20
0 6
0 3
0 0
0 25
0 25
0 17
0 33
0 72
0 44
0 65
0 89
0 106
0 115
0 101
0 87
4 218
3 238
0 259
0 103
4 144
5 272
3 195
0 89
0 74
0 178
1 129
0 295
0 293
1 267
0 275
1 84
0 66
0 104
0 11
0 14
0 83
39 72
0 26
0 27
3 34
2 16
3 1
0 11
0 7
2 0
0 2
4 0
0 6
0 40
0 68
0 3
0 16
0 9
0 22
0 9
0 11
0 0
0 2
0 0
0 0
0 0
0 0
0 0
0 0
0 0
0 0
0 0
0 3
0 5
0 13
0 17
0 34
0 113
3 78
4 120
5 141
4 249
4 299
4 368
6 610
5 523
0 370
3 268
4 381
6 595
7 639
7 752
8 752
6 571
6 449
3 312
1 142
0 109
0 73
0 16
0 48
0 64
0 134
0 200
12 388
15 406
5 488
10 589
10 768
10 739
8 598
1 206
0 166
0 108
2 138
6 215
4 424
6 317
4 233
0 46
0 30
1 31
0 113
0 59
0 24
0 18
3 49
0 67
0 60
0 39
0 11
0 11
0 32
0 27
3 157
5 395
4 903
2 1031
0 760
1 513
2 720
21 605
31 609
30 484
3 306
44 95
6 70
13 49
0 106
1 72
10 68
1 67
6 25
0 9
5 101
0 36
0 12
0 1
0 45
0 85
0 168
0 169
0 81
1 156
0 78
0 173
0 76
0 62
4 41
33 42
1 21
0 61
0 36
0 64
2 86
5 67
0 87
3 204
7 410
3 613
31 484
2 496
2 503
8 483
0 702
0 1052
4 883
4 876
6 640
6 488
6 535
5 565
5 487
2 201
0 77
0 45
0 0
0 49
0 201
0 127
0 34
2 64
0 21
0 41
2 18
0 3
0 69
0 142
0 252
0 123
0 85
0 854
0 655
0 82
0 468
0 157
0 163
1 213
0 6
0 13
0 1
0 0
0 0
0 6
0 0
0 8
0 7
0 0
0 0
0 0
0 0
0 0
0 0
1 0
0 0
0 18
1 17
27 7
0 0
1 0
6 0
0 0
1 0
0 6
0 0
0 14
0 0
0 0
0 0
0 13
0 43
0 4
0 7
0 1
0 18
0 7
0 17
0 75
0 139
0 173
0 295
0 257
0 40
0 426
0 859
0 511
0 399
0 426
0 86
0 286
0 106
0 158
0 120
0 113
0 96
0 93
0 93
0 14
0 143
0 419
0 352
13 30
2 161
0 339
7 204
4 10
5 122
31 209
10 433
6 526
0 146
0 239
0 20
0 99
0 23
0 1
0 5
0 0
0 7
0 0
0 3
0 2
0 1
0 0
0 1
0 0
0 0
0 0
0 0
0 0
0 0
0 0
0 3
0 0
0 0
14 0
2 0
63 0
166 0
162 0
125 0
230 0
141 10
44 11
95 3
93 3
130 4
245 1
285 1
139 9
55 0
61 4
2 0
82 7
40 20
27 10
59 30
1 23
0 10
1 9
0 0
5 4
1 0
27 5
47 0
208 0
348 0
445 11
407 0
430 0
223 0
112 0
68 0
39 0
35 3
0 0
3 0
13 21
23 64
0 79
0 53
1 45
2 99
0 177
0 72
0 98
0 434
1 1033
3 1086
3 772
2 779
9 918
6 1194
32 909
6 987
13 1338
7 1471
7 1615
8 2182
10 2980
6 2571
6 2215
0 1609
1 1266
2 1121
2 943
0 867
0 1127
2 2005
1 1914
1 2434
0 2306
2 2300
7 2143
5 1499
2 1144
0 1038
18 1513
17 1588
16 1456
6 1632
16 1943
14 2238
12 2485
16 2875
11 2767
13 2795
16 2399
10 1916
70 1441
57 784
13 424
9 951
19 1587
27 2017
19 1964
32 1679
9 1028
25 857
26 1267
25 1532
6 1640
18 1634
8 1906
12 2255
11 1906
7 1266
13 1344
35 1737
17 1590
24 1058
14 1768
19 1628
45 1628
8 1336
3 669
5 1094
11 1266
14 811
13 779
15 1125
2 1317
4 786
16 1106
0 877
18 963
18 552
4 629
0 854
3 1191
5 1312
6 969
0 572
0 1029
2 552
0 1015
0 1297
0 1386
0 1559
0 1673
3 2020
4 1906
0 1728
0 1473
0 1302
2 1405
7 1164
6 903
6 772
3 733
0 858
0 778
0 872
0 1109
0 1092
0 862
0 587
1 359
3 191
3 480
4 459
5 497
3 453
4 491
14 417
15 477
2 334
7 225
0 104
0 67
0 101
0 109
0 52
0 71
8 267
0 436
0 772
23 963
1 775
2 408
3 171
37 897
2 903
0 388
22 276
6 780
45 1202
16 1494
13 1626
7 1462
5 843
4 1274
4 1345
15 945
0 464
3 110
30 219
44 426
50 189
64 197
28 217
45 155
22 65
0 241
0 374
2 438
0 157
0 49
3 106
9 406
4 462
9 771
13 772
9 1026
15 1136
10 1322
11 1208
19 1271
15 905
9 345
53 351
23 498
1 313
71 101
12 165
28 191
42 324
20 685
39 615
37 448
45 776
31 549
35 536
42 349
47 217
34 22
23 121
13 100
6 54
0 0
0 10
0 42
29 182
1 341
18 210
9 138
12 395
8 350
80 110
163 51
137 145
102 32
81 53
74 136
32 192
52 152
55 114
6 218
0 200
7 245
3 199
5 628
8 1245
2 926
2 323
13 454
2 334
0 197
0 212
1 218
2 223
3 335
2 563
4 550
6 771
16 691
43 733
38 863
32 797
11 1159
15 1928
47 1864
44 1606
110 879
48 334
61 0
59 25
16 342
42 347
69 498
53 301
235 404
477 514
357 466
139 374
338 181
606 50
675 74
270 22
416 23
550 0
761 8
545 0
479 2
655 4
484 0
249 2
262 0
246 0
422 4
288 0
313 0
350 2
253 3
312 9
407 37
316 1
337 12
284 2
201 3
301 0
452 6
445 0
313 0
540 0
587 0
619 0
477 0
397 0
236 0
220 0
204 0
91 0
26 0
66 0
18 0
13 0
0 0
26 0
3 0
9 0
9 0
10 0
0 0
28 0
4 0
10 0
33 0
61 0
135 0
172 0
133 0
54 0
15 0
87 0
134 0
106 0
75 0
0 0
0 0
0 0
0 0
24 0
425 0
601 0
728 0
181 0
554 0
632 6
400 0
124 0
62 0
0 0
23 0
0 0
0 0
0 0
31 1
35 0
8 0
15 2
6 23
57 32
172 22
250 65
261 84
251 264
88 335
31 360
8 338
7 327
6 332
5 223
7 150
0 103
0 100
1 197
4 408
10 525
34 669
20 666
46 628
44 673
45 520
21 485
2 268
34 145
8 50
4 20
69 11
57 0
33 0
116 0
146 0
84 0
14 0
14 0
0 0
0 0
3 0
4 10
0 6
0 18
0 28
2 5
0 49
0 43
0 52
0 86
2 82
0 46
20 92
7 61
3 0
34 27
11 0
30 0
42 0
42 1
21 0
13 21
33 1
92 2
97 3
124 1
120 0
86 0
95 0
74 0
95 1
67 0
97 0
107 96
142 362
218 770
127 932
51 1175
125 1239
74 1403
292 1579
267 1301
90 1331
17 1282
21 1378
26 1429
10 1618
12 1605
30 1438
46 1644
32 1429
15 1471
13 1096
5 491
6 264
4 206
4 364
3 109
0 7
0 39
0 63
10 48
3 39
6 103
35 26
70 15
35 3
27 38
16 3
11 0
6 0
15 10
15 0
32 0
24 8
12 0
10 0
86 11
100 30
172 0
410 9
382 15
492 10
572 0
758 0
1290 0
2175 0
2557 3
2687 0
2848 22
2994 34
2568 28
2134 20
1594 16
1169 17
889 29
569 5
599 4
1463 10
1802 15
2535 72
3070 465
3127 754
3052 957
2824 876
2949 654
2528 807
1183 1102
868 1211
239 1229
338 1048
481 920
193 838
34 713
115 427
171 369
161 207
113 120
84 242
95 315
97 214
15 138
287 561
606 517
621 192
445 44
166 96
70 75
138 40
118 75
6 88
24 140
25 127
97 175
14 225
16 231
21 162
4 217
10 234
15 124
14 128
0 27
3 41
0 11
1 27
0 20
2 0
11 0
28 0
3 0
113 0
245 1
476 2
495 10
879 4
1256 22
1371 11
812 4
85 13
43 6
216 0
126 23
35 31
56 52
85 71
132 150
135 63
97 193
30 272
4 330
0 388
0 411
0 375
0 414
23 222
32 116
17 81
48 85
53 105
121 156
308 273
455 330
511 515
539 462
479 415
477 447
531 389
643 323
903 187
1055 54
1183 54
1395 0
1475 0
1289 0
1349 0
1377 23
1460 24
1488 91
1265 43
1212 82
1147 74
1106 31
859 19
582 19
253 3
305 0
517 0
639 2
667 10
701 17
761 5
902 7
736 7
546 6
122 0
10 2
205 3
664 5
1036 1
1281 0
1348 0
1521 0
1595 0
1729 0
1534 4
1616 9
1988 28
2470 45
1711 109
1237 71
904 99
799 167
826 147
488 126
516 143
215 34
37 39
110 11
67 13
5 53
100 127
36 95
48 179
61 195
87 184
68 170
40 212
45 160
19 138
94 126
74 138
31 88
112 70
150 2
183 5
79 14
74 7
18 9
36 9
22 7
2 3
0 63
15 10
4 4
6 0
20 0
26 0
158 0
261 11
172 0
181 16
87 3
38 7
45 1
20 0
1 0
15 11
6 46
0 147
2 589
0 793
0 1033
0 857
4 811
17 898
12 1073
3 1292
21 1397
9 1145
16 740
29 1022
16 1872
12 1922
26 1451
26 795
11 566
30 985
60 907
10 867
7 684
10 667
26 1039
11 1047
4 900
0 969
1 882
12 868
74 524
89 374
120 301
185 256
312 322
502 259
317 452
507 674
871 793
490 444
255 251
58 288
129 581
485 871
686 1280
538 1093
219 687
59 377
283 524
242 1440
186 1618
136 1424
137 1713
182 1481
242 749
80 237
41 237
24 437
26 422
29 590
54 537
29 392
95 147
87 90
36 7
9 7
32 11
17 6
6 4
22 7
21 1
25 4
2 2
1 0
4 15
0 0
0 0
0 0
0 0
0 0
2 0
41 0
30 0
126 0
155 0
123 5
61 0
81 0
74 0
49 0
47 0
7 0
16 0
0 0
21 41
25 54
122 133
205 0
171 90
130 3
113 5
65 0
66 0
37 12
32 0
45 0
33 0
58 0
36 0
50 0
150 3
211 0
264 0
401 0
341 56
285 173
207 5
187 8
123 322
132 234
170 53
119 104
0 13
70 0
125 16
44 24
113 20
35 36
80 0
79 7
65 0
91 0
23 0
3 0
43 0
64 0
102 0
104 0
234 0
119 0
105 0
27 0
22 0
4 0
17 0
118 0
383 0
443 0
274 0
64 0
37 0
84 0
189 0
123 0
181 0
54 0
0 0
8 0
116 0
225 0
204 0
227 0
138 0
182 0
126 0
60 0
59 0
41 0
0 0
0 4
16 0
0 0
12 3
12 4
0 2
0 0
0 2
5 1
0 2
23 2
8 0
10 1
51 0
122 2
350 1
379 15
206 12
132 59
220 49
637 36
1072 24
980 18
732 8
851 0
713 0
392 0
654 0
590 0
525 0
448 0
314 17
345 0
296 0
126 0
78 0
15 0
8 0
0 0
15 0
32 0
115 0
185 0
247 0
281 0
166 0
91 0
217 0
235 0
354 0
244 0
162 1
183 0
226 0
217 0
227 0
299 5
331 0
354 0
314 0
271 0
180 0
41 0
25 0
30 0
53 0
26 0
46 0
12 0
21 0
29 0
11 0
6 0
0 0
0 0
0 0
0 0
0 0
0 0
18 0
31 0
12 0
47 0
116 0
212 0
339 0
302 0
321 2
218 0
816 0
1170 0
1590 0
1603 4
1493 0
1024 0
785 0
632 5
426 1
226 1
120 0
18 0
31 0
34 0
158 0
234 0
332 0
461 0
470 0
339 0
327 0
238 0
30 0
92 2
112 27
63 86
75 116
174 217
193 138
254 187
339 163
266 89
335 49
354 0
338 0
77 0
101 0
272 10
410 22
347 7
209 26
43 21
0 7
1 9
105 28
279 27
305 77
211 35
194 9
113 9
1 9
0 15
0 5
2 0
25 0
102 3
108 0
63 0
11 0
10 2
2 1
0 16
0 20
0 72
0 30
6 48
0 57
0 54
0 18
0 8
21 5
40 11
13 45
21 101
4 159
11 218
6 294
20 255
5 381
0 425
26 422
17 246
17 210
49 80
72 40
79 0
92 0
40 0
67 20
59 33
138 47
37 75
110 50
34 29
37 31
41 31
24 1
7 0
7 2
4 6
25 0
52 0
101 0
162 0
200 0
421 0
499 0
698 0
786 0
750 0
571 0
437 0
339 0
180 0
219 0
242 0
257 0
251 0
191 0
129 0
151 2
109 0
1 0
63 0
0 0
36 0
11 0
17 0
2 0
13 0
47 5
8 3
36 0
29 0
31 0
184 0
41 0
18 0
149 0
84 0
4 0
0 0
10 0
14 0
0 0
0 0
13 0
1 0
0 0
0 0
4 0
0 0
7 0
1 0
13 4
15 4
0 0
14 0
0 0
17 0
7 0
0 0
11 0
4 0
2 0
28 0
0 0
3 0
46 0
108 0
196 0
228 0
134 0
98 0
277 0
281 0
210 0
45 0
158 0
456 1
625 0
385 0
379 0
376 3
276 0
258 1
244 0
189 0
52 0
48 0
50 0
17 0
0 0
16 0
79 0
34 0
33 0
17 0
8 0
14 0
20 0
7 0
52 2
112 25
132 23
319 20
322 43
175 24
370 23
214 23
116 8
54 0
56 0
68 0
22 0
28 0
42 0
30 0
41 0
47 0
53 0
58 0
41 0
89 0
22 0
141 0
146 0
44 0
50 0
36 0
50 0
17 0
1 0
4 0
0 0
6 0
5 0
20 0
19 0
15 0
49 0
5 0
16 0
28 0
22 0
6 0
5 0
0 0
1 0
0 0
8 18
60 21
32 11
4 6
2 4
18 15
0 0
2 25
4 0
0 16
18 2
9 15
6 0
29 22
6 9
7 84
2 60
0 67
0 52
0 62
0 63
0 29
0 81
0 109
0 175
0 102
89 271
207 118
391 122
251 47
472 23
514 0
578 0
346 0
456 0
219 0
167 3
249 2
318 16
327 1
218 7
345 16
181 10
45 19
47 11
47 2
65 8
48 3
52 8
22 4
0 0
28 4
16 2
43 0
36 0
19 3
3 0
20 0
0 0
2 0
0 0
0 0
0 0
0 0
7 2
32 0
2 1
4 0
0 3
0 1
0 0
0 4
1 0
5 0
0 0
10 5
0 6
4 0
0 0
0 0
3 3
5 0
131 3
282 3
439 0
485 0
830 11
954 4
726 0
629 0
688 0
817 2
603 6
806 0
853 0
908 5
884 0
431 0
443 0
495 0
455 4
329 0
297 0
381 0
342 0
284 0
172 0
244 0
264 0
156 0
64 0
3 0
1 1
25 0
29 1
27 1
0 8
12 5
7 9
0 13
6 23
4 4
75 7
103 17
87 5
99 30
82 24
71 7
81 0
51 3
117 44
135 5
242 23
256 32
226 51
86 26
66 40
24 43
25 18
39 13
141 27
117 19
214 9
172 101
8 130
55 6
36 129
161 11
232 5
264 0
169 3
216 0
104 3
14 22
5 48
16 34
0 0
6 17
0 0
3 7
68 0
10 28
26 55
9 30
7 6
26 4
10 13
13 32
11 27
3 2
35 6
7 4
14 218
15 281
0 158
10 508
15 1197
16 1241
7 1172
3 916
21 977
4 1010
12 912
14 982
17 1377
50 1249
60 1160
51 1242
42 1120
36 1025
50 931
26 833
26 1116
41 1292
70 1612
42 1363
29 1077
59 937
3 483
32 604
0 609
3 431
20 468
37 796
26 1236
53 1628
8 1233
2 816
23 908
11 1173
11 1417
8 1608
6 1294
21 1158
7 987
4 820
6 847
1 859
12 694
24 732
32 1075
14 1287
19 1305
62 1037
15 502
15 124
0 192
6 308
22 403
22 257
25 223
0 200
2 274
16 210
90 167
32 102
96 44
47 362
150 536
263 606
217 360
203 79
243 55
285 37
353 236
344 272
206 167
123 153
62 59
106 209
102 533
136 586
239 761
360 251
341 302
164 76
53 41
73 118
39 164
69 177
35 142
6 62
47 50
5 37
22 85
2 137
2 270
4 171
5 361
40 152
12 88
20 56
15 72
1 66
5 40
33 58
4 66
11 137
1 226
3 265
19 454
3 276
32 332
9 173
5 109
10 146
4 506
2 250
6 304
3 407
18 546
2 455
8 274
20 57
0 20
11 0
0 0
0 19
1 25
0 12
0 16
0 4
0 7
14 19
2 25
6 9
0 0
0 0
0 2
0 38
28 77
0 55
0 83
4 129
0 192
6 270
4 428
3 463
3 313
3 271
2 236
4 97
2 307
0 290
1 424
10 240
2 315
3 341
2 243
0 106
1 36
0 22
0 24
0 11
0 17
0 64
0 23
1 6
0 21
0 16
0 6
0 0
0 0
0 0
0 9
0 40
0 8
0 31
0 22
0 0
0 0
0 15
0 2
0 132
1 319
8 587
8 553
16 507
3 426
5 289
19 113
0 26
0 3
16 23
0 19
0 17
18 21
12 4
27 45
7 39
47 3
152 3
219 25
149 363
176 397
29 3
9 206
30 11
68 190
70 26
75 164
10 33
25 113
27 35
18 44
57 45
21 20
43 28
25 16
1 38
0 50
5 94
14 43
5 41
3 53
3 70
4 99
6 157
12 103
0 127
0 80
0 46
0 74
0 123
15 150
2 196
0 82
21 117
5 25
0 10
0 1
4 3
8 0
0 1
0 24
0 56
1 77
0 70
20 97
0 65
0 45
2 29
0 13
1 0
48 0
0 6
0 5
3 1
11 6
2 11
61 14
2 0
0 0
11 0
6 0
0 0
10 0
20 0
0 0
3 3
3 0
2 0
0 0
0 0
0 0
0 12
20 0
252 0
478 0
393 0
216 0
371 0
388 0
154 0
83 0
121 1
69 0
74 0
112 0
48 0
30 0
52 0
8 0
36 0
184 0
131 0
31 0
39 0
63 0
141 0
221 0
432 0
605 0
588 0
334 0
135 0
32 0
35 0
65 0
68 0
52 0
70 0
94 0
116 0
316 0
386 0
278 0
214 0
72 0
35 0
35 0
36 0
18 0
141 0
171 0
189 0
232 0
210 0
116 0
109 0
48 0
135 0
75 0
85 1
239 0
311 2
285 0
301 0
627 0
875 0
796 0
382 0
558 0
582 0
769 14
931 0
862 0
465 0
545 0
589 0
436 0
625 0
992 0
1087 0
460 1
594 0
987 4
1035 11
901 29
826 8
612 68
438 10
247 23
182 13
29 13
284 3
269 2
106 2
73 1
85 6
71 4
77 7
13 46
31 34
3 19
13 8
20 14
5 24
8 23
1 48
9 36
67 22
33 33
39 4
61 17
64 24
59 0
33 4
27 2
8 13
0 1
5 9
1 15
0 40
0 23
14 41
0 18
0 12
3 8
3 5
19 0
47 12
42 24
23 19
6 27
32 12
121 2
186 17
197 12
102 0
188 10
86 0
181 1
307 22
395 7
267 3
168 13
52 28
105 23
17 111
120 65
206 79
253 55
103 64
28 26
86 51
117 51
27 47
21 79
47 160
97 157
81 110
94 129
84 67
15 20
8 15
78 2
59 30
61 62
60 226
79 231
54 199
1 217
60 124
158 67
71 20
51 7
4 2
0 1
0 0
0 0
0 0
0 1
0 0
4 0
0 0
0 22
5 21
0 18
0 96
3 144
0 130
0 157
0 222
0 210
1 152
0 111
0 61
0 31
0 52
0 14
0 3
0 0
0 9
0 0
0 0
0 0
0 0
0 0
0 0
0 0
0 0
0 4
0 3
0 1
0 0
0 8
0 8
0 0
0 0
0 0
0 18
0 0
0 0
0 0
0 21
0 10
0 0
0 0
0 7
0 9
0 8
0 6
0 1
0 0
0 0
0 0
0 0
0 0
0 0
0 1
0 0
0 0
35 0
147 0
222 0
151 0
369 0
538 0
551 0
535 0
129 0
80 0
260 0
288 0
321 0
177 0
18 0
44 0
31 0
43 0
67 0
61 2
43 1
52 0
36 0
0 5
14 0
19 0
0 0
5 0
38 0
49 0
6 0
2 0
1 0
23 0
37 7
8 7
26 28
10 57
25 61
38 84
37 88
38 136
18 76
0 89
0 32
0 25
2 76
11 34
0 15
1 10
54 69
0 82
0 187
1 220
5 145
0 140
1 94
12 60
98 9
113 10
102 16
28 0
14 0
0 15
0 36
0 70
0 76
77 38
156 33
259 38
291 7
243 6
699 0
635 6
254 24
234 28
509 13
504 29
210 1
371 8
327 0
156 0
21 0
116 0
121 17
77 2
142 26
209 0
329 13
350 2
83 0
0 0
170 1
370 0
359 0
240 0
18 0
73 1
13 0
0 0
0 0
0 0
0 2
0 22
0 119
0 173
3 65
0 15
19 28
158 97
179 70
91 54
0 28
2 29
0 31
0 47
0 66
0 46
0 46
0 17
0 12
0 3
1 2
0 0
0 4
0 8
8 36
2 83
0 11
1 50
0 11
0 17
0 6
0 0
0 0
7 0
6 0
0 2
0 0
28 2
32 0
30 4
257 0
335 0
358 0
443 0
462 0
223 9
137 0
153 0
7 0
39 0
22 0
32 0
11 0
36 0
20 0
58 0
42 0
55 0
7 0
0 0
14 0
2 0
0 0
7 1
14 0
4 9
7 20
12 74
0 59
0 64
2 40
0 7
36 46
129 69
119 95
102 93
40 31
10 33
4 0
0 7
0 48
6 105
28 354
5 601
12 764
20 754
12 789
24 533
3 538
17 1162
8 1230
18 736
14 262
0 164
4 1037
83 1188
133 218
119 208
26 780
8 1170
4 567
0 87
19 104
3 526
2 586
0 116
0 86
4 375
9 474
0 126
0 10
3 174
6 532
0 319
0 58
0 52
5 437
3 364
5 152
1 20
2 94
2 119
0 64
134 5
337 334
431 547
294 263
452 133
369 92
386 190
348 275
231 290
247 337
407 318
451 335
439 319
264 205
209 86
326 79
441 82
620 273
502 342
308 238
196 276
144 97
216 147
35 68
15 45
21 53
6 184
0 279
84 466
88 247
36 79
112 20
52 35
18 54
72 129
9 98
11 106
15 102
3 46
0 17
0 5
3 1
2 0
0 0
0 0
0 2
0 13
0 2
0 0
0 1
0 0
9 0
17 0
5 8
6 1
14 2
4 0
20 0
0 0
1 0
0 2
0 0
0 7
0 20
0 2
0 0
0 17
10 11
2 4
14 0
0 2
6 6
1 5
0 0
0 1
0 2
0 4
0 7
0 2
2 15
1 5
0 3
0 23
0 12
2 28
0 16
0 19
0 7
0 5
0 2
0 0
27 0
6 0
0 1
3 21
0 4
0 16
1 19
0 0
0 27
7 13
0 4
0 10
0 30
0 56
0 17
0 37
0 17
0 26
0 18
0 147
0 400
1 726
6 639
0 772
2 894
2 526
0 222
0 816
1 836
0 630
0 322
0 321
0 326
0 222
2 9
2 340
0 161
1 135
1 227
1 237
1 378
4 344
0 68
0 142
0 110
1 88
0 67
0 13
0 8
0 1
0 0
0 2
0 0
0 0
0 0
0 0
8 3
0 0
0 0
0 0
0 5
0 0
0 0
0 0
0 0
0 5
0 2
0 0
8 0
0 0
0 12
0 0
0 0
0 0
2 4
0 8
0 26
0 7
1 7
0 5
0 0
2 14
0 0
0 1
0 0
0 0
0 0
0 0
0 0
0 0
0 0
0 0
0 0
0 0
0 0
0 0
0 0
0 0
2 0
0 24
0 7
0 7
5 0
0 8
0 0
0 0
0 1
0 0
0 0
2 2
3 13
19 6
33 0
30 0
52 0
39 0
80 0
104 2
92 0
170 0
92 0
116 0
30 0
3 0
26 0
6 0
53 0
0 0
17 0
0 0
0 0
4 1
0 0
0 0
0 8
11 0
0 0
44 0
25 0
145 0
105 0
256 0
228 0
295 0
142 0
131 2
89 0
28 0
39 0
57 1
2 0
0 0
36 0
228 0
460 0
628 0
790 3
787 0
556 15
553 0
873 2
825 0
824 0
527 1
206 0
254 0
135 0
103 0
78 0
17 0
120 0
185 0
256 0
358 0
372 0
396 0
350 0
229 20
46 0
0 0
23 0
170 3
352 0
587 2
808 2
996 7
499 2
301 0
140 0
180 1
188 0
88 0
56 0
470 0
579 0
633 0
317 0
505 0
638 0
616 18
486 0
151 0
404 0
216 38
71 194
230 250
150 31
23 79
132 303
337 382
471 423
389 112
217 83
347 176
254 118
89 191
23 20
127 9
185 1
197 2
164 29
97 16
56 6
80 18
111 35
154 6
276 0
335 0
298 0
354 18
488 0
708 1
638 0
533 0
415 0
363 0
605 0
733 0
666 0
556 7
477 0
1 0
241 0
170 0
37 0
25 0
2 0
22 0
58 2
24 0
29 0
72 20
166 0
268 0
317 0
355 0
305 1
167 0
82 0
4 0
4 0
3 0
25 0
30 0
241 0
384 0
622 0
715 0
985 0
959 0
451 0
569 0
253 0
458 0
283 0
62 0
275 0
616 12
1003 2
1068 0
737 0
709 0
513 0
376 0
559 0
816 0
1190 0
1304 0
799 0
803 0
763 0
464 0
182 0
331 0
599 0
860 0
895 0
1022 0
987 0
973 0
1132 0
744 0
895 0
699 0
558 0
204 0
460 0
347 0
166 0
126 0
51 0
9 0
5 0
0 0
0 0
0 0
6 0
13 0
39 0
143 0
210 0
248 0
381 0
508 0
679 0
694 0
476 0
362 0
903 0
982 2
607 0
606 0
323 0
13 0
176 0
73 0
11 0
0 0
6 0
15 0
75 0
85 0
20 0
51 0
30 0
57 0
101 0
33 2
51 0
30 0
49 0
139 0
259 0
245 0
253 0
207 0
188 0
128 0
166 0
291 0
452 0
452 0
499 0
714 0
719 0
201 0
138 0
669 11
704 0
759 0
436 0
115 0
325 0
629 0
922 0
1306 0
1690 0
1275 0
833 0
781 0
582 0
540 0
262 0
170 0
169 0
51 0
40 0
246 0
291 0
250 0
477 0
610 0
611 0
806 0
1005 0
630 0
649 0
614 0
598 0
758 0
715 0
707 0
350 0
898 0
1469 0
1598 0
265 0
701 0
105 0
214 0
363 0
393 0
375 8
342 0
245 0
230 0
161 0
160 0
117 0
3 0
76 0
67 0
142 0
224 0
162 1
82 0
142 5
160 4
239 0
327 0
380 0
485 1
390 0
474 0
534 0
422 0
200 1
305 0
290 0
218 0
272 0
299 0
178 0
243 0
205 0
479 0
549 0
456 0
336 0
198 0
63 0
91 0
5 0
7 0
19 0
20 0
163 0
177 0
96 0
8 0
33 0
29 0
73 0
122 0
153 0
195 0
149 0
169 0
118 0
122 0
67 0
53 0
50 0
24 0
37 0
96 0
70 0
88 0
68 0
54 0
29 0
25 0
123 0
172 0
210 0
303 0
300 0
339 0
847 0
1019 0
857 0
412 0
667 0
775 0
1140 0
1000 0
637 0
995 0
894 0
945 0
769 0
737 0
776 0
926 1
1112 0
819 0
614 1
395 0
202 0
331 0
190 0
437 0
734 2
560 9
375 0
109 0
33 0
25 0
1 0
4 0
33 0
1 0
19 0
33 0
185 0
413 0
448 0
274 0
128 0
236 0
273 0
298 0
284 0
447 0
397 0
218 0
142 0
127 0
299 0
1128 0
1041 0
469 1
415 0
282 0
121 0
107 0
74 0
46 0
53 0
11 0
1 0
37 0
20 0
191 0
183 0
83 0
58 0
4 0
5 2
0 0
0 0
1 0
135 0
366 0
601 0
830 0
658 0
215 0
679 0
691 0
748 0
982 0
773 0
355 6
400 0
69 0
71 0
10 0
7 0
10 0
0 0
6 0
0 0
28 0
38 0
120 0
170 0
336 0
437 0
424 0
486 0
464 0
369 0
293 0
133 0
30 0
169 0
247 0
617 0
599 0
897 0
711 0
223 0
636 0
746 0
592 0
581 0
740 0
1029 0
665 0
509 0
520 0
301 0
229 0
27 0
91 0
7 0
16 0
5 0
11 0
44 0
0 0
27 0
19 0
62 0
25 0
61 0
9 0
0 0
0 0
2 0
50 0
38 0
138 4
243 4
45 0
0 0
19 0
11 0
12 6
0 0
0 0
0 0
0 0
5 0
0 0
0 0
1 0
13 1
6 0
4 0
0 2
4 0
1 2
0 0
23 0
118 5
114 0
200 0
224 0
181 0
109 0
39 0
45 0
190 0
357 3
505 0
590 0
472 0
529 0
441 0
422 0
304 0
427 0
676 0
873 0
864 0
624 0
589 0
483 0
574 0
1439 0
1782 2
800 0
560 2
399 0
322 0
264 0
98 0
26 0
36 0
34 0
0 0
43 0
127 0
298 0
749 0
931 2
548 1
280 0
99 0
58 0
116 0
165 0
137 0
182 0
178 1
139 0
179 0
152 0
462 0
607 0
592 0
472 0
399 1
464 0
467 0
594 0
804 0
1182 0
1296 0
1652 0
1427 0
1554 0
1225 0
708 0
319 0
325 0
579 0
673 0
508 0
547 1
442 0
770 4
877 0
877 0
1098 0
997 0
407 0
613 0
754 0
538 0
268 0
351 0
500 0
433 0
367 0
104 0
62 0
85 0
23 0
127 0
492 0
836 0
1027 0
1027 0
1015 0
735 0
426 0
561 0
1001 0
1860 0
2134 0
2016 0
973 0
697 0
1546 0
1233 0
994 0
722 0
1392 0
1510 1
842 0
1253 0
1429 0
798 0
693 0
544 0
694 0
960 5
987 0
1281 1
1612 0
1806 0
1814 0
1413 0
1033 1
1276 0
1103 0
888 0
253 0
79 0
197 0
139 0
48 0
180 0
335 2
381 0
340 0
67 0
91 0
110 0
125 0
71 0
800 0
1321 4
1855 20
2173 0
1976 0
1611 3
1634 0
1114 10
717 27
1072 33
1268 6
877 0
1825 0
2032 2
1911 3
1663 6
591 1
989 0
1033 0
575 3
477 6
820 18
921 7
609 9
318 0
262 2
905 2
1489 1
1852 0
2076 0
1985 5
1349 6
1282 6
2444 7
2290 0
1888 4
672 0
1188 0
1267 0
486 0
417 0
1109 0
1001 0
434 0
263 0
266 0
204 1
74 2
482 0
782 0
773 0
198 0
128 0
150 0
202 0
115 0
212 0
283 0
267 0
198 0
285 0
484 0
693 0
371 0
368 0
611 0
802 0
797 0
798 0
988 0
642 0
269 0
911 0
1114 0
1094 0
498 0
883 0
1310 0
1086 0
1181 0
1728 6
1597 6
1225 0
810 0
674 0
667 0
629 0
471 0
396 0
539 0
560 0
697 0
793 0
903 0
1246 0
1790 0
1934 0
2083 0
1895 0
1288 0
1208 1
945 0
780 4
487 0
672 0
964 1
1142 0
1021 0
848 0
959 0
893 0
754 0
688 0
509 0
286 0
271 0
346 0
303 0
322 0
411 0
449 0
457 0
465 0
630 0
625 18
677 0
675 0
904 4
1110 0
1079 0
869 0
743 0
588 0
698 0
605 0
772 0
827 0
533 0
549 0
476 0
299 0
357 0
422 0
512 0
461 0
310 0
175 0
510 9
682 0
768 0
727 0
525 0
281 0
400 0
578 0
690 0
668 1
713 0
828 0
961 0
0 0
1121 13
1037 1
1840 30
1879 43
1220 23
949 49
636 53
968 38
1156 62
899 40
801 19
840 11
629 12
460 0
1031 1
1167 0
1249 43
899 38
879 101
605 67
376 195
466 141
702 172
602 191
426 120
1539 141
1977 82
1596 65
1122 33
805 24
691 1
678 8
612 0
355 0
500 0
433 14
653 7
813 27
810 29
727 30
530 59
410 102
339 60
526 84
638 39
731 17
678 7
657 0
678 0
590 52
564 93
594 180
529 225
266 289
45 346
116 376
162 597
43 635
24 601
23 706
26 416
99 383
179 60
395 74
399 0
452 30
427 279
291 262
60 537
247 535
475 715
597 509
626 508
764 223
818 179
645 5
389 13
191 2
288 47
412 284
606 304
876 484
888 450
903 614
1020 330
982 318
894 74
166 24
465 2
502 0
706 32
1098 74
1395 99
1777 248
1473 266
1099 269
748 257
593 225
1335 159
1783 84
1223 58
392 14
557 3
707 2
676 27
422 113
258 122
185 168
153 218
57 201
10 179
1 128
15 51
0 9
1 0
46 0
119 5
9 0
95 0
59 26
16 3
219 30
338 23
349 34
513 13
472 30
340 20
355 21
432 7
392 11
303 0
366 1
394 0
631 0
845 2
854 0
593 7
709 0
1699 8
1649 6
846 11
522 19
496 0
326 0
257 0
259 0
84 0
113 0
36 0
94 0
82 9
7 5
8 3
3 0
0 0
0 18
22 21
13 15
40 6
18 0
12 9
10 2
28 9
38 6
25 0
2 39
32 45
0 3
1 17
1 8
27 8
59 0
31 0
128 0
373 0
535 0
649 4
720 9
1054 1
1464 15
1206 0
718 0
1490 1
2121 0
1770 1
876 0
1098 0
882 7
625 10
391 3
289 17
414 16
311 0
167 6
28 0
24 0
166 0
153 0
137 2
285 0
468 0
435 0
470 0
318 3
314 0
228 0
126 0
73 0
104 0
175 0
54 0
22 0
147 0
108 0
71 0
6 0
52 22
116 0
68 0
222 0
473 0
787 2
1020 0
1475 0
1512 0
1221 0
563 0
178 0
1427 0
2180 0
2076 8
489 2
211 0
261 2
146 0
137 0
88 0
17 9
5 23
6 4
8 1
10 0
4 0
0 15
0 0
11 10
0 1
0 0
4 3
13 15
11 0
0 23
0 0
0 8
0 0
0 9
0 25
0 5
34 36
19 1
11 0
12 4
14 0
0 0
40 12
64 21
174 25
169 0
189 8
104 0
48 0
71 0
148 0
117 0
74 0
89 0
41 0
68 2
189 0
265 0
119 0
39 0
133 0
398 0
932 0
1299 0
1605 0
1402 0
579 0
1285 0
1978 0
1950 5
513 0
419 2
634 3
228 0
152 0
168 0
135 0
92 0
64 0
86 0
201 0
236 0
337 0
484 7
342 2
229 0
120 0
29 0
137 0
235 0
194 0
382 0
604 0
826 0
1030 3
965 2
1108 3
1153 3
1146 2
1215 4
1140 1
1057 4
915 0
953 0
1055 0
1092 0
1039 0
805 0
440 5
330 0
869 2
1151 0
1149 0
619 0
848 0
841 0
240 0
934 0
1420 0
1574 1
703 0
193 0
173 0
264 0
217 0
210 0
530 0
696 0
862 0
995 0
847 2
581 0
467 0
316 0
270 0
87 0
77 0
89 0
38 0
46 0
216 0
693 0
1329 2
1583 0
1379 1
937 0
560 0
449 0
469 0
319 7
210 0
927 0
1590 2
1991 0
934 0
421 0
445 0
201 0
49 0
49 0
48 0
62 0
134 0
291 0
404 17
968 0
1371 2
1175 3
787 0
268 0
190 0
398 0
224 0
118 0
92 0
127 0
332 0
522 1
586 0
524 0
554 0
574 0
364 0
278 0
338 0
242 0
348 0
237 0
78 0
90 0
102 0
98 0
102 0
15 0
33 1
65 0
339 0
421 16
731 7
908 1
1001 8
758 12
1026 0
714 0
531 0
783 0
724 15
747 14
722 36
607 24
406 28
117 2
7 9
34 7
81 16
260 21
345 8
493 1
922 5
1085 13
1047 24
857 15
833 50
807 34
732 17
373 10
164 3
303 43
94 73
35 16
95 0
51 0
8 0
13 9
30 0
4 0
12 0
18 3
25 0
6 0
14 0
3 0
3 0
241 0
548 2
798 0
716 0
754 0
1085 0
946 4
515 2
446 0
579 0
302 0
160 0
258 0
242 0
281 0
257 0
499 0
502 3
225 0
70 0
115 0
267 0
201 0
95 0
51 0
107 0
94 0
48 0
40 0
20 0
71 0
6 0
0 0
13 0
17 0
18 0
8 0
30 0
10 0
28 0
35 0
1 0
3 0
0 0
1 0
5 0
1 6
2 0
0 0
3 0
0 0
15 1
0 0
5 0
14 0
13 0
7 0
0 0
8 0
21 0
4 0
17 0
96 0
214 0
381 0
264 0
116 0
197 1
532 2
526 0
445 0
493 0
607 1
1077 2
798 0
252 0
173 0
116 0
209 0
23 0
109 0
114 0
75 0
78 0
34 0
47 0
9 0
17 10
52 0
44 0
8 0
0 0
20 0
134 0
250 0
298 1
191 0
107 0
206 0
187 2
369 0
374 0
435 3
550 0
648 0
900 0
750 24
431 21
1234 30
1340 35
507 0
140 3
141 9
264 19
302 77
166 24
193 51
180 74
84 10
13 19
36 13
4 5
35 45
0 31
13 27
0 0
0 31
0 18
0 80
0 44
0 0
0 1
0 86
0 89
1 53
0 26
0 21
0 90
0 73
0 76
0 48
0 0
0 0
6 6
0 25
0 14
0 4
0 0
0 0
12 0
0 5
0 4
0 0
0 0
0 0
6 0
2 0
5 0
8 0
1 0
10 0
19 3
0 8
0 0
8 0
12 0
13 2
20 0
11 0
0 0
16 0
22 0
17 0
32 0
0 0
5 0
19 5
0 0
0 0
0 0
0 22
1 27
0 30
0 20
0 3
0 20
0 11
0 20
0 4
0 22
0 3
0 1
0 0
0 12
0 2
0 0
0 7
0 55
0 54
0 39
2 40
2 75
0 0
0 27
0 23
0 7
2 0
5 11
0 19
1 23
1 114
2 198
0 398
0 265
0 299
6 672
8 442
1 191
0 48
1 347
2 337
0 37
3 64
0 101
0 6
0 1
1 108
0 16
0 0
0 0
0 4
0 0
0 0
0 2
0 19
0 0
0 6
0 24
0 184
21 309
10 201
28 4
8 154
25 214
44 179
8 3
22 0
41 0
29 0
7 1
27 38
51 3
41 15
68 1
64 0
58 6
20 8
23 0
5 6
10 18
19 12
6 0
36 0
27 0
45 0
28 0
49 4
52 5
0 2
13 0
569 3
1061 5
710 4
172 2
125 0
141 0
202 22
152 2
60 12
52 39
30 21
6 18
23 8
14 0
0 5
5 9
62 0
118 0
40 0
28 0
45 0
12 1
126 2
6 0
57 5
53 0
24 0
25 26
32 40
0 2
3 0
1 9
0 51
15 0
56 0
158 25
15 0
179 0
305 4
526 0
664 2
818 55
709 0
604 0
538 3
432 82
522 247
690 93
713 111
807 75
882 30
576 102
433 49
332 33
331 0
125 9
343 5
187 0
208 38
156 0
83 0
77 0
182 27
170 57
60 71
102 5
53 6
125 0
76 194
302 551
554 128
818 253
861 48
519 127
804 191
779 4
921 180
535 34
292 0
195 0
166 1
215 7
132 0
277 2
343 0
359 2
197 0
339 1
316 2
377 0
399 0
360 0
314 38
337 0
368 3
334 0
360 0
249 0
118 0
27 8
15 0
12 0
9 0
32 0
20 0
14 0
79 1
12 0
33 0
87 0
75 2
165 0
63 1
45 16
20 15
4 14
8 29
18 79
2 56
12 63
0 26
1 9
0 13
0 11
18 30
5 19
0 13
0 1
0 14
0 22
0 47
7 77
0 43
0 92
8 84
41 83
46 87
138 43
216 11
192 4
238 1
29 0
509 18
635 12
439 62
63 30
193 21
260 28
167 11
45 3
84 1
115 0
82 2
126 0
157 0
45 0
45 5
15 1
27 1
58 0
41 1
0 0
1 0
12 0
4 0
47 0
85 4
95 0
71 0
96 1
123 0
125 0
92 0
25 0
18 0
33 0
54 0
66 0
82 0
66 0
170 0
151 3
98 0
56 1
125 0
58 0
17 0
29 0
37 2
78 3
81 4
217 2
290 4
259 3
323 1
178 2
112 0
260 2
339 2
234 3
42 0
36 0
7 0
6 0
0 0
7 0
1 0
0 0
28 0
18 0
27 0
95 0
142 0
72 0
62 0
16 4
10 0
3 0
2 0
6 0
211 3
624 4
755 4
357 1
74 2
135 0
118 0
144 0
298 0
240 0
288 0
431 0
262 0
269 0
368 0
309 2
549 0
688 0
1134 9
1748 0
2066 2
1955 0
1662 0
1233 0
262 0
1241 0
1668 0
2158 0
2242 0
793 0
737 0
485 0
349 0
147 0
138 0
39 0
38 2
9 0
50 2
78 0
29 0
27 0
45 0
28 0
35 0
0 19
11 12
39 3
0 0
0 0
3 23
9 17
12 12
95 0
82 2
58 0
61 0
176 0
153 0
106 2
88 34
11 24
0 18
0 130
57 239
41 466
19 256
65 102
13 390
95 636
282 726
378 505
327 382
302 255
469 124
313 48
585 190
793 131
771 246
615 233
754 51
726 6
596 60
315 54
132 26
246 15
173 25
104 0
61 0
43 0
38 3
5 0
0 0
9 5
60 3
6 14
56 11
12 8
6 8
0 10
75 3
20 2
45 0
0 10
0 26
3 14
8 2
11 0
0 0
27 0
17 1
57 1
26 8
6 47
14 57
7 13
0 9
0 5
0 11
0 12
0 23
0 93
35 9
5 201
8 782
4 811
0 314
13 235
5 491
10 541
4 174
0 6
7 75
0 41
0 54
0 91
0 167
0 34
0 66
0 16
0 139
0 81
0 1
0 0
1 89
3 150
0 60
17 2
0 15
0 5
1 29
0 1
0 24
0 46
0 29
0 19
0 27
0 14
0 10
0 4
0 0
12 8
4 3
0 2
5 0
11 0
1 0
0 0
0 0
0 0
3 0
116 1
80 0
22 0
2 0
4 0
38 0
65 2
58 0
92 0
20 5
0 33
78 40
74 497
29 853
33 512
15 605
25 470
11 238
35 504
9 402
14 760
37 988
23 617
0 132
14 71
15 197
31 560
102 822
135 944
119 952
157 524
177 483
206 428
38 245
4 55
30 57
229 139
236 73
25 46
32 26
81 66
25 41
19 18
4 0
86 84
98 28
1 162
58 356
73 593
83 241
41 179
40 288
80 348
73 318
17 433
155 787
193 1820
174 2530
156 2261
95 1252
44 1123
42 1182
92 419
77 297
126 609
132 979
8 986
28 1141
15 1392
14 1476
3 781
4 86
0 356
3 631
9 845
8 416
31 371
14 552
10 571
11 704
14 845
5 705
1 609
14 787
4 679
8 615
4 351
1 283
14 193
0 241
14 257
2 89
7 404
5 507
4 537
9 489
4 410
1 232
0 82
0 137
4 316
1 228
0 64
0 11
2 2
9 0
3 49
0 37
12 107
1 203
4 237
0 54
0 166
5 447
24 119
0 66
0 14
1 2
11 20
0 74
0 40
0 122
0 33
13 37
0 16
1 34
0 10
0 15
0 36
3 87
0 86
0 32
0 67
0 68
0 3
0 21
6 490
0 121
4 212
0 22
1 104
0 0
0 0
0 17
1 33
0 9
0 17
0 0
0 3
0 1
0 0
0 13
0 14
0 0
0 0
0 2
0 10
0 17
0 18
0 8
1 34
0 7
0 6
0 18
0 27
1 77
1 181
0 234
0 236
2 312
1 124
0 56
0 18
0 21
0 17
0 81
1 73
1 121
0 31
1 14
0 5
0 9
0 17
2 110
1 104
1 110
12 16
43 43
160 5
325 1
290 9
116 0
77 8
54 2
17 3
1 6
9 0
31 0
13 0
27 0
17 0
28 0
76 0
76 0
10 7
62 0
5 0
0 25
0 3
0 14
14 9
8 0
16 5
9 0
2 0
15 2
0 0
0 0
15 0
16 0
3 0
1 7
0 8
5 5
29 8
0 0
3 2
4 2
0 0
0 0
4 7
87 0
7 0
53 0
37 0
21 0
23 0
5 0
64 0
109 0
230 1
193 0
117 0
261 0
645 0
790 1
594 0
289 0
764 0
773 0
435 0
601 0
771 1
553 10
396 4
459 27
546 0
318 1
126 0
71 8
107 0
83 1
146 0
133 4
176 0
332 0
173 0
231 5
306 0
165 2
241 4
148 0
106 6
14 0
31 0
32 0
135 0
112 18
140 0
304 0
419 0
562 0
554 0
174 0
882 0
975 0
648 2
386 0
188 0
213 1
34 21
7 0
8 0
3 4
32 0
66 0
249 0
454 0
508 0
645 0
792 0
685 2
833 0
923 0
1124 0
1671 0
1475 0
1061 0
306 0
683 0
1915 0
2276 0
968 0
482 0
233 0
178 0
88 0
113 0
8 0
48 0
39 0
70 0
54 0
61 0
95 0
80 0
150 0
192 0
213 0
268 2
192 0
221 3
154 0
138 0
66 0
120 0
118 0
131 0
410 0
479 0
745 0
191 0
1477 0
1860 0
2059 0
1870 0
1098 0
1283 0
1321 0
1233 0
1353 0
1752 0
1830 0
1054 0
517 0
619 0
541 0
317 0
350 0
172 0
188 0
189 0
165 12
193 0
114 0
230 9
119 0
148 0
107 0
111 0
7 21
27 4
45 0
52 1
28 0
104 0
546 0
1354 0
2261 0
2871 0
2506 1
2110 0
1703 0
1379 0
693 0
568 0
675 0
852 0
761 0
330 0
87 0
95 0
320 0
195 2
195 0
359 0
451 0
475 0
410 0
339 0
497 0
530 0
224 0
935 2
1829 0
1924 0
1092 0
833 0
909 0
577 0
447 0
464 0
84 0
185 0
56 0
33 0
37 0
0 5
4 0
3 0
32 0
3 0
0 0
3 0
2 0
4 0
38 0
50 0
21 0
10 0
61 0
77 0
31 0
1 0
56 0
161 0
194 0
194 0
141 0
85 0
79 0
73 2
361 0
159 0
9 0
13 0
158 0
161 1
124 0
54 0
31 0
16 0
326 0
502 0
469 0
197 0
113 0
567 0
506 0
311 0
320 0
232 0
263 0
427 0
660 0
643 0
359 0
188 0
338 0
391 0
511 0
580 0
327 0
155 0
22 0
3 0
11 0
0 0
11 0
3 0
8 0
58 0
96 0
100 4
169 2
293 0
560 0
661 0
593 0
529 0
516 0
1012 0
970 0
905 0
500 0
705 0
553 0
567 0
1444 0
2116 2
2141 0
1695 0
1895 0
1638 0
1249 0
994 0
128 0
521 0
751 0
752 0
688 0
861 0
1183 0
1646 0
2076 1
1978 0
1757 2
2529 0
2536 0
2046 2
1282 6
492 1
637 0
678 0
524 0
639 0
684 0
571 0
759 0
660 0
723 0
719 0
762 0
607 0
371 0
314 0
181 0
592 0
889 0
1334 1
1517 3
887 0
2153 6
2630 0
1619 0
1465 4
1172 0
605 19
661 5
1098 0
903 0
464 0
683 0
655 0
629 0
418 0
189 0
215 0
137 0
212 4
140 1
78 0
19 0
8 0
0 0
2 0
0 0
0 0
0 0
1 0
22 0
33 0
8 0
78 0
51 0
60 0
0 0
10 0
21 0
1 0
33 0
35 0
67 0
43 0
1 0
17 0
11 0
3 0
16 0
9 0
10 0
8 6
21 8
9 6
162 1
113 12
149 20
399 37
328 41
79 29
620 41
1399 81
1928 74
2037 90
1877 125
1322 108
598 183
160 140
996 55
1750 38
2322 13
2416 0
603 3
612 0
180 10
178 10
67 0
82 10
51 7
13 0
14 1
16 0
30 8
25 12
18 1
25 0
97 0
83 0
154 0
154 0
45 0
62 0
3 0
15 5
40 6
135 5
27 8
27 1
15 9
60 3
94 15
138 0
154 1
228 14
93 0
59 0
9 0
29 21
8 9
0 42
0 22
0 12
0 10
0 1
0 10
0 25
0 9
0 0
0 4
0 1
0 0
0 0
0 5
26 0
1 0
5 16
0 0
0 1
39 4
0 31
0 19
5 6
1 0
0 6
0 1
0 0
0 10
0 0
0 0
0 0
0 0
0 4
0 0
0 21
0 96
0 79
0 42
0 93
0 194
0 248
0 281
0 284
0 472
1 453
2 707
3 585
1 657
3 490
0 215
0 21
0 1
0 0
0 9
1 25
0 17
0 12
1 17
47 1
0 0
6 0
0 19
7 1
0 0
0 153
0 114
0 141
0 11
0 8
0 9
0 76
0 259
0 373
0 550
0 630
2 748
5 991
8 1222
8 1030
6 716
4 389
2 140
0 0
0 3
3 160
4 273
2 328
0 287
0 85
0 26
0 80
4 244
0 134
0 51
0 3
0 0
0 19
0 70
6 250
0 407
5 490
14 636
12 622
29 575
10 561
1 354
0 233
47 42
20 75
0 50
1 24
6 48
3 102
4 96
0 177
1 143
9 329
1 155
0 83
0 21
7 201
7 593
5 841
3 478
0 111
0 90
5 326
3 380
5 372
3 93
0 0
29 5
35 239
119 144
263 11
436 0
718 2
1107 1
1701 0
1992 0
2124 0
2527 3
2378 0
2532 2
2460 0
2554 8
2289 10
2001 9
1267 1
1395 24
1800 14
2050 33
2106 26
1891 28
1215 19
737 24
574 50
716 43
987 11
1092 19
940 69
901 108
957 169
1164 234
1038 382
988 538
961 674
706 666
830 775
682 992
323 1121
74 1203
45 1296
29 1325
79 1353
87 1232
274 1076
135 992
251 1039
102 1385
114 1776
47 1535
36 1328
6 1222
117 1375
100 1873
150 2086
280 1924
305 1859
108 1636
7 1865
61 2586
105 3083
226 3727
135 3837
157 4200
51 4520
23 4427
99 3846
160 2920
93 2195
87 1764
17 1660
25 2119
29 2011
33 2208
7 2147
44 1903
28 1823
0 2044
3 2077
9 2325
17 2353
4 2244
7 2046
29 1698
17 1028
24 1781
21 1961
55 2074
34 2426
43 2390
45 1975
44 1702
20 1200
21 1126
25 1141
27 899
19 692
3 427
4 380
4 199
5 181
62 92
3 50
23 35
5 182
63 565
52 870
35 1294
53 1438
177 1772
140 2019
140 2250
234 2170
128 1975
30 1591
56 1453
31 1799
15 1683
8 1750
15 2400
43 2760
39 3298
27 3976
31 4209
15 3825
5 3176
8 2823
3 2878
5 2767
4 2595
5 2521
6 2307
4 2358
19 2177
9 1689
4 1518
4 993
2 878
51 581
11 173
10 106
1 92
4 76
0 61
0 186
6 516
0 1028
0 1455
2 1477
2 1616
2 1809
3 1970
3 2389
9 2480
11 2549
13 1998
12 1338
11 1202
8 1691
5 2165
2 1926
6 1702
9 1761
14 1737
27 2005
18 1702
16 1228
15 1129
19 1054
2 1014
11 1324
28 1285
10 985
10 936
5 826
7 765
3 633
20 1010
16 624
32 491
4 656
31 745
59 798
42 947
64 1347
25 1184
65 1175
54 1438
75 1110
38 673
58 315
74 753
29 1778
52 2253
88 2401
70 2559
48 2799
21 2877
18 3061
18 3131
21 3005
67 2973
21 3442
27 3767
58 3845
21 3667
60 3387
44 3609
21 3544
35 3664
10 2921
8 1792
6 2663
4 2721
12 1491
9 3165
3 1936
19 2338
0 2234
4 575
2 1836
0 346
0 1675
0 1316
1 975
0 1219
0 991
0 1070
0 1085
1 1234
0 992
0 944
2 722
0 403
4 276
2 301
0 244
0 292
0 225
0 101
18 148
9 105
0 125
0 136
1 131
0 100
1 88
1 69
5 89
2 48
1 30
36 43
0 2
0 0
0 1
0 0
0 0
0 11
0 22
0 8
0 0
0 7
0 35
0 7
0 7
2 10
0 9
0 5
0 8
0 21
0 0
0 17
0 20
0 10
24 1
0 2
0 13
8 8
3 0
0 0
0 1
0 0
0 3
0 2
0 14
0 128
4 896
6 1441
4 1827
6 2206
8 2350
7 2485
13 2486
22 2424
20 2226
20 1952
13 2018
16 1984
9 2393
10 1948
19 1281
3 1539
8 1400
1 1224
2 627
0 407
1 563
0 853
3 761
3 774
0 1205
0 1282
0 1371
0 1249
0 618
0 454
0 891
0 1010
0 876
0 537
0 134
0 8
0 11
0 13
0 33
0 5
0 27
0 0
26 21
0 4
0 189
7 342
0 451
0 360
6 374
3 471
1 668
0 848
4 1056
5 1282
3 1341
4 1208
1 723
0 355
1 1164
0 1311
2 1199
0 824
0 494
0 23
0 366
0 250
0 57
0 35
0 0
0 0
0 0
0 88
0 16
0 25
0 35
0 286
0 533
0 436
0 349
0 422
1 530
2 672
0 506
0 820
0 893
0 1103
0 1307
0 1222
1 1088
0 634
0 84
0 412
0 618
0 525
0 282
0 202
1 123
29 256
24 43
46 130
143 1
208 0
240 3
267 22
243 2
230 102
272 2
252 65
245 141
305 314
489 262
506 580
332 1028
337 1362
608 1286
398 1129
78 1276
59 862
134 375
222 1057
196 1233
46 1270
13 1090
24 809
0 403
11 65
3 128
2 222
0 220
1 94
0 47
0 200
3 370
9 294
0 238
0 238
0 503
0 884
4 1026
0 1004
0 1049
0 1142
4 1374
5 1480
6 1755
9 1808
8 1530
21 1382
240 1164
400 722
564 424
487 313
289 663
249 929
37 1070
110 1126
411 1102
533 1145
774 1148
807 1269
759 1209
849 1178
1225 1131
933 1129
1430 1011
1718 1150
1133 979
1133 796
1573 521
1933 434
1281 331
447 233
810 197
813 141
470 50
402 136
209 210
71 282
328 358
298 317
187 450
609 708
658 844
198 758
571 876
297 901
82 910
61 856
30 823
17 686
46 601
0 481
3 391
24 410
101 401
174 413
193 664
112 462
102 636
61 180
151 496
255 318
310 355
149 156
19 99
17 93
32 195
11 272
11 497
51 498
59 616
126 779
119 824
83 1000
142 1109
27 1116
26 1064
50 1002
19 983
81 907
123 733
187 656
183 586
139 373
21 77
3 22
25 24
9 22
54 8
49 140
16 104
0 156
0 202
14 104
4 48
0 46
5 36
2 30
0 56
7 58
8 26
0 0
5 8
0 2
9 0
0 0
3 15
0 65
48 103
57 64
147 76
210 16
328 1
385 0
393 0
495 0
409 0
519 5
538 0
48 0
295 0
423 47
470 4
375 1
371 0
166 0
476 0
367 0
193 30
161 10
158 36
211 8
208 0
195 4
81 0
115 0
44 0
27 30
20 33
12 11
2 0
2 1
70 0
2 14
0 28
0 0
0 12
0 0
0 7
0 1
0 0
0 0
1 1
19 0
9 0
5 0
9 0
0 0
21 112
0 66
1 433
0 761
0 1000
0 1099
1 1074
3 1012
0 958
0 768
0 769
1 961
7 1026
21 840
16 711
10 647
16 638
4 741
13 770
7 948
7 1157
6 1325
6 1259
23 1220
9 1197
12 1142
15 1014
16 1028
45 919
171 914
128 1103
102 1108
187 1000
456 746
667 339
816 59
927 460
930 745
613 1032
996 1182
891 1262
920 1314
1038 1333
712 1296
113 1102
928 919
1828 718
1358 562
465 381
321 405
329 372
200 276
37 256
214 234
115 478
12 661
57 933
20 1287
3 1532
4 1261
71 1067
157 904
216 626
153 203
14 38
2 11
4 19
1 21
0 2
0 0
0 0
5 0
0 0
0 0
0 0
9 0
5 0
13 0
0 0
0 0
0 0
0 6
31 25
0 123
2 376
52 631
34 671
27 735
108 681
35 361
69 325
38 225
7 227
0 501
32 728
92 720
70 584
120 265
104 600
130 1004
113 1040
67 528
184 207
187 105
178 63
11 213
57 434
98 713
42 837
24 821
26 648
29 515
26 294
17 69
117 27
132 17
230 22
366 23
306 31
190 11
47 89
0 158
19 329
2 281
6 142
74 68
55 1
47 7
45 0
73 26
101 15
67 4
83 32
84 26
76 8
132 0
45 0
15 0
16 0
28 0
118 3
28 0
49 0
18 0
65 0
7 0
1 0
0 0
0 0
3 0
2 0
5 0
28 0
0 0
3 0
1 0
38 1
30 0
0 0
2 0
22 0
3 0
27 0
25 0
65 0
62 0
56 0
8 0
40 0
1 0
0 2
1 0
0 13
0 15
4 6
4 9
0 0
0 0
0 23
0 0
0 94
1 539
1 956
26 1130
9 1380
14 1399
27 1548
8 1517
17 1233
21 857
15 647
13 513
14 438
30 416
10 303
21 265
6 238
5 214
5 206
2 169
18 97
40 61
74 66
68 42
83 29
48 20
76 11
81 30
55 30
132 17
251 14
352 19
438 6
414 0
326 9
89 0
0 0
0 0
7 0
1 0
14 0
10 0
11 2
10 0
0 0
10 3
0 0
7 2
25 12
17 0
95 0
155 0
241 0
291 7
336 0
281 0
122 0
103 0
212 0
206 1
200 20
168 31
78 46
76 21
36 59
123 89
76 103
34 145
4 77
20 70
34 137
18 98
5 119
6 50
9 45
12 57
6 76
23 21
29 2
31 51
35 137
19 308
21 489
20 548
9 497
5 402
0 248
8 57
0 4
0 2
8 4
8 4
7 4
0 0
4 1
19 17
0 0
0 0
0 4
0 0
0 0
0 16
2 61
7 169
1 192
25 257
6 319
10 350
21 390
13 389
15 410
7 388
6 415
1 387
1 551
18 577
14 704
35 730
15 719
6 611
7 643
0 588
0 310
1 153
0 67
79 63
219 267
193 270
107 425
41 233
1 14
52 276
49 288
91 187
175 42
278 38
160 54
211 15
341 10
219 1
0 0
134 0
266 0
412 18
431 9
