"pat" "th"
1071 88
602 1
756 0
498 0
527 0
452 0
1655 1
2224 6
2854 2
3200 3
3232 7
3047 3
2822 11
2609 8
2099 6
2204 4
1898 7
1206 2
1067 5
706 3
933 14
1374 4
1694 1
1905 2
2334 3
2726 43
2896 11
2759 8
2825 4
2673 2
3075 10
3377 22
3393 30
2514 49
2546 132
2412 214
2271 427
2168 349
2371 887
2195 1242
2646 1486
2494 1808
2519 2439
2623 2940
2698 3036
2819 3371
3000 2928
3399 2536
3136 2263
3188 4041
3589 5103
3510 5281
3438 4561
3949 4798
3937 4256
3638 4880
3527 3885
3158 3782
2806 2166
2202 1908
1753 788
1107 850
876 122
588 159
352 93
293 193
288 109
91 28
292 412
831 349
961 865
1142 918
1239 1711
1784 1706
2035 2843
2814 2991
3297 3378
4325 3201
4896 3841
5698 3323
6546 4161
7009 4003
7535 4420
7773 4209
8542 5025
8683 4422
9854 4690
8161 3908
7678 3930
7954 3151
7120 3512
6735 2954
7032 2621
5985 1559
4633 1321
3368 844
2021 1250
2035 1406
1148 1333
1217 1213
1127 1660
757 1052
533 746
499 790
372 812
523 1106
305 1149
327 824
133 785
191 707
150 968
215 507
322 972
326 1141
332 1265
240 1052
277 1005
304 786
317 952
322 1804
446 2392
490 3134
360 4025
388 4484
135 4475
191 4172
147 3594
172 3264
60 3192
61 2701
39 2033
25 1058
20 420
42 376
4 652
17 1160
16 895
3 484
11 235
6 256
1 256
1 200
6 132
0 34
1 80
0 111
4 117
0 109
0 39
0 59
15 159
0 4
0 19
0 32
0 28
0 0
0 3
0 23
7 0
0 4
2 1
2 28
2 4
74 0
177 3
149 0
98 0
166 0
51 1
136 8
327 6
310 14
390 57
292 95
414 138
371 124
131 100
200 468
253 1155
124 1102
109 968
51 670
15 494
1 284
1 168
12 91
48 53
145 27
163 8
293 28
357 24
374 39
437 150
374 296
282 808
247 1136
193 1150
92 941
27 519
5 373
21 772
1 418
4 325
3 159
9 125
0 22
0 28
0 23
0 7
3 0
0 13
0 64
0 11
3 0
38 22
135 11
191 0
190 11
136 9
127 1
350 0
433 7
292 6
331 4
194 0
375 41
296 0
332 0
300 0
252 4
158 3
68 15
0 33
2 138
0 281
3 351
79 355
99 398
163 235
121 179
135 92
120 75
182 85
98 13
166 8
161 12
119 10
216 32
151 40
168 62
103 264
8 111
73 119
52 56
92 56
51 50
24 44
39 42
19 47
55 20
14 8
17 6
58 0
16 0
7 0
22 0
0 0
0 0
2 0
21 3
10 0
31 3
36 1
13 0
71 0
22 39
0 0
8 0
29 1
17 1
22 0
43 0
11 0
23 0
49 0
12 0
68 0
78 0
21 0
59 0
70 0
77 0
67 0
23 1
3 0
66 0
29 0
18 0
99 0
1 0
64 86
20 0
12 0
35 0
4 0
0 0
2 0
14 0
0 2
0 0
11 4
3 0
1 0
0 2
0 0
0 0
11 0
0 0
3 0
5 0
4 0
0 0
0 0
0 0
0 0
16 74
9 22
38 258
44 769
7 916
0 709
58 307
1 23
6 85
42 213
65 279
85 231
26 212
28 141
9 163
30 94
0 188
15 234
3 238
4 120
7 127
2 85
0 67
21 93
19 119
2 414
0 348
11 355
53 251
0 92
106 41
4 34
0 57
2 88
0 74
0 16
1 6
2 19
14 43
7 24
2 23
0 26
1 19
0 4
9 11
0 3
12 7
1 9
0 15
2 6
43 71
0 0
1 0
0 16
5 12
15 10
2 3
0 0
1 2
1 0
0 0
0 0
3 3
0 11
0 36
0 31
0 68
0 45
1 77
5 18
0 4
13 2
0 88
2 256
2 343
17 364
0 207
0 55
2 7
8 17
6 18
24 52
8 46
0 68
0 38
0 0
0 0
0 56
0 59
0 40
1 20
0 0
0 0
0 9
0 11
0 2
0 7
0 0
0 13
0 23
6 149
0 3
0 16
0 3
0 20
0 41
0 27
0 52
0 53
0 8
0 10
2 2
0 0
0 5
0 47
0 38
0 6
0 8
0 2
1 3
0 9
0 15
0 40
0 26
0 10
11 77
0 24
0 10
0 6
2 2
0 2
0 0
0 8
0 0
0 0
0 0
0 0
0 0
0 0
0 0
0 0
0 0
0 0
0 0
0 0
5 9
0 0
0 0
0 14
0 0
14 70
0 0
0 13
0 0
2 0
2 0
0 7
0 0
3 0
0 0
0 3
0 0
1 0
4 0
56 0
72 0
102 1
109 0
63 0
46 0
114 0
174 0
312 0
183 0
134 0
166 46
17 0
13 0
3 0
6 0
1 0
0 0
1 0
3 0
24 0
22 0
5 0
10 0
13 0
14 5
31 29
35 71
11 176
13 405
7 717
5 962
14 1337
15 1637
12 2440
12 3530
24 4614
12 4541
19 4859
20 4918
28 4615
15 4764
9 5219
20 5701
17 6775
22 8583
33 10440
41 11691
28 12265
42 13340
78 12959
92 11451
94 10135
85 9471
67 10273
55 9971
51 9970
48 9256
44 8807
44 7895
48 7700
34 7572
35 6657
15 6514
17 6945
27 6401
8 6030
0 4016
1 3237
7 3300
10 3362
45 2509
48 2511
31 2636
13 2671
19 3228
34 3831
24 4113
27 3869
26 3229
23 2451
12 2065
20 1808
4 1647
19 1921
29 2428
51 3460
51 4823
68 5860
74 7566
68 8288
84 10179
100 11566
79 14335
76 15903
76 15172
61 13986
45 13690
58 13141
67 12209
64 11071
46 9847
50 8972
39 8858
42 9343
30 8290
39 8797
36 8992
40 7586
34 5817
30 4118
48 4755
11 3982
12 4218
2 4267
5 3573
1 3160
7 3314
0 2555
0 2530
0 2429
0 1974
2 1943
0 1898
2 2250
1 2737
1 3374
0 2934
3 3420
7 2837
13 3840
9 4663
0 5303
4 5368
4 4920
13 3768
27 3350
3 2467
1 2798
12 2659
1 2095
4 1598
0 1234
0 1824
0 1905
0 1935
3 2118
0 1434
0 1124
0 1098
2 1604
0 1671
1 2277
0 3268
6 4197
0 3930
0 3915
0 4183
3 4159
2 3317
0 2991
11 2541
2 1500
0 795
0 464
0 373
1 666
6 620
6 474
1 168
7 256
1 210
0 113
6 235
6 274
4 70
4 228
0 215
0 115
0 276
1 145
0 51
0 71
0 25
6 23
2 35
3 140
0 0
0 20
1 70
2 81
2 72
0 59
0 148
1 274
0 276
0 165
0 158
0 71
0 26
0 4
2 40
0 22
0 10
0 21
0 11
0 3
0 1
0 48
0 53
2 137
0 85
0 1
0 19
0 11
0 0
0 11
0 0
0 5
0 0
0 5
0 11
0 0
0 0
0 33
0 0
0 0
0 0
0 4
0 0
0 2
0 2
0 0
0 0
0 10
0 0
0 39
0 0
0 0
0 0
0 21
0 0
0 0
0 51
0 0
1 50
0 42
0 12
0 4
0 17
0 19
0 0
2 0
0 0
0 0
0 2
0 0
0 0
0 0
0 0
0 0
4 40
0 0
0 28
0 1
0 0
0 0
0 16
0 1
0 0
0 3
0 1
0 0
0 0
0 0
0 7
0 8
0 0
7 2
0 8
0 52
3 97
0 4
0 4
1 22
0 18
6 145
0 9
0 70
0 24
0 19
0 43
0 5
0 21
1 43
0 0
0 7
0 3
1 61
3 42
0 0
2 29
1 57
0 11
0 6
0 4
0 0
0 7
7 3
0 10
0 0
5 65
0 0
0 0
0 6
0 1
0 7
2 0
0 0
0 0
0 0
0 0
0 0
0 4
0 61
3 1
9 42
0 9
0 0
0 2
0 0
0 0
0 5
0 0
0 0
0 10
6 33
0 9
0 0
1 0
0 0
0 12
0 377
0 887
0 1128
1 1178
6 921
1 530
5 398
0 277
2 148
7 110
5 154
8 109
0 70
5 85
2 48
0 60
0 41
0 37
0 20
7 133
0 50
0 93
0 51
0 37
3 80
0 23
0 26
2 65
0 41
0 63
0 64
0 25
0 27
0 3
0 9
4 11
0 24
5 58
0 7
0 1
0 0
0 5
0 35
0 52
11 61
0 27
0 42
2 0
0 1
0 14
10 3
3 11
0 0
4 50
0 0
2 25
0 6
0 0
0 4
4 0
0 22
4 54
2 0
7 43
0 0
5 0
13 39
19 12
14 58
9 220
2 200
1 322
0 296
2 309
1 183
7 124
6 62
1 27
12 0
6 1
0 0
0 0
0 0
0 0
0 1
0 4
1 13
8 1
0 4
0 2
1 3
0 0
0 12
0 22
2 62
0 0
2 2
0 0
0 10
2 19
0 3
0 7
0 0
0 0
0 17
1 6
0 0
0 0
0 0
0 16
0 1
0 2
2 42
0 13
0 22
0 0
0 3
0 0
0 5
1 57
0 0
0 0
2 42
0 7
0 0
6 0
0 4
0 0
0 0
0 0
0 0
0 20
0 6
0 2
0 0
0 5
0 0
0 16
0 3
4 49
0 0
0 16
3 0
0 19
7 134
0 1
0 17
0 10
1 33
2 6
1 1
0 5
2 79
0 32
0 12
0 13
2 39
0 11
0 7
0 3
0 0
0 0
0 0
0 0
0 0
0 14
0 0
0 0
0 15
8 89
0 2
0 4
0 0
0 0
0 17
0 70
0 0
0 43
3 5
0 31
3 45
4 65
0 1
0 5
0 22
1 45
4 103
4 46
6 71
1 175
0 347
1 459
0 317
6 318
7 294
0 65
4 99
0 26
1 19
0 16
0 14
2 16
0 0
1 8
0 3
0 36
1 52
0 65
2 107
0 204
2 191
3 93
1 72
0 39
4 51
5 49
0 3
8 99
5 103
3 106
0 18
0 21
0 7
0 0
0 0
0 3
0 7
0 40
0 148
0 302
0 289
0 394
2 185
0 214
0 294
2 353
6 246
0 45
4 99
3 64
0 9
0 9
0 11
0 0
7 89
2 2
0 0
0 0
0 0
1 19
0 0
0 4
0 0
0 6
0 0
0 0
0 10
1 1
0 12
0 25
1 6
0 32
0 56
0 0
0 0
0 2
0 5
1 40
0 0
3 51
1 0
0 0
0 29
0 5
0 17
0 1
0 0
0 8
0 0
0 0
0 0
0 0
0 0
0 0
0 0
0 0
0 0
0 0
0 7
0 11
0 2
0 0
0 0
0 9
2 71
0 0
0 0
0 1
0 5
0 7
0 4
0 16
1 2
1 16
0 18
3 1
0 13
2 17
0 1
1 11
1 13
0 1
0 0
0 0
0 0
0 0
0 0
0 23
4 226
9 586
0 227
1 101
5 77
5 170
6 176
2 32
5 104
2 43
4 101
6 85
0 0
3 47
5 30
0 6
0 1
0 0
0 1
0 7
0 0
0 27
0 19
0 0
0 0
0 0
6 71
0 7
0 0
0 0
0 0
0 2
0 0
0 22
0 2
5 38
0 0
2 66
0 97
0 458
1 834
0 1091
0 1051
0 868
3 734
0 501
1 435
1 244
6 273
5 403
1 413
9 735
6 348
7 368
5 125
6 109
10 157
5 65
0 42
6 91
0 20
2 6
0 12
0 4
2 28
4 13
4 35
0 0
1 5
1 0
0 12
5 43
0 56
4 59
0 20
0 5
11 77
0 4
4 45
0 11
1 11
0 7
0 7
0 32
14 136
11 252
27 358
8 514
0 509
15 592
66 648
74 649
85 592
78 475
79 456
46 135
12 58
13 57
10 56
0 200
0 342
1 710
0 573
0 816
15 1232
32 1280
7 1556
6 1914
7 2101
2 2067
9 1839
12 1420
2 916
4 450
1 174
0 77
0 77
3 111
0 73
1 163
7 169
3 143
0 138
6 285
4 199
1 275
2 527
0 362
4 552
5 437
0 562
1 796
4 926
3 1234
5 1522
10 1665
2 1532
0 1225
1 1236
2 1100
5 849
59 632
10 578
134 468
208 296
191 519
185 325
206 124
332 234
556 361
441 516
669 787
442 747
441 825
303 867
334 879
259 1006
365 823
371 690
310 530
366 337
344 259
227 321
122 318
40 137
3 142
9 228
0 451
0 604
4 773
17 857
10 924
0 887
3 773
15 561
5 417
9 259
25 86
1 125
22 37
0 47
0 18
0 38
21 1
0 10
0 42
2 0
0 2
3 0
11 0
4 0
0 3
1 14
3 4
0 1
0 6
0 3
1 0
0 0
0 0
0 7
4 123
0 7
0 35
22 58
14 89
0 52
0 31
13 4
26 10
210 15
265 41
502 10
320 12
349 14
427 64
323 46
223 36
200 12
152 57
121 15
19 0
19 30
94 0
84 17
28 24
84 67
25 0
24 2
2 12
2 24
4 0
25 1
31 0
0 3
0 1
6 0
0 0
0 0
0 0
0 0
21 0
10 0
9 0
0 0
0 0
23 0
0 0
15 0
0 0
0 0
6 41
2 1
0 0
0 0
0 1
0 0
0 0
0 0
0 1
0 0
0 0
1 4
0 0
3 2
3 0
8 0
60 0
8 0
3 2
16 0
4 0
4 0
0 0
1 13
0 54
5 87
0 1
0 6
11 11
3 46
3 15
15 13
20 6
1 7
0 44
4 42
6 48
0 3
6 0
25 34
22 9
7 3
0 0
1 0
0 0
9 0
0 0
0 0
0 0
0 0
9 43
0 27
0 109
0 131
4 125
0 10
0 37
0 163
0 351
1 289
0 126
0 23
2 33
0 72
0 123
0 30
0 9
0 2
0 127
0 120
0 24
0 39
1 144
0 139
0 94
6 143
0 29
0 98
2 197
0 132
0 89
0 15
0 61
2 139
0 105
4 107
2 40
1 58
3 143
0 9
0 5
0 8
0 0
0 0
0 37
0 3
0 24
0 49
0 77
0 74
5 227
0 68
0 62
0 2
0 24
0 180
0 464
4 912
5 946
0 659
19 611
0 344
5 441
0 415
0 533
0 606
0 543
0 426
5 318
4 374
2 363
5 238
0 88
3 98
0 49
4 179
0 21
0 25
0 24
0 56
0 12
0 30
2 193
2 146
0 46
3 54
5 129
4 52
1 33
0 94
4 91
0 44
0 0
0 33
0 17
3 111
1 14
0 0
1 45
0 17
2 89
0 1
2 85
0 65
0 18
0 0
0 2
0 33
1 2
0 14
0 8
0 9
2 34
0 0
0 0
0 2
0 0
0 18
0 2
0 0
0 0
0 6
0 3
0 0
0 10
7 90
0 43
0 16
2 61
0 10
0 7
0 19
2 492
3 1066
0 1140
5 1066
3 786
1 369
4 147
4 133
3 206
0 94
4 227
0 217
4 382
5 424
5 203
0 74
6 311
5 279
17 313
12 173
88 113
325 91
294 115
499 58
469 33
285 46
274 155
171 82
87 91
22 147
10 95
75 223
152 118
247 90
289 243
384 437
339 473
346 316
196 98
113 103
64 311
8 439
14 276
10 511
12 268
51 230
55 103
70 32
34 169
32 249
25 147
8 142
5 145
16 507
36 1264
49 1138
47 228
5 700
2 1322
5 1443
4 851
2 507
11 1420
6 1379
6 583
0 272
7 451
8 729
7 963
6 427
6 441
0 406
4 423
5 401
5 234
5 219
0 106
0 122
2 100
0 38
0 64
0 36
0 75
2 30
0 15
0 42
0 81
0 30
0 30
0 104
0 107
4 67
6 54
13 277
3 87
2 43
22 69
11 112
23 177
23 66
5 13
5 231
6 129
1 37
9 151
16 135
3 64
44 52
58 20
141 72
577 35
979 36
1330 70
1884 105
2459 21
2669 88
2945 70
2825 140
3280 153
3183 85
3303 154
3240 12
3348 47
4132 165
5214 75
6256 59
7135 57
7492 30
7474 19
7054 58
6815 168
6121 246
5020 161
4385 186
4740 368
5632 451
5511 329
5649 384
5875 308
6777 214
6426 129
6320 174
6167 316
5825 431
4480 69
3096 168
2041 81
2083 107
2388 160
2274 16
2079 3
1875 15
1441 46
591 23
522 157
972 152
1184 117
1365 44
1253 105
876 258
483 300
236 391
136 528
279 632
182 534
317 788
155 852
50 1245
231 1911
6 1720
107 1750
93 1724
24 1614
211 1216
40 883
93 363
45 9
0 98
20 179
21 810
47 1689
68 2274
32 2507
3 2953
26 3862
3 4187
2 3918
3 3477
17 3363
27 2874
5 2793
8 2685
0 3333
25 3685
3 2065
3 1884
0 2025
6 2519
1 2309
10 2244
17 2087
1 2072
0 1639
8 1544
2 1254
1 1500
22 1505
9 1329
0 1305
28 2098
17 1219
21 1159
54 997
116 1198
209 1205
468 1063
541 791
452 493
333 598
214 670
501 660
643 716
683 644
219 431
109 577
355 538
467 646
132 258
0 396
133 595
54 488
3 678
0 1059
3 1214
0 1089
0 1143
0 1536
29 2363
0 1205
0 936
0 811
0 996
1 1299
2 1295
0 400
0 418
1 996
12 1149
55 1242
0 1282
47 1506
273 1645
93 959
301 840
612 1023
163 731
34 496
130 214
83 350
46 360
69 207
194 115
157 265
70 407
152 1013
50 1528
79 1664
84 1807
93 1751
99 986
68 596
51 855
101 971
62 1064
60 984
3 955
65 1028
18 1864
0 1516
6 1701
47 517
19 657
0 805
9 457
0 445
0 659
0 970
0 921
0 541
0 322
2 225
3 165
11 116
7 266
0 63
0 20
8 2
3 0
0 0
0 3
3 0
0 1
0 2
0 0
5 0
2 2
1 0
0 0
0 3
0 3
0 22
0 9
0 6
0 7
0 14
0 0
0 2
0 11
2 105
0 4
0 10
0 0
0 0
0 0
0 1
0 0
0 0
0 0
0 6
0 0
0 28
0 57
0 183
2 318
0 284
9 321
0 260
2 211
0 249
0 290
0 38
0 46
4 18
9 161
0 6
1 41
0 23
0 47
0 117
0 103
0 20
12 4
0 3
0 26
0 16
0 5
0 1
0 1
0 51
3 42
0 49
0 17
0 8
0 16
0 125
0 571
3 2167
3 2980
6 3825
0 4147
12 4013
7 4025
3 4059
18 4137
29 4222
30 4726
50 5453
45 5480
41 4629
33 3768
30 3752
31 3732
32 3458
24 3067
22 3076
16 3487
34 4029
35 5241
54 6913
54 6100
40 5280
36 5407
40 5411
41 6250
48 4597
47 3491
71 2977
44 3867
39 4853
50 4837
51 5681
68 6639
44 6187
36 4906
33 3372
29 2564
20 3567
8 4002
3 3721
24 3891
8 3277
5 2332
0 2184
4 2100
9 1776
6 2576
1 2484
0 2258
20 4212
2 2676
4 918
2 1145
2 1585
2 1607
13 1064
16 1199
98 1217
376 767
534 216
1053 582
1863 445
2665 66
3112 248
3365 369
3423 255
3414 59
3608 313
3381 451
2990 325
2446 171
2082 594
1753 1033
1268 1094
1317 1541
1209 1323
1079 1215
866 1230
452 744
90 899
59 991
146 622
74 721
43 620
50 531
41 543
175 901
73 1026
88 623
652 712
1294 875
1924 868
2395 472
2867 1308
3387 822
3546 763
3254 1016
2906 791
2506 1825
2642 2958
2187 1923
1772 1366
1767 2008
1435 2972
1295 3555
1192 2907
578 2154
443 2364
227 2127
205 1918
156 1696
393 1176
764 1934
1112 2017
1223 700
1348 603
1095 468
773 255
501 133
266 213
58 50
27 28
19 41
45 133
75 376
40 71
33 72
69 64
41 44
121 59
25 98
20 91
168 194
58 551
8 955
1 1528
17 1729
2 1868
13 2642
11 2857
9 2421
11 2013
3 1737
3 1521
0 1122
0 814
15 455
0 303
3 171
4 407
0 23
0 121
0 26
4 51
2 72
3 460
0 523
0 301
4 605
23 621
115 76
298 307
614 135
825 276
977 998
1071 1534
776 1234
788 964
561 678
311 933
85 1070
34 808
3 543
3 130
43 186
21 11
9 15
17 1
1 27
0 95
0 10
0 2
0 10
0 17
0 0
0 1
0 16
0 0
1 20
0 3
0 0
0 13
3 25
0 16
0 2
0 0
0 0
0 0
0 11
1 137
3 39
2 35
0 25
2 86
5 337
6 217
1 11
21 24
6 77
9 18
18 20
6 29
8 47
6 32
0 35
7 18
1 3
6 1
16 7
20 0
2 0
11 5
0 16
0 57
3 130
0 33
0 144
0 759
9 1192
30 630
0 986
0 1783
2 1700
1 1537
0 1870
0 1919
0 1735
0 2175
0 2402
4 2192
15 1886
0 1443
0 1109
4 552
0 394
0 320
0 465
0 556
0 499
0 856
0 322
0 307
0 380
0 427
1 141
0 47
0 79
0 27
0 12
0 1
0 8
0 30
0 23
0 20
0 5
2 18
0 0
0 1
0 2
0 40
0 155
0 565
2 615
1 1473
9 2308
9 1561
2 1896
13 2227
20 1405
39 2064
32 2525
14 1613
11 637
6 1132
8 2129
3 2673
18 3137
39 4041
51 4374
41 4648
44 4269
30 3201
21 2641
11 1861
16 2004
26 2385
25 2649
30 2622
21 2251
10 1755
0 533
2 704
0 506
3 474
1 396
8 1228
12 1316
8 868
9 964
10 786
10 880
25 1109
33 1490
20 1281
27 1462
18 1645
6 1998
3 2053
8 1421
0 1457
13 2442
22 3376
12 3566
13 3771
24 4339
9 2845
17 3293
8 2636
6 3078
6 3232
20 2821
13 3352
5 3015
1 2614
6 3070
9 3025
7 2868
14 3249
12 3304
15 3636
15 3812
17 4897
16 5941
11 6302
7 6223
13 6057
14 6391
10 6301
13 6676
10 6866
16 5643
27 5111
61 4246
48 3462
26 2894
21 2883
19 2336
16 2156
21 1811
10 1645
11 1284
18 1187
3 1053
8 1190
5 1071
3 1135
3 1061
8 1267
6 1688
8 2166
13 1888
17 2454
22 2702
14 2674
18 2888
13 2072
19 2379
24 2450
12 2331
21 2093
15 1823
14 1606
14 1202
9 1386
4 1254
10 1821
18 1703
19 2133
13 2060
17 3117
22 3523
48 4773
23 4901
12 6251
12 6250
15 7157
9 6199
18 5416
12 3226
35 3198
0 1598
7 3740
7 4998
16 6070
22 7000
22 7378
25 7376
10 6411
12 5787
14 5696
32 6424
32 5951
26 5843
12 5502
15 6766
14 6947
18 6410
36 5821
22 5479
24 5782
33 6031
36 7204
39 8672
33 8025
43 6565
24 5847
11 4017
10 3106
19 3361
13 3894
8 3147
10 2904
12 3052
5 2587
0 1655
3 1756
2 2092
5 2341
3 2014
12 1906
5 2780
5 2663
5 2018
0 856
7 881
2 1614
4 1675
3 1423
0 1338
10 1628
0 323
0 350
0 1073
0 2229
0 2328
1 2341
10 2793
5 2288
3 1265
0 800
3 1035
7 1705
1 1051
1 684
1 638
0 720
0 582
0 504
0 660
0 574
0 542
0 241
0 32
0 103
1 252
0 187
0 130
0 268
0 313
1 503
7 703
13 745
16 834
3 1028
7 1382
12 1149
12 987
12 1240
7 1324
6 1282
4 796
7 765
7 615
6 377
3 268
0 269
0 450
0 481
0 293
1 568
0 209
0 344
0 396
0 232
0 513
0 685
0 787
0 289
0 191
0 72
0 241
0 95
0 178
0 245
0 190
0 70
0 51
0 16
0 126
0 81
0 7
0 8
0 33
0 61
2 155
0 85
0 439
0 802
11 1201
11 1447
0 1616
0 1641
0 1524
14 1400
0 1057
0 1380
4 1783
11 1696
20 1632
28 1714
20 886
2 334
17 749
23 933
19 838
12 888
13 1569
26 2217
23 3244
20 3669
2 2701
0 2448
0 2022
0 1603
0 1201
2 1625
0 1790
2 2137
23 3295
33 4149
42 3196
36 1202
33 1635
29 1533
19 732
21 815
23 881
3 1803
21 3548
16 2269
18 1137
4 1102
18 1236
12 1030
29 2941
19 1472
11 1096
5 2190
19 2576
21 2355
22 935
11 1015
19 1259
23 639
15 623
17 914
8 681
13 1655
13 948
14 628
18 1998
0 556
22 1375
27 1665
14 830
15 1843
23 2246
19 873
23 2480
23 1874
15 748
12 2045
23 1884
4 726
21 2259
20 2482
9 1163
16 1959
25 2537
25 1820
26 2015
26 2536
9 1416
19 2053
24 2121
20 1677
14 1199
5 1849
1 1538
5 1427
7 1136
9 923
7 749
5 492
5 310
2 15
0 105
0 95
0 56
0 82
0 77
0 10
0 57
0 116
0 88
0 91
0 402
0 624
0 893
0 1134
1 1133
6 751
0 610
0 589
0 666
0 321
0 639
0 896
0 801
2 736
0 474
0 485
0 356
0 508
1 590
1 520
0 685
0 509
0 567
0 686
0 171
0 36
0 28
0 69
0 59
0 68
0 26
0 39
26 60
47 66
125 53
201 99
236 95
449 104
519 395
459 409
489 746
505 1054
431 1061
331 1044
293 1046
209 782
179 665
49 1285
37 1889
29 2079
68 1667
138 39
272 896
342 841
413 368
492 288
568 557
564 1182
583 929
631 645
486 453
420 572
298 440
245 444
90 96
65 179
0 91
12 23
15 2
109 0
141 27
216 91
259 121
297 127
283 336
407 514
404 547
371 512
365 471
269 138
140 258
91 310
5 125
4 100
64 107
84 55
132 35
134 12
242 115
65 0
152 3
77 0
51 12
47 16
8 0
0 0
0 0
2 41
0 24
10 10
2 0
22 19
1 30
5 15
0 35
0 0
0 0
0 0
4 0
0 0
0 0
1 23
0 24
2 47
0 38
0 87
7 282
0 445
0 515
0 631
0 848
0 1274
2 1601
2 1742
0 1545
0 1046
0 1296
3 1609
11 1551
25 1742
31 1957
33 1762
28 1151
16 456
10 542
26 425
14 191
1 170
4 549
10 985
11 1237
3 539
1 223
0 969
0 669
0 368
5 144
0 237
0 265
0 106
7 205
13 744
19 950
21 1107
19 1528
5 1507
0 923
1 864
0 429
0 306
0 639
0 350
8 463
1 626
2 295
5 354
0 419
0 479
1 258
3 44
0 7
0 3
0 3
0 14
0 0
0 5
1 1
0 1
0 16
0 0
0 9
2 0
0 0
0 0
0 1
0 0
0 6
0 8
2 47
0 18
0 117
0 358
0 423
0 516
0 606
0 762
1 1037
3 1411
0 2120
2 2566
0 2438
0 2461
0 2156
1 1842
8 1420
6 1429
8 2372
10 2754
11 2482
9 2015
13 2489
9 2396
0 1693
1 2423
0 2288
0 2016
0 2169
1 2225
2 2309
5 1997
13 1297
18 1702
8 1427
10 1846
22 2340
20 2797
3 2357
3 1852
0 1779
3 2053
4 1697
5 2108
12 1287
9 1501
11 1413
6 1631
10 1695
10 800
16 1678
0 1381
0 970
10 923
16 1716
14 1486
18 1862
4 1790
13 2019
16 1645
15 2070
11 2189
0 2230
0 2332
0 1303
0 1186
1 2394
0 2313
10 2283
15 1942
13 778
10 951
18 1699
22 2125
8 2348
2 1745
0 1354
0 1670
0 1978
0 2008
1 1832
13 961
11 1207
8 1234
11 1876
8 2011
0 1347
3 1056
4 1476
0 1743
9 1900
10 844
0 726
9 1507
5 1833
5 1447
0 813
0 586
0 352
0 349
2 1308
0 1741
0 2118
0 2042
0 1072
2 1591
0 2644
12 2657
14 1618
24 2173
16 1776
10 987
11 1421
13 1795
13 1408
7 1660
7 1808
5 1239
4 1032
6 1629
12 1229
6 848
0 652
0 354
1 185
4 462
0 253
2 225
0 51
0 254
2 265
0 61
0 36
0 173
0 136
0 299
0 745
0 1380
1 1860
1 2318
4 2859
16 3290
2 3211
14 1785
111 2239
97 3148
109 3224
111 2303
83 1040
16 1004
63 1437
5 773
7 721
9 815
7 817
3 316
15 144
19 246
121 669
105 1145
105 1801
78 2259
13 1898
60 777
15 453
10 855
5 1089
5 1155
0 862
2 683
1 346
96 490
75 817
99 2193
76 3129
92 3462
5 2090
17 2483
23 2667
9 2966
17 3685
11 2718
19 1441
94 412
26 871
74 602
30 808
29 1116
10 1352
12 1741
8 2323
1 2536
0 2459
0 2609
0 2863
37 2518
35 1937
55 1379
20 1496
92 1610
79 2342
36 2526
65 1343
11 80
0 767
3 1285
9 994
10 785
44 377
10 98
44 93
3 317
3 338
0 14
0 292
0 480
0 480
0 517
1 460
10 225
16 241
1 340
3 790
9 1426
5 1498
6 1170
0 188
0 121
0 223
0 393
0 313
0 155
0 135
0 90
0 91
1 143
0 106
0 75
0 41
0 44
0 25
0 0
0 41
0 27
0 9
0 1
0 6
0 0
0 0
0 9
0 44
0 6
0 34
0 0
0 9
0 20
0 0
0 4
0 0
0 0
0 0
0 0
0 0
0 2
0 0
0 0
0 0
0 0
0 0
0 0
0 5
0 14
0 8
0 16
0 21
0 151
0 255
0 358
0 605
0 868
0 1449
3 1950
0 2194
3 1765
5 2410
10 2997
9 3090
3 2660
9 1868
5 648
7 1227
8 742
5 568
7 824
4 556
0 557
0 190
5 123
0 53
0 90
2 373
0 267
0 329
0 221
0 163
0 95
0 184
0 209
0 393
0 399
0 472
0 484
0 288
0 166
0 148
0 146
0 138
0 167
0 274
0 446
0 851
2 947
0 904
1 530
2 359
3 274
3 213
0 621
0 888
0 805
0 736
0 507
0 262
0 101
0 122
0 223
0 351
0 391
0 520
0 690
0 624
0 354
0 394
0 326
10 532
14 626
0 353
2 67
0 151
0 199
5 143
9 3
0 13
0 21
0 49
0 23
0 41
0 34
0 251
0 442
0 389
0 275
0 134
0 182
1 254
0 94
0 87
0 49
0 56
0 3
0 2
0 0
0 0
6 0
0 4
4 37
0 22
0 13
0 3
7 3
0 1
0 4
4 1
1 1
3 12
7 18
1 9
0 8
0 1
0 0
0 9
0 0
0 0
0 0
0 9
0 0
0 6
0 4
0 9
0 17
0 168
0 153
0 384
6 834
5 1003
4 1038
0 1349
0 1728
0 2082
0 2064
3 2012
2 1707
4 1742
3 2826
7 3161
7 2610
4 3342
4 3791
4 2673
16 1815
10 2320
2 3493
2 3239
0 2861
13 3458
16 3967
1 2171
12 3619
3 2304
1 1570
0 2504
0 3902
8 4224
14 3052
4 2924
14 3744
20 2748
13 2176
10 2310
6 2125
13 1887
23 1400
16 1802
16 1447
8 1171
6 1075
3 1318
2 1272
3 897
0 701
6 1329
0 1420
0 1649
6 1416
7 988
8 782
7 854
0 458
0 468
0 277
1 278
0 329
2 318
2 149
2 112
0 188
0 110
0 179
0 147
0 98
0 71
0 184
0 301
0 339
1 411
5 665
0 146
0 88
0 78
0 98
0 282
1 811
1 1423
1 1854
0 1796
0 1738
5 1442
12 1305
20 1956
21 1720
19 1983
3 1519
5 938
8 346
7 517
15 614
13 835
11 1042
6 1097
6 1152
12 1434
2 1208
6 1081
9 922
8 615
8 845
0 540
0 127
1 73
0 79
8 72
78 16
153 24
354 3
460 13
413 18
319 4
312 1
325 17
416 3
542 26
877 33
935 15
1039 4
1178 19
1420 102
1314 9
1759 5
1994 20
2147 63
2313 13
2195 20
2160 87
2367 173
2671 161
3014 356
3144 522
3233 513
3298 592
3496 633
3869 582
3808 333
3662 316
3605 241
3266 158
3787 110
3726 33
3243 57
3047 89
3081 188
3308 628
3160 507
3030 694
2593 764
2916 757
3117 626
2911 475
3198 197
3253 14
2975 31
2294 762
2147 3098
2169 4972
1251 5877
1377 6069
1441 6498
1081 7695
657 6191
898 5950
1710 5115
1904 4534
1847 3978
1414 3830
1007 4758
770 5412
623 5383
366 3104
775 2717
818 2780
975 2286
830 2224
503 2481
498 2770
592 2359
299 2710
291 3138
191 2499
64 1590
58 3471
56 3589
57 2959
39 2186
47 2783
87 1745
199 1977
109 1784
134 2011
61 2950
152 2551
45 1595
77 2781
126 344
55 2430
29 1891
80 1380
212 2558
62 1326
32 2223
57 1704
37 802
49 1474
52 1063
51 2371
55 1720
25 1726
30 2205
24 1593
25 2620
27 1178
46 2086
28 1977
22 1943
24 2317
13 1418
29 1802
43 1679
35 2094
21 2287
28 2654
19 2405
22 2548
19 3304
11 3227
12 4348
0 3444
7 3101
1 3720
11 4512
4 5444
17 5881
11 5180
28 5205
20 5218
12 4141
8 3097
6 2327
1 1548
12 2424
25 3802
22 4030
22 5180
23 5638
27 6784
16 6009
2 3558
2 2660
5 3287
17 2345
6 1286
3 763
1 1079
3 971
0 667
0 334
3 285
0 107
0 117
0 124
19 89
0 158
0 370
4 536
0 584
0 547
14 357
0 126
0 53
0 147
0 77
0 13
0 4
0 5
0 0
0 18
0 12
0 0
0 2
0 20
0 17
3 69
0 36
8 4
0 5
0 2
0 2
0 6
0 25
0 19
0 0
0 0
7 132
0 115
0 605
0 854
2 1624
10 2564
0 2409
0 2266
0 1892
6 1505
2 2117
3 1793
0 3399
11 3592
12 4474
10 4284
25 4684
14 4387
15 4371
14 3932
19 3340
20 3472
16 3600
9 3777
4 3158
28 3765
10 4222
16 5761
22 6179
28 5006
31 4116
44 3874
39 3820
25 3663
8 3125
5 2970
20 2657
18 3102
16 3220
17 2964
12 2252
10 2088
0 1120
12 2049
9 1484
4 1069
3 2240
6 2125
3 2346
6 1770
10 2190
6 2778
0 2101
2 638
12 3010
3 1492
4 1612
4 2647
7 1701
3 1624
17 2026
8 605
5 2014
0 1292
14 1894
3 1898
2 1056
8 1287
10 2603
0 1736
4 2335
4 2931
0 814
7 2196
6 2320
17 3210
18 2088
9 2789
13 2449
16 1638
1 2135
11 2763
10 2626
7 1679
3 1995
1 2601
0 2239
0 1950
0 3028
2 2285
16 2965
4 2238
9 2958
10 4048
17 3676
22 2883
18 2984
7 1824
28 2829
25 3173
34 4299
20 4314
26 4982
21 5273
25 5516
19 6160
18 5500
15 2788
7 1419
12 2197
1 1629
0 795
0 407
0 976
2 2799
1 3514
5 3810
3 3911
22 4256
6 3785
20 3411
5 2619
0 2075
0 2385
6 3614
34 4118
23 3131
33 4443
19 3956
20 3353
5 2998
3 3216
4 2985
2 2559
0 1709
2 722
34 82
78 42
117 83
271 128
406 160
628 217
809 237
952 155
1041 85
1225 49
1308 47
1509 8
1779 5
2076 6
2759 49
2951 8
3203 60
3043 17
2798 35
2668 16
2873 19
2588 24
2520 104
2364 183
2695 283
2920 271
2825 221
2454 103
2072 105
1927 82
1569 70
1212 37
864 79
547 276
481 451
543 462
226 311
148 115
193 21
389 185
116 45
77 135
105 176
166 216
250 107
361 68
385 7
459 80
609 173
591 759
736 472
879 49
758 72
745 40
439 114
664 72
333 3
351 10
278 21
262 23
332 5
690 15
740 16
849 22
1129 81
720 18
810 19
782 18
819 12
846 16
654 7
455 5
317 5
168 2
74 4
5 2
9 15
1 5
5 4
12 0
13 0
4 4
0 0
50 3
0 0
12 3
26 0
64 0
16 0
8 40
3 0
11 0
2 1
0 0
15 10
14 8
24 10
46 35
8 22
5 38
21 54
25 120
60 124
46 108
60 124
117 113
230 78
471 93
633 62
650 35
803 23
808 27
886 33
987 22
1019 102
823 20
852 26
785 14
771 18
709 12
818 25
868 20
797 34
895 63
892 42
964 6
1178 16
1793 85
1072 19
916 12
689 14
899 81
1483 106
1052 223
829 184
688 179
674 285
735 243
775 372
873 953
1089 981
2083 1158
1748 1205
1394 547
1365 124
1330 377
1448 618
1440 674
1535 815
1668 1288
1654 670
1666 591
1549 774
1528 657
1319 567
1064 289
893 91
918 615
876 861
952 855
947 1000
889 1307
926 1777
882 2238
934 3222
733 2473
612 2468
753 2272
684 3096
702 3294
707 3754
729 3507
680 2997
677 2332
621 1660
429 714
519 476
486 487
311 451
214 380
255 1008
124 1258
67 1206
44 1219
52 1424
43 1714
92 2216
28 2411
60 3147
50 3841
32 3837
106 3971
278 4766
127 4814
78 5265
182 5291
250 6021
268 6111
236 6331
312 5794
280 6434
357 5374
290 6358
355 4757
322 4342
308 3159
242 2958
150 1976
156 1578
227 527
226 302
312 60
302 32
273 287
514 839
331 1098
519 1479
420 2946
294 3017
323 4447
373 4689
257 5557
227 5673
126 6619
203 6160
208 7017
388 6685
503 7370
649 7031
775 7875
721 7355
847 7783
772 6826
971 6627
1164 5210
1508 5966
1733 5653
1929 6875
1852 6705
2146 7807
1741 6621
2218 6585
2213 4894
2232 5808
2246 6489
1827 6774
1779 5943
1359 4988
1347 4112
1070 3563
1057 2866
990 2683
704 3646
644 3656
466 2843
627 2921
897 2843
593 2174
238 2764
529 2900
577 3262
894 2906
1102 2976
1232 2226
1957 2670
1472 1440
1176 1303
1031 992
852 1200
1170 1488
1910 1565
2726 1790
2501 1664
2608 1300
2010 738
1856 317
1137 749
849 1165
659 1156
686 1183
740 1393
982 1299
995 1801
885 1385
680 1012
403 646
543 407
494 334
245 318
264 450
84 198
144 345
259 554
211 895
132 1410
154 1537
44 1348
34 1653
87 1476
57 1941
74 1917
31 2340
33 1955
43 2379
26 2071
41 2684
46 2063
26 1536
13 1311
21 1162
61 1417
24 1534
20 1872
14 1874
33 2908
18 2395
16 2303
6 1548
19 903
4 305
2 68
0 6
0 62
1 148
0 148
0 110
0 164
0 112
0 114
0 58
0 214
0 414
3 823
3 1261
18 1399
21 1436
20 1189
28 1269
4 990
28 1542
8 574
29 522
154 331
321 104
387 74
366 58
321 70
246 64
170 59
37 84
24 336
8 763
22 932
92 1176
90 1358
183 1999
205 1915
78 1949
77 1794
23 1544
26 1830
17 1960
6 1679
44 1501
25 1557
22 924
29 1085
26 1407
21 1347
43 1176
26 874
27 1077
44 1302
59 1375
37 1318
25 1213
18 1079
28 1034
23 932
36 396
31 571
32 1436
18 1761
14 1530
68 1720
47 1887
36 927
21 457
6 709
9 1109
12 474
0 433
2 545
6 300
3 101
14 15
15 363
11 639
6 811
23 1255
24 1495
34 1813
15 2549
14 2545
12 2356
15 1847
5 1489
4 948
0 927
24 1111
2 1159
17 1206
20 1167
16 1064
80 1344
46 1233
84 1379
8 1018
21 689
7 473
3 1164
9 1235
2 1751
1 1269
0 745
3 478
0 367
7 643
11 757
6 890
0 717
10 301
0 73
0 175
15 456
13 613
1 720
3 677
0 376
2 248
0 523
0 624
0 603
0 435
0 255
0 31
0 188
0 471
1 689
0 707
0 633
1 197
1 591
0 784
2 705
0 221
0 430
0 820
0 798
2 580
0 288
0 258
4 683
0 963
1 1087
0 596
0 871
0 1062
12 891
0 772
15 831
3 521
15 699
0 893
0 982
2 665
0 209
0 4
0 83
0 175
2 148
0 23
4 186
0 197
0 128
0 270
0 388
0 610
0 707
0 818
0 577
0 117
0 101
2 382
6 930
3 825
4 843
2 966
4 954
2 468
6 274
1 369
7 586
3 439
7 354
4 331
4 205
3 214
1 183
0 102
2 121
0 76
0 155
0 212
2 435
1 252
2 373
3 381
3 447
4 439
6 611
8 750
6 776
0 807
0 608
0 444
1 346
1 345
0 439
0 519
3 698
12 586
12 574
7 780
6 1147
7 1083
14 955
8 677
3 633
32 1111
5 876
4 1196
21 1628
17 2114
22 2385
22 2861
17 3325
28 3638
21 4035
68 4438
30 3649
26 2379
16 2995
26 2227
4 1170
10 792
8 403
0 148
1 194
4 240
0 108
2 46
15 30
3 157
9 266
0 2
0 28
0 73
2 85
7 46
2 0
1 8
27 23
22 16
87 11
35 13
132 23
142 1
235 63
157 105
299 110
283 83
316 29
276 0
401 1
301 61
445 130
390 33
483 13
604 61
492 5
544 9
653 3
819 3
827 9
792 3
905 3
731 15
777 20
905 4
985 8
721 7
659 5
339 1
364 0
234 3
324 3
298 0
231 0
121 4
123 1
124 1
163 0
181 0
194 31
133 0
289 0
168 0
256 0
142 0
198 0
159 0
221 0
400 0
247 0
380 0
238 0
282 0
222 2
321 0
190 0
235 0
186 0
148 1
189 0
133 0
81 0
22 0
38 0
24 12
1 0
15 0
0 0
7 0
5 0
0 15
24 10
9 9
3 13
4 15
1 14
2 15
0 3
5 0
1 0
0 5
0 14
0 14
0 8
0 0
0 0
0 0
0 0
0 3
0 88
0 5
0 38
0 44
0 59
0 47
2 42
0 55
0 49
1 98
0 28
0 21
0 34
0 45
0 37
0 15
0 15
0 52
3 133
0 145
1 179
0 273
4 390
3 327
0 297
2 334
0 53
0 33
2 17
0 0
0 4
0 31
0 171
0 577
5 1586
8 3813
15 3296
12 3112
14 3058
14 2207
13 1613
5 1161
2 941
1 798
3 534
9 788
0 523
1 495
3 787
1 1172
5 1422
2 1225
11 1640
16 2463
12 905
8 708
4 891
5 1038
12 1005
17 1099
9 1543
7 1237
9 1431
7 1275
19 1499
16 1640
12 1626
4 1078
5 807
0 1000
0 1026
2 1061
9 1081
10 1504
7 424
12 755
0 196
2 219
3 219
5 147
0 125
3 129
0 69
5 122
11 37
9 24
9 20
0 0
15 75
1 11
63 10
97 76
101 16
102 6
109 16
39 6
31 6
40 0
0 2
0 48
57 57
21 9
109 11
141 1
84 2
198 0
95 0
57 7
16 49
18 178
0 378
8 589
0 823
13 1145
59 1265
80 1576
126 2155
123 2651
60 3135
119 2657
89 2246
24 1516
20 1146
8 1330
4 1201
20 1917
7 1133
30 1378
67 1639
32 1543
35 1825
66 1415
43 1774
19 1953
9 1718
4 1239
3 1116
13 1812
64 3563
39 4369
65 3817
24 2863
33 2861
6 4421
16 6352
34 6863
41 6777
52 6023
64 6306
70 6336
40 5962
16 4920
21 5302
29 5870
42 5964
33 5817
24 5064
18 4206
11 2989
5 1898
9 1646
8 2041
4 1610
2 1480
3 1551
5 1337
5 1130
3 1537
6 2025
13 2747
22 3144
24 3004
21 2548
30 2640
33 3073
45 4327
17 4809
36 5206
30 4404
34 4455
38 4183
34 4297
33 4153
35 4292
35 5004
45 4917
36 5074
32 4639
33 4407
38 4032
49 3303
33 2847
36 2489
23 1730
21 1508
5 1188
6 1140
0 824
8 702
2 865
19 940
11 500
16 1041
15 1572
17 2049
16 2461
19 3124
19 3414
27 3397
18 2809
20 2479
13 2238
22 2692
25 3247
34 3703
30 4126
38 4191
38 3140
30 2339
38 3315
47 3471
99 2798
76 1903
54 2130
58 2123
38 2847
15 1570
9 1396
12 1008
2 536
7 430
6 291
17 160
21 49
3 93
1 25
3 93
1 32
19 29
0 46
23 27
0 21
6 26
1 47
10 14
0 92
0 147
11 121
2 288
5 350
5 556
1 452
2 655
5 474
0 232
1 222
0 236
3 316
0 273
0 215
0 89
0 20
0 43
0 46
1 95
0 151
0 119
0 95
0 69
0 7
0 102
0 43
0 27
0 13
0 7
2 71
0 0
0 0
0 0
3 0
0 21
0 62
0 168
5 410
3 725
2 987
0 1134
0 1206
2 1284
0 1277
0 1264
0 963
0 745
3 944
18 1309
0 1205
18 1264
14 893
3 1054
12 1602
10 2173
8 2194
4 1942
0 1258
2 895
6 837
0 751
2 665
0 322
2 456
1 1125
0 1789
3 2678
2 3006
7 3296
0 2472
7 2323
4 2271
3 1921
2 1235
4 1033
6 1399
5 1451
2 1525
5 1481
20 2124
17 1525
28 1624
14 1631
6 986
5 504
0 209
0 274
3 235
11 23
10 9
16 13
7 86
0 28
4 33
2 39
0 76
9 58
0 11
0 11
0 26
0 10
0 2
0 12
0 11
1 44
0 1
0 32
0 3
0 3
0 9
0 66
0 227
0 718
6 806
4 895
0 481
9 661
2 1544
7 1941
7 908
3 259
0 427
4 344
10 628
0 908
0 776
8 1127
9 621
25 519
17 363
7 160
4 150
7 116
3 93
0 30
6 122
0 47
6 97
0 6
0 97
6 131
1 110
2 47
0 115
9 110
0 84
13 106
0 44
12 48
1 42
9 36
0 12
0 24
0 7
1 25
0 0
0 1
6 7
21 0
16 10
57 0
26 0
48 0
139 6
130 0
174 30
184 9
103 14
116 2
46 5
77 36
1 19
28 156
2 148
25 138
22 40
96 28
92 19
134 11
189 29
201 0
201 0
156 0
101 0
16 17
9 0
0 0
11 0
47 0
83 15
98 7
132 0
54 26
152 21
19 2
8 2
23 0
7 10
31 0
34 3
210 2
89 3
193 15
23 0
59 36
16 12
3 75
1 208
7 168
1 100
8 33
10 27
0 8
0 4
0 5
0 22
0 19
0 0
0 34
0 207
11 327
12 527
0 527
6 373
0 493
0 573
0 391
0 316
0 273
10 351
0 58
0 15
0 34
0 6
0 1
0 11
0 28
0 66
23 101
48 212
31 294
129 373
62 285
102 155
19 209
59 95
51 18
115 1
65 54
203 114
81 158
103 83
48 148
58 213
38 875
9 1148
3 1140
9 904
0 304
8 350
9 591
10 297
2 223
1 31
0 7
3 58
0 3
0 2
0 3
2 30
6 20
4 10
3 317
0 1047
14 1515
8 1210
18 825
4 824
16 275
15 1138
10 840
3 834
11 708
13 882
5 893
5 791
12 679
7 524
7 485
9 242
7 123
6 150
4 51
0 7
1 5
1 52
2 51
1 1
0 17
1 20
0 5
3 43
0 20
0 7
2 35
2 0
0 31
3 4
0 8
1 0
0 0
0 0
0 0
3 392
24 2057
24 4077
31 4206
20 2055
6 828
2 756
13 1014
10 846
1 308
2 82
3 90
3 117
0 92
4 76
0 21
3 100
0 28
0 38
1 23
0 31
3 74
0 29
1 65
0 61
0 86
6 195
1 142
3 119
14 335
15 769
8 381
3 144
3 81
3 171
4 79
16 25
0 21
5 56
4 115
3 62
3 290
9 87
2 42
0 19
0 14
4 35
4 138
52 100
5 156
8 349
3 294
3 223
6 213
5 314
5 359
0 78
0 156
0 116
2 246
12 436
0 192
3 100
0 122
1 400
42 979
28 2270
34 1869
15 1749
17 770
8 1028
15 922
7 600
5 316
1 288
8 429
0 292
6 232
2 224
4 451
4 594
6 1077
4 1035
2 703
7 588
0 376
2 305
0 305
0 246
0 180
0 146
6 674
0 384
5 258
3 158
1 46
0 84
2 193
4 299
3 204
1 39
1 0
0 37
3 240
26 267
87 359
191 144
227 54
201 64
82 130
104 114
14 74
36 27
29 2
63 57
102 95
102 314
170 57
44 40
77 33
0 1
0 10
2 1
0 8
28 5
11 2
13 0
26 8
27 0
0 3
0 0
0 0
15 1
8 0
18 0
0 0
0 0
0 0
1 5
0 3
0 5
4 62
0 0
0 0
0 0
0 0
0 1
0 3
1 12
0 5
0 3
10 14
0 12
0 11
0 2
0 36
0 18
0 23
0 14
0 13
0 3
0 22
0 0
0 1
0 0
0 2
1 67
0 22
0 16
15 69
1 51
0 42
0 1
0 9
0 6
0 10
0 0
0 17
0 31
0 0
1 2
0 0
0 0
0 33
0 7
2 9
0 27
0 12
8 1
0 0
0 0
5 46
0 8
0 13
0 20
0 99
6 555
0 758
3 1012
0 1128
3 993
6 834
2 1434
4 1545
12 1248
0 1814
2 1492
7 1248
14 2106
25 2407
15 2283
8 1520
0 1042
10 1177
7 1501
9 1465
13 1203
18 1074
6 489
8 704
7 286
12 274
6 260
7 338
4 186
5 180
0 107
2 88
2 35
0 38
12 64
0 22
0 5
0 57
13 8
0 1
0 11
0 54
3 29
0 5
0 11
5 42
0 22
5 12
0 2
0 11
1 11
0 19
0 23
1 0
4 8
5 9
67 9
17 22
1 9
26 0
3 4
3 0
0 6
0 11
0 0
14 0
11 0
9 0
0 4
15 6
26 46
0 7
0 7
0 0
0 23
5 167
6 528
12 1026
17 2059
28 2893
28 3479
14 3513
20 2566
7 2072
16 3049
21 3794
30 3938
35 3662
33 3357
31 2756
22 1593
20 1505
15 1980
0 2721
2 2815
4 3345
0 2596
3 2632
0 2469
5 2415
15 2536
38 4608
29 4939
50 4385
39 2449
23 4364
11 6053
16 4381
7 2513
6 3333
11 4057
38 3242
5 2139
35 2188
33 1326
8 471
7 582
6 632
7 415
7 369
15 668
7 141
4 328
6 250
13 568
5 583
13 368
2 509
7 562
11 507
27 473
36 693
5 666
12 707
15 415
3 372
6 490
6 425
9 454
4 48
4 323
3 311
2 94
3 134
2 246
8 306
1 103
0 58
3 179
5 349
12 747
23 1463
30 2635
30 3750
21 4792
27 5179
18 4088
9 3009
11 2425
10 2200
12 2293
10 2179
41 2253
12 2229
47 2220
32 2396
11 2269
5 1720
10 1781
8 1124
20 1386
11 1175
10 1588
26 1740
26 2628
30 2358
28 2052
11 1424
7 1230
17 983
39 1595
19 1619
9 1211
7 1064
13 1271
16 2312
17 3334
17 3571
39 3136
34 3942
8 4002
10 4070
8 3508
15 2888
13 2689
22 2400
12 2139
17 2380
16 2483
12 2463
29 2421
28 1987
11 1631
18 1925
29 2555
18 3222
25 3461
60 4327
69 4240
166 4466
189 2360
410 998
568 717
793 284
939 259
1149 242
1140 176
1287 180
1228 302
1459 257
1149 886
819 209
719 370
469 291
302 435
203 546
290 569
304 746
532 688
903 765
1080 566
1062 346
626 221
606 80
958 20
1516 108
887 75
838 40
1456 142
1796 131
2597 86
3106 171
2310 149
1359 174
1336 167
1466 399
986 310
1386 568
1185 846
1047 1012
1231 968
1335 628
1025 143
880 238
610 751
170 1184
221 1225
361 1457
362 1380
411 1454
489 1740
784 1565
733 1338
901 936
1188 747
992 435
1223 374
1026 614
1083 701
621 774
772 962
645 531
367 620
378 301
266 260
185 321
215 310
171 425
497 548
544 562
777 428
695 262
765 197
643 102
414 139
118 147
46 102
5 121
5 167
68 210
120 165
61 201
120 173
40 182
0 176
14 594
4 705
8 1311
59 1977
27 1997
127 1856
74 1698
30 1356
69 1530
19 1184
17 966
16 936
4 566
10 766
28 883
16 712
17 848
17 832
7 403
11 680
3 1195
6 1102
1 695
0 574
5 183
8 503
0 523
0 583
0 753
1 908
3 1061
8 1341
5 1525
14 1528
7 1675
5 1810
10 1729
3 1398
12 1613
18 1568
24 1222
8 1220
4 1288
25 1798
39 2562
31 2943
21 2765
29 2317
5 2032
4 1403
9 2088
21 1419
19 1675
14 1652
11 1646
8 1749
16 2031
13 2113
6 1797
10 1477
4 1180
1 809
29 2041
38 2547
32 2771
21 2244
18 1334
17 1007
37 3015
35 3418
34 3642
26 2665
14 1552
21 1690
17 2550
19 3400
7 1677
10 910
14 2039
17 2693
32 3556
27 2891
26 2036
4 1499
12 3171
34 4076
33 4156
30 3397
20 2480
12 959
6 1054
11 1341
17 1427
15 1553
11 1158
3 656
9 970
15 1750
17 2025
11 1348
3 1026
2 245
8 834
5 1195
6 1355
2 1220
1 772
0 1520
3 1614
3 1201
3 714
2 932
6 1397
2 1311
6 1230
0 1315
2 1412
1 1170
1 1214
2 1316
1 1153
5 1063
0 1166
3 1098
6 1048
14 1200
8 210
7 326
4 266
2 112
6 207
0 224
4 100
1 62
0 27
3 102
0 40
0 181
0 420
0 88
0 190
1 183
0 89
0 107
0 151
0 74
0 114
1 22
0 46
2 23
1 290
0 15
0 78
13 27
5 268
3 541
18 999
12 1444
0 2172
3 1937
3 1901
0 1290
15 1104
6 714
56 356
47 1197
12 1540
30 1257
20 698
15 782
0 794
2 625
9 1019
5 1002
8 654
7 1287
10 1063
4 586
0 702
3 669
2 782
1 1168
6 933
5 1005
0 838
0 1013
1 1114
3 986
3 1096
5 1084
8 704
5 288
4 462
8 95
4 171
2 68
6 132
4 36
4 74
3 85
4 162
2 66
2 106
4 78
0 0
0 31
1 14
0 10
0 10
0 14
0 5
0 3
4 3
0 1
0 15
0 28
0 39
2 213
5 464
9 1223
17 2123
22 2938
20 3258
10 3392
2 3057
9 3327
4 2497
10 3777
12 4201
11 4056
7 2791
0 2690
5 3307
2185 3174
6 3070
5 2867
0 2704
0 2267
6 1995
10 2100
0 2906
0 2739
0 2747
0 3024
0 4193
0 3678
0 3087
0 2347
6 3128
0 2705
15 4193
6 3054
9 1866
4 1618
13 2604
1 2418
8 1642
1 1103
7 701
0 1202
2 851
0 688
0 521
0 900
0 635
0 348
0 100
0 450
0 821
0 901
0 890
0 284
0 309
2 354
0 279
14 1017
2 1450
4 2838
3 3337
4 3858
15 4041
2 3819
15 3039
9 2186
0 2057
2 1359
7 1698
4 2712
14 3414
14 1856
14 2414
13 3101
9 3356
5 2526
1 1703
0 1905
2 1123
2 2275
2 3004
1 2941
15 2763
0 1420
4 1135
4 2054
6 1922
0 1522
0 1686
3 2060
7 1826
6 2555
3 2806
11 4372
11 4340
21 5088
25 4614
26 4732
38 4774
22 5155
25 5373
32 5756
43 6288
42 6233
42 6586
61 6043
68 5765
105 4727
257 4823
408 4110
580 4067
627 3595
576 2967
498 3047
303 2826
287 3043
143 2750
335 3038
493 3423
497 4090
665 4061
542 5133
438 5808
330 5164
207 4993
104 5436
40 5289
34 4646
15 3995
70 4177
48 3379
82 4255
168 4117
22 2308
60 2933
25 6326
34 7722
33 7809
30 7657
39 7511
51 7115
35 6777
42 6941
40 6890
46 7342
35 8027
155 8777
457 8942
621 9478
1061 9738
1645 10049
2087 10204
2239 9437
2501 8515
2636 7361
3013 7236
3010 6621
3711 7405
3461 6273
3923 6870
4322 6481
4435 6123
4358 4345
4391 4168
3998 2252
3533 1692
3215 1935
3099 2337
2850 3505
2604 4237
2489 3996
2326 3011
2304 2713
2442 2223
2162 2978
2613 2682
2910 2703
2985 2108
2448 2013
2255 1611
2552 1537
2883 1541
3638 2353
2965 1985
3269 2910
3695 3402
4156 2894
3779 3447
3496 3289
3248 3232
6610 4021
5016 4934
4000 4261
3227 3762
3392 2896
3370 3876
3077 3289
2989 2377
3181 1428
2790 1330
1901 965
1863 943
2277 1168
2949 1299
3342 1118
3431 909
3122 616
3352 812
2870 434
2235 544
1845 357
1575 203
1367 123
1083 198
969 275
1060 633
962 794
484 1141
372 1305
314 1148
564 1376
729 1877
827 1847
974 1794
854 1292
782 1389
481 1706
194 1745
125 1660
37 1694
20 1361
191 1489
304 1582
17 1078
206 1291
269 1372
546 1403
841 1134
669 979
446 962
531 1122
301 712
94 848
167 1214
217 1259
31 888
49 1031
333 766
912 589
664 586
479 840
274 1051
306 1206
305 1345
227 2158
98 2806
276 3139
571 3298
319 2407
294 1654
287 1007
504 1188
696 2665
852 2959
533 2397
692 1701
936 1890
810 3202
328 2950
374 2827
528 2994
585 2950
738 2438
1043 2580
695 3256
388 2950
243 2474
350 3041
577 2785
260 2585
308 2554
378 2851
646 3023
554 2269
570 2592
544 2478
602 2523
569 4149
745 4555
633 4606
353 4706
722 4665
516 4067
870 3442
884 2906
1409 2618
1582 4274
1575 5189
1439 6619
1386 8306
797 10462
1215 9080
1253 5739
1668 6254
2140 6097
2574 5137
2888 5647
3134 4257
3508 3933
3644 4811
3438 5622
3427 5282
3483 4855
3511 4153
3334 3490
3684 3642
3271 3075
3030 2279
2951 2207
3049 2802
2669 2497
2059 3228
1687 3304
1065 4185
719 4443
684 5058
489 4911
634 5710
925 5505
1949 5832
2480 5360
2669 5585
3199 6178
2932 5150
3199 5250
3481 4864
3539 2914
3375 1000
3408 1903
3676 2608
3601 2520
3596 1837
3563 1867
3573 1643
3325 1086
2983 1022
2844 2153
2518 2855
2277 2973
2306 4170
1555 4243
1751 3182
1605 2420
1113 2431
908 2292
603 2319
474 2293
474 3461
309 2619
256 2657
203 2828
295 2902
419 2648
152 2842
217 2834
274 3086
283 3273
418 3758
590 3534
570 2417
583 2302
754 2849
782 2976
755 3156
580 3122
482 2612
506 2214
918 2297
820 2297
464 2169
767 1962
657 2160
543 1785
400 1837
734 2383
871 2648
580 2267
702 1468
533 2075
196 2467
236 2158
202 1480
152 1084
13 2499
28 2797
209 2569
294 1777
172 588
270 1412
568 1157
617 1856
345 2756
219 3512
398 3770
552 3935
637 3838
656 4077
779 4741
761 4949
903 5239
1078 4788
1197 4794
1321 4916
1092 5103
690 4951
642 5089
436 4900
330 5482
358 5110
378 3907
454 3065
601 2966
636 3025
315 2928
267 4491
228 5655
333 7692
529 7633
677 9385
543 8481
446 8291
495 8732
653 10462
479 8895
602 8747
428 8117
512 8298
354 6919
455 6578
631 4888
657 4927
698 4522
338 4687
90 4041
176 2629
219 1831
152 2208
175 2423
135 4786
329 5192
194 6140
238 4016
218 4870
337 5160
477 4780
550 4172
766 4187
1039 4658
905 4234
1125 6943
1414 8652
2095 8942
2314 8337
2853 8791
3292 8673
3203 9002
2932 7684
2728 7192
2311 5477
1809 6049
854 4660
1139 4236
1568 3441
1616 3132
1385 2114
1647 1314
2217 1070
2695 1159
2153 1428
3043 1789
3054 2027
3174 1631
3016 1608
2076 1355
3476 1882
4104 1265
3870 641
4102 620
3972 700
4054 907
3553 1202
2975 1013
2361 2101
2080 3139
2644 3192
2851 3003
3216 2323
3633 2562
3638 2511
3637 2316
2759 3083
1840 2684
1151 3544
1982 3849
2740 5800
3101 7618
3649 9024
3654 8838
2465 4973
1352 3688
968 4062
1824 4181
2436 4003
2936 2567
2808 1508
2298 1050
2076 1742
2337 3158
2350 4088
2272 4377
2271 3931
2206 2823
2238 1726
2396 1627
2334 2143
2014 2235
1655 2442
1484 2579
1569 2552
1640 2419
1976 2741
1722 3048
1234 2719
199 1024
575 1060
917 2690
1169 2283
1111 1460
908 2025
840 2077
687 1515
539 1174
491 2713
626 1594
800 1157
702 794
765 814
952 804
839 765
1083 1027
896 623
455 665
503 429
397 288
466 176
410 653
542 670
559 753
509 302
334 491
28 1733
120 1128
76 718
87 1185
131 1788
94 2364
38 2011
33 1416
121 1787
44 1748
14 738
44 443
15 860
7 1071
25 833
19 710
21 675
25 503
29 583
34 717
8 158
19 508
25 823
8 62
17 322
18 407
12 334
24 1058
49 2213
100 2929
67 2291
79 948
48 854
26 626
18 490
38 530
32 373
51 301
26 442
17 351
35 124
50 224
28 220
23 84
11 197
13 156
15 181
55 329
25 37
0 104
8 142
35 373
46 534
74 376
50 401
33 489
243 326
110 50
58 194
14 160
99 191
76 194
99 22
38 126
12 260
7 138
3 23
43 114
43 88
3 37
0 1
7 76
36 132
38 0
4 0
0 1
12 14
37 0
21 0
18 16
4 50
7 0
11 0
24 52
10 0
2 16
5 60
8 87
12 9
14 8
3 16
0 49
13 349
15 394
13 436
14 385
13 361
13 146
1 40
0 9
4 28
0 0
2 11
3 13
0 33
1 5
0 11
0 14
0 1
0 0
0 6
1 12
0 3
0 3
0 4
1 43
3 125
0 168
0 79
0 46
0 7
0 4
7 75
0 10
2 84
0 76
0 149
0 87
1 143
3 57
0 34
0 52
0 13
0 0
0 6
0 0
0 0
0 6
0 5
1 2
8 0
0 6
3 16
4 0
0 2
2 8
3 13
3 64
0 0
0 16
3 22
0 15
0 1
0 3
0 3
0 0
0 0
0 0
0 0
0 0
0 0
0 1
0 3
0 124
0 330
0 409
2 441
0 208
2 223
4 126
4 71
0 41
6 116
5 147
6 208
4 64
2 26
6 119
3 65
2 25
0 1
17 7
19 24
3 4
0 1
3 30
4 48
2 6
0 0
5 4
17 41
0 0
3 0
2 1
2 2
0 0
0 33
13 203
6 203
6 150
11 96
7 308
20 458
29 278
15 513
10 800
7 563
10 534
11 572
1 571
7 873
10 580
8 473
11 596
29 618
9 655
1 541
4 400
7 642
12 513
28 280
15 139
46 557
6 403
2 291
5 278
13 350
18 440
11 556
12 343
13 329
14 502
16 491
8 435
1 249
7 244
8 160
7 120
8 105
4 50
7 110
0 76
7 485
11 449
62 372
68 96
283 105
544 192
138 220
88 193
201 63
110 22
94 77
29 88
23 77
14 9
7 66
45 98
9 43
18 0
7 46
19 49
4 40
10 37
12 67
20 65
4 23
0 7
28 0
3 0
2 1
1 0
6 89
2 55
6 17
0 12
0 6
0 0
0 0
7 33
15 25
1 0
2 0
6 30
1 13
0 47
1 222
0 385
2 544
0 474
0 296
0 204
0 23
0 6
0 10
2 35
0 211
1 474
0 587
5 855
0 1036
0 953
4 963
0 745
0 514
6 280
4 133
0 6
2 33
4 82
2 80
0 156
0 163
0 169
0 139
2 134
5 66
5 45
1 21
1 0
11 30
0 44
2 111
0 45
0 21
0 16
3 20
2 29
0 14
0 34
0 39
0 93
1 48
5 113
1 77
17 36
65 29
163 44
204 39
283 12
345 29
164 61
197 45
589 41
540 70
34 56
29 75
113 142
77 53
137 1
46 26
39 51
119 7
184 48
181 75
50 19
23 20
142 7
35 15
92 1
164 18
277 42
87 19
22 0
27 5
8 15
6 7
14 0
38 0
24 2
55 8
52 7
18 82
24 21
177 10
48 50
37 24
2 0
20 0
73 15
56 9
56 0
21 0
54 29
4 0
9 0
63 0
128 9
73 0
61 0
37 0
6 6
7 0
6 0
1 0
4 0
5 0
23 31
31 0
8 0
6 0
4 0
12 0
16 0
0 0
1 0
2 0
42 0
5 0
11 0
8 0
3 0
0 0
45 0
21 0
0 0
0 0
1 0
8 0
2 0
0 0
3 0
4 44
0 0
11 0
0 0
15 0
0 0
1 0
0 0
3 0
1 0
0 0
0 15
1 9
0 11
0 0
0 0
9 18
2 20
0 50
2 38
8 76
12 66
18 89
9 86
0 57
1 125
0 1
0 1
8 2
0 4
12 2
14 9
4 28
13 32
29 87
85 78
75 116
45 61
71 52
63 42
80 17
67 12
60 0
92 0
192 2
131 0
70 4
102 4
48 0
20 0
16 46
0 0
13 0
24 0
19 0
21 0
0 0
0 0
0 0
23 0
95 2
91 4
56 0
67 0
28 0
97 0
29 0
3 0
9 0
36 3
31 0
26 2
51 2
50 3
0 0
10 60
0 0
0 0
1 0
11 2
18 0
13 0
0 2
0 0
0 0
0 2
4 0
0 0
1 0
0 0
0 0
0 0
3 0
0 0
0 0
0 0
1 0
0 0
0 0
0 0
2 47
0 0
0 0
0 0
0 0
0 0
0 0
0 0
1 3
36 2
44 0
9 0
0 0
0 0
0 0
1 0
1 1
26 0
25 0
0 2
2 3
9 0
5 0
0 0
0 0
2 30
0 0
5 51
1 18
0 0
0 8
3 25
3 42
1 48
2 42
0 50
0 15
2 6
5 1
0 0
0 0
0 0
1 14
0 1
0 4
4 7
1 17
0 7
0 7
0 0
1 52
0 0
0 0
0 18
0 25
0 0
0 0
0 0
0 0
0 4
5 21
0 9
0 8
0 31
0 38
5 51
4 68
0 190
11 459
10 771
5 837
6 655
5 464
2 290
7 175
9 270
3 18
1 29
0 5
0 1
0 0
0 3
0 32
6 336
6 880
17 1814
29 3034
28 4142
29 5451
31 5099
19 4542
38 4582
44 4247
36 4025
20 3477
26 2988
27 3358
23 3519
20 3517
16 3355
35 3071
19 1924
20 2251
16 3308
31 4233
37 4791
42 5175
29 4690
6 4407
3 3110
4 2370
0 1284
1 1909
0 1840
0 1505
8 1732
12 2148
25 2394
26 2225
15 2140
0 1933
0 1987
0 1673
0 1220
0 825
12 1125
0 1038
4 1398
11 1539
3 1172
26 561
29 312
49 474
70 599
18 677
31 822
52 1162
22 853
28 774
8 586
31 380
56 394
125 420
100 489
63 725
15 425
122 199
163 268
28 272
20 235
25 334
0 206
0 115
0 285
19 502
0 750
6 961
101 1031
66 924
170 988
340 928
841 936
1042 1196
1765 1343
2192 1656
2880 1975
3371 2361
3935 2578
4420 2895
5193 3142
6026 3628
6183 3780
6405 3765
6385 4183
5706 4363
5522 4896
4620 4894
4626 5788
4222 5799
4332 5326
4523 4509
4751 4122
4745 3765
4663 3143
4556 2949
4585 2366
4602 2076
4951 1427
4879 1132
4785 343
4451 104
4409 398
4373 573
4292 845
4321 591
4216 1006
3972 1096
4193 1172
4366 873
4413 592
4979 1065
4876 654
5116 1045
5771 1155
5844 1117
6388 1060
6587 1026
6875 561
7262 315
7788 237
7593 410
8066 841
8037 1534
8086 1949
7586 2678
6630 3061
6525 3185
6454 2873
6101 2187
6057 1505
5658 1190
5465 972
5501 1223
5338 994
4720 1010
4684 1541
3684 947
3047 944
2303 755
1404 518
652 522
270 346
65 167
28 596
869 1374
1367 1265
2305 1310
2891 1374
3797 1458
4584 1254
5435 906
6003 809
6959 657
7565 586
8171 753
8572 815
8930 859
9276 650
9132 459
8849 520
8302 377
7298 49
7208 247
7361 306
7240 110
6691 195
6192 60
5972 68
5832 118
5100 303
4474 575
4257 746
4262 806
4371 881
4553 851
4556 537
4076 391
3431 455
2803 842
3426 911
3342 901
4334 963
5396 845
6316 733
7354 292
7661 786
6826 429
6071 562
5074 728
3162 1241
1711 1551
2160 1936
3714 1956
4653 2622
5105 2496
5645 2358
6220 2243
6363 2632
6325 2433
6005 2689
5770 1921
5720 1702
5276 1371
4821 1728
4133 2051
3483 1900
3060 1802
2247 2075
2037 2258
2051 2953
2036 3030
1503 2969
706 2778
1128 2823
1324 2876
975 2663
579 2423
317 2276
170 2090
288 2253
241 2191
402 1961
378 1435
590 1583
219 1518
415 1428
471 1385
471 1283
316 1665
371 1740
345 1828
487 2105
251 2462
258 2481
288 2562
105 2630
30 2850
13 3073
3 2793
0 2650
16 2722
4 2819
0 3521
4 3950
2 4040
8 3921
12 3623
5 3030
34 2573
20 1448
14 1679
13 1999
14 1579
18 1737
1 1166
0 624
0 438
0 544
0 588
2 440
8 757
0 436
0 614
0 538
0 358
1 748
0 939
0 772
0 1000
0 967
2 1211
1 1907
3 2473
2 2408
1 2240
7 1560
5 1164
4 1303
2 1766
1 1973
5 1897
10 2353
25 3598
30 4231
28 3811
25 3063
12 1988
10 1931
15 2221
1 1678
9 1330
9 1423
14 1331
6 1094
7 656
2 230
0 124
2 294
0 252
0 315
7 432
35 294
33 407
228 358
434 610
514 655
572 430
515 377
422 306
358 296
496 275
391 289
476 284
384 306
290 322
161 301
47 441
55 492
23 285
1 379
0 420
2 528
32 754
9 785
22 640
0 355
5 690
3 1158
17 1073
8 631
16 301
21 417
17 750
32 1190
138 844
377 791
414 324
516 162
495 107
600 375
526 536
524 388
712 256
676 396
686 570
557 1098
369 1055
215 864
185 1625
254 2093
184 2054
327 1759
222 1078
190 966
229 1065
145 851
219 714
203 707
83 685
137 715
184 863
45 290
55 241
47 344
24 329
19 145
0 388
0 456
5 557
15 476
6 564
18 537
2 552
2 443
6 272
0 126
0 141
0 75
0 119
0 11
0 73
7 65
3 6
0 46
0 60
23 89
0 68
0 50
0 23
0 78
3 37
1 115
2 410
0 510
0 771
3 1175
9 2131
5 2475
1 2220
0 3175
3 3589
2 3108
3 2701
2 2269
5 1906
15 1596
11 1511
4 1396
1 1489
7 1196
25 1462
16 792
26 1690
17 1721
0 1943
6 2069
0 1605
0 1202
1 1712
1 1954
6 1355
2 1211
0 906
1 875
0 829
1 1274
0 1259
1 836
1 1007
0 1440
0 1731
0 1786
0 1314
1 1003
0 956
11 1484
7 1230
0 862
0 888
1 961
0 1246
1 1160
0 906
0 1123
0 1292
0 1547
0 1595
0 1464
0 1336
0 1285
0 1528
0 1709
0 1551
1 1644
0 1267
2 1287
0 1153
0 1046
0 1201
0 1530
2 1898
0 997
0 348
0 735
0 788
0 420
0 842
0 998
0 1108
0 1400
0 1824
0 1664
0 1898
0 2079
0 1277
1 560
2 1363
0 1777
0 1654
0 1541
0 1580
1 2015
1 2254
0 2039
2 1543
5 1352
2 2180
1 2552
0 1835
0 2058
0 1675
0 1646
4 1271
0 1168
0 1184
0 1389
0 1569
0 1899
0 2243
0 2879
1 2985
0 2603
0 2778
0 2610
0 2236
5 2838
10 2661
7 2776
0 2935
1 2664
1 3315
0 2760
1 2167
0 1062
0 853
0 1402
0 1708
0 1891
0 2342
0 1952
0 1474
1 1012
0 976
0 836
0 397
0 46
0 67
0 22
0 66
0 236
0 601
0 1314
0 2358
1 4368
11 4549
8 4667
0 3595
3 3275
12 2720
2 3233
14 3869
12 4153
13 4206
7 4031
0 3737
0 3360
0 3079
3 2818
3 1347
3 1562
0 1693
0 1190
2 1690
11 2606
0 2284
0 2383
0 2380
0 1756
0 1175
1 1342
2 1764
0 816
0 340
0 811
0 698
0 345
1 117
0 79
0 55
19 61
105 37
236 399
569 795
751 1161
879 1659
688 1941
549 2019
522 2142
1192 2004
1861 1720
2089 2415
2164 2963
2350 2987
2745 2850
2965 2312
3022 1681
2558 1190
2960 2258
2963 2418
2593 2206
2219 1616
2165 1243
2284 2226
2164 2017
2060 1096
1798 1374
1717 1924
1580 1978
1029 1441
607 856
1032 1431
1560 1530
2037 994
2701 727
3030 970
2731 1628
2246 2304
2122 2676
1463 2539
1283 1868
1417 1235
874 584
776 753
475 457
452 707
645 1045
567 1371
307 1781
123 1930
33 1600
13 1188
15 803
54 480
98 591
24 806
18 788
19 887
1 945
5 1361
31 1434
2 1412
16 1365
5 1672
1 2408
4 2396
27 1521
28 768
52 660
26 648
24 857
65 828
59 1101
25 935
3 899
5 1026
8 1058
52 1145
102 953
242 652
395 360
473 138
723 10
892 43
1139 188
1287 423
1268 899
1036 922
1609 574
1837 606
2373 444
2845 963
2484 687
2708 585
2839 441
3104 473
3355 213
2705 147
2161 356
2395 556
2394 726
2378 724
2551 687
1779 421
964 169
1338 105
2351 515
2456 709
2201 451
1356 479
956 541
653 451
228 317
360 262
812 354
1145 314
1456 312
1353 125
1111 119
560 31
397 2
678 9
907 13
1044 9
1047 7
1091 10
992 11
735 13
499 29
377 25
329 12
125 12
35 17
4 28
5 14
39 23
44 16
65 8
22 0
6 0
12 50
68 110
54 24
24 16
7 0
10 2
0 5
0 11
8 24
21 14
35 1
43 1
32 0
79 17
31 9
2 7
60 2
8 1
2 2
30 0
40 4
158 5
95 0
12 2
0 0
0 0
0 33
1 0
5 0
17 22
0 0
21 0
32 6
5 7
29 0
11 5
20 0
2 0
0 0
5 2
0 0
29 0
19 0
0 0
0 0
1 0
0 0
0 0
40 0
13 2
0 0
30 58
0 0
5 0
0 0
4 0
7 4
65 21
102 58
41 47
73 10
57 2
132 0
95 4
113 0
141 1
53 0
96 0
48 1
89 1
15 0
96 0
97 8
181 0
214 2
273 0
296 50
44 3
77 6
4 9
17 2
28 0
22 0
56 14
46 12
2 1
0 4
0 1
50 4
12 4
9 0
3 2
35 6
8 0
21 0
33 1
52 0
74 0
7 0
63 0
53 0
118 42
74 0
98 0
92 0
101 0
8 0
7 0
7 0
40 0
36 0
70 0
22 0
8 0
0 0
13 0
20 0
149 0
78 0
11 0
0 0
0 2
0 21
0 34
10 31
1 52
17 82
15 0
25 20
1 40
0 18
14 34
1 15
22 4
22 12
6 3
0 4
0 0
0 0
0 0
0 0
0 2
8 0
1 0
9 0
53 0
36 6
115 2
265 5
568 6
781 12
1020 35
1098 9
1142 7
1266 2
1468 0
1470 2
1578 8
1360 14
1354 15
1182 7
923 8
777 9
713 8
621 11
454 4
387 4
490 4
387 3
420 3
563 0
762 3
698 1
445 0
291 0
146 0
252 16
157 0
159 0
144 0
218 0
211 0
165 4
170 0
101 0
26 0
18 0
74 0
36 2
24 0
8 0
27 0
139 2
149 0
150 0
320 0
304 0
566 3
481 7
301 0
212 1
519 46
410 1
884 3
910 0
998 2
971 2
671 0
777 1
676 0
563 0
631 6
428 2
263 13
280 32
87 34
10 36
11 24
43 8
2 0
33 23
53 35
35 48
0 41
1 25
0 35
7 56
0 31
22 14
75 1
55 8
6 3
17 12
17 24
0 26
18 18
30 8
0 2
0 0
9 4
11 19
0 36
0 95
0 39
8 36
13 31
2 2
27 1
113 5
12 6
96 0
4 65
19 0
36 3
2 5
0 0
0 0
0 0
20 2
15 0
3 0
0 0
0 0
0 0
0 0
0 0
0 0
10 0
7 0
4 0
0 0
0 0
0 0
0 0
3 0
14 0
19 27
12 0
24 0
6 0
11 0
2 0
12 0
2 0
0 0
0 0
0 0
8 0
12 0
98 0
24 0
20 0
8 0
32 0
24 14
43 3
7 1
21 2
6 0
4 0
0 43
11 161
32 44
28 13
67 9
92 0
45 0
72 0
69 1
1 8
0 11
0 1
0 2
10 0
0 10
33 1
11 5
14 1
0 0
16 59
31 128
21 82
10 78
3 20
10 5
1 32
14 264
0 518
0 328
9 243
14 233
18 197
24 82
43 13
5 16
26 85
1 352
0 336
8 405
0 221
0 125
13 171
16 155
6 103
0 297
0 263
0 113
0 140
0 23
0 18
0 95
20 178
0 28
0 27
18 5
0 19
0 12
3 4
3 4
0 25
0 17
0 26
0 0
0 23
0 22
0 148
0 197
0 32
0 0
0 3
0 4
0 13
0 32
0 56
2 94
0 60
35 123
0 4
4 3
0 0
33 8
38 0
74 2
23 50
0 71
0 19
14 0
66 2
75 0
84 0
42 5
1 58
74 17
195 23
206 0
360 0
403 20
442 24
527 35
294 30
213 10
37 94
0 0
4 4
45 1
117 20
200 77
234 45
198 12
129 0
103 0
53 3
50 4
8 9
28 12
6 14
22 7
37 0
28 2
33 8
16 15
2 8
3 4
0 0
7 0
6 0
18 53
11 3
9 2
1 1
0 0
0 1
10 0
25 0
6 7
8 0
0 0
0 3
0 8
0 8
0 9
3 0
0 0
0 0
2 39
6 24
6 25
0 58
13 81
0 119
1 384
5 764
12 491
0 419
0 219
0 308
0 469
1 960
0 985
0 866
0 561
0 414
0 208
0 312
0 310
0 717
0 918
0 909
1 997
0 1036
0 742
0 786
0 765
0 571
0 259
1 501
10 603
0 413
0 425
0 454
0 459
0 560
0 457
0 591
0 480
6 314
4 197
3 124
4 155
1 112
0 59
4 22
9 77
0 21
2 46
11 42
5 82
27 24
40 7
64 0
118 22
215 169
152 113
52 266
128 107
46 157
66 145
38 63
46 406
65 596
40 733
7 469
6 356
0 275
57 224
30 144
5 266
0 327
0 215
7 285
0 265
0 332
1 521
0 432
0 259
0 250
6 270
0 92
0 54
14 57
10 75
2 135
0 72
0 58
5 48
0 47
0 41
0 14
0 30
0 63
0 41
0 36
0 106
0 60
0 19
0 0
0 0
0 0
0 0
0 0
0 3
13 130
22 167
0 284
16 272
158 284
197 168
220 189
165 66
207 61
127 137
114 133
146 2
129 31
71 76
110 149
95 103
68 69
44 37
54 27
28 18
39 7
34 3
29 0
2 3
6 0
22 33
0 12
0 57
5 120
1 327
0 483
0 494
0 398
0 401
0 485
0 665
0 493
0 319
0 424
5 537
6 577
19 496
7 294
0 100
0 96
0 14
2 27
15 37
89 118
162 90
252 234
119 37
154 70
133 71
82 58
370 72
529 35
691 89
829 49
844 38
913 30
810 271
920 611
1489 610
2207 411
2916 343
3164 438
3107 302
2872 211
2827 206
2903 161
2660 316
2446 325
2348 106
2109 42
2129 286
1951 278
2351 340
2244 333
2357 369
2056 200
2256 65
2009 117
2020 9
1588 0
1217 15
1048 13
1532 54
1703 6
1618 32
1558 61
1495 81
1106 130
1098 66
878 24
677 31
338 7
164 60
229 238
127 504
422 598
99 268
126 298
18 284
27 376
12 279
18 236
22 311
6 270
24 284
0 379
24 342
3 278
14 256
21 137
17 155
30 151
32 235
56 384
30 498
70 458
73 498
102 545
85 280
87 44
161 528
63 460
207 489
360 579
466 372
526 474
306 412
225 231
27 161
23 251
25 283
14 481
24 442
0 584
6 619
0 439
0 412
0 132
11 119
0 63
2 5
0 2
0 13
0 21
9 57
6 138
6 48
0 102
34 153
31 201
13 237
11 229
2 270
0 368
0 517
0 767
29 913
5 1119
0 1092
19 1074
8 1230
0 1154
0 722
0 219
1 119
10 554
27 1066
17 1238
18 1453
47 1358
29 1456
0 1209
0 1087
31 906
3 667
6 405
0 160
0 64
3 16
0 0
0 1
1 56
1 100
0 239
2 166
11 278
13 255
4 171
9 118
17 76
3 18
16 25
20 0
25 1
23 4
22 85
5 6
45 24
40 3
20 8
0 10
0 0
0 0
25 0
30 0
10 0
22 0
9 0
0 0
7 0
10 0
10 0
0 0
0 0
0 0
1 0
29 0
11 0
51 0
49 0
61 44
20 0
68 0
43 0
48 13
6 68
23 102
1 127
0 141
4 120
0 94
0 50
10 39
0 0
0 13
0 39
0 60
0 89
0 116
0 77
0 64
0 43
6 11
0 7
3 0
17 45
0 0
0 0
0 0
0 6
0 0
2 11
0 0
0 1
0 0
0 0
0 4
0 5
2 4
6 3
6 0
1 0
2 0
28 0
0 0
0 0
0 0
0 0
0 0
0 8
5 48
0 13
0 109
0 229
10 1160
11 2472
16 2976
19 3225
20 3028
11 3473
19 3608
24 3652
16 4114
34 4217
36 4119
19 3739
15 2842
3 3379
5 3438
4 2384
8 2600
5 2716
7 2733
1 2541
4 2615
9 2898
7 2615
25 3102
38 2961
24 2836
20 2508
22 2769
21 3526
30 3283
21 2838
14 2537
10 2461
5 2394
5 2656
0 2653
1 2701
1 2193
4 1581
2 1478
1 1802
0 2082
0 2565
1 2835
1 2922
2 2553
9 2422
0 2837
4 2992
10 3026
7 2825
2 2538
10 1627
19 3942
13 4526
7 4615
9 3950
8 2292
2 2986
0 2582
5 2763
6 2347
9 3497
13 3978
6 3804
15 4300
19 8681
47 11148
33 9044
21 6090
15 7220
14 7912
19 5429
28 6690
21 4707
7 3624
8 2712
6 2442
10 1773
0 1527
1 1169
0 840
0 2008
1 1921
0 1302
0 1389
1 1809
4 2172
5 2154
2 1670
0 1273
0 857
0 390
0 682
0 1154
2 1143
12 1107
0 557
0 708
4 938
2 677
2 571
7 501
0 475
1 643
0 645
0 676
0 772
0 970
0 1591
4 2499
8 3268
7 3632
4 2467
1 1962
7 3070
3 2518
23 3739
31 6587
31 5113
16 4089
24 4960
4 3266
7 1970
12 1898
0 867
1 2407
3 2166
0 1453
2 2225
0 1159
0 1578
0 2161
0 1934
0 619
0 1932
0 2606
0 1644
2 2593
0 1740
1 2114
2 2802
1 676
3 2280
5 1252
8 1449
9 1776
0 1667
0 1717
0 1303
0 2170
4 1844
4 417
0 1079
2 1024
4 908
3 895
0 629
29 361
25 528
46 880
165 984
230 811
290 407
114 496
155 450
104 302
71 129
104 130
84 95
47 265
149 500
39 85
79 70
16 20
16 31
39 161
51 355
114 689
230 695
360 717
513 713
529 795
578 802
504 744
426 494
256 444
272 319
248 167
74 80
74 106
27 261
0 329
25 515
15 544
86 838
127 1699
145 918
308 507
195 373
229 393
259 197
322 152
161 74
244 26
127 9
148 21
108 31
88 5
11 52
48 52
17 39
40 24
16 11
10 5
5 4
14 14
1 13
14 19
0 0
0 6
5 92
1 0
12 26
0 10
9 64
0 386
0 1032
1 1390
7 2984
30 4237
117 4570
215 4506
289 4819
357 4616
536 4299
901 4446
913 5953
1450 5951
1833 5492
2574 5034
3215 3485
3451 3540
3632 4951
3603 5524
3865 4401
4658 3704
4234 3093
4729 3562
5031 4732
5562 4914
5300 5295
4999 5068
5090 4385
4821 4327
4565 4261
4676 4605
4364 4696
4184 5087
4279 4751
4120 4629
4154 4334
3730 3681
4127 2936
3341 3945
3562 5358
3800 6442
3790 6903
4002 7182
3982 6777
3966 6194
4208 6307
4007 5452
4200 6010
3775 6548
3872 6743
3812 6755
3578 6519
3654 6324
3563 6404
3140 6877
2861 7241
2422 6671
2209 6193
2024 5976
1904 5874
1682 5769
1693 5054
1733 4262
1569 3537
1565 3955
1433 5040
1289 5481
1238 5017
1405 6169
1450 7166
1437 8197
1193 7641
1147 7502
1033 6628
1182 5495
949 5608
898 5814
752 5631
628 5473
632 5410
790 5729
755 5825
545 6183
543 6466
467 5968
403 5255
457 4334
341 4238
283 4612
385 5355
249 6461
168 6911
259 8715
176 9656
204 9365
261 9066
79 8931
87 8386
129 8930
265 9264
298 9806
392 9251
223 8586
272 8120
277 8250
125 6932
80 6780
36 6595
16 6500
19 6185
42 6300
37 6548
30 6582
27 6011
16 4387
3 3432
20 4759
25 6354
17 7086
39 7865
48 9884
15 7911
19 7852
20 6279
14 4904
17 4129
2 2305
22 1838
22 3673
41 4982
65 5767
17 4501
76 3325
18 2267
29 1568
35 898
43 382
15 352
14 511
26 702
15 466
33 315
49 126
126 86
143 84
588 443
205 96
327 77
589 56
497 446
460 197
398 383
337 117
524 102
208 14
72 151
8 360
27 370
1 70
9 57
11 84
0 179
14 65
5 75
2 18
2 26
0 15
0 17
1 106
45 112
42 690
129 42
133 63
164 158
135 205
109 359
131 98
163 45
268 7
249 52
139 619
117 521
50 292
28 67
51 57
83 260
58 906
70 1358
65 956
27 105
7 169
32 129
28 177
0 114
0 34
8 129
0 18
0 56
0 43
0 17
0 15
5 16
0 29
1 1
1 0
6 8
1 39
5 11
31 2
6 22
5 7
21 28
5 13
12 6
13 5
28 26
28 13
14 0
13 0
7 19
37 114
14 0
52 0
131 5
83 0
91 4
77 0
62 2
3 10
2 1
30 1
20 11
0 1
31 3
6 0
0 4
2 6
0 1
0 3
0 0
17 1
1 0
0 0
5 0
0 2
6 110
0 0
6 0
0 4
0 0
0 0
0 0
0 3
0 0
0 9
14 4
0 0
4 2
3 0
5 0
6 1
3 0
0 0
0 0
0 0
0 0
0 0
0 0
0 0
0 0
4 81
0 0
0 0
2 0
0 0
0 0
0 0
0 0
0 0
1 0
1 0
0 0
0 0
0 0
0 0
0 0
0 0
0 0
0 0
0 0
0 0
0 0
0 0
0 0
3 0
1 67
0 0
0 0
0 0
0 0
0 0
0 0
0 0
6 0
18 0
0 0
0 0
0 0
0 0
0 0
5 0
3 0
0 0
0 0
0 0
0 0
0 0
0 0
0 0
0 0
0 37
0 0
0 0
0 0
0 0
0 0
0 0
0 0
0 0
0 0
16 0
0 0
0 0
2 0
0 0
0 0
3 0
0 0
0 0
7 0
7 0
0 0
0 0
0 0
5 0
2 19
0 0
0 0
0 0
0 0
3 0
2 0
7 0
0 0
3 0
0 0
0 0
0 0
2 0
0 0
0 0
2 0
22 14
1 0
0 0
0 0
0 0
0 0
0 0
0 0
19 124
13 5
0 3
0 0
22 2
8 0
0 0
0 0
0 0
0 0
0 0
0 0
0 0
0 0
0 0
0 0
0 0
0 0
0 0
0 12
0 1
0 0
0 0
0 0
0 0
4 99
0 3
0 0
0 1
6 0
0 0
0 10
0 0
0 0
0 0
0 3
0 0
0 0
0 0
0 0
0 0
0 36
0 88
0 108
0 114
2 167
0 91
0 18
0 9
0 84
0 225
0 132
0 593
0 1091
0 1530
1 2144
0 2197
0 2087
0 2330
0 2363
0 2264
0 2174
11 2021
16 2164
19 2101
27 1561
21 1056
8 2177
2 2498
5 1987
0 574
0 727
0 738
0 745
0 1700
0 2474
0 2894
0 3077
0 3996
0 3933
4 4228
0 2278
0 2613
0 598
0 1575
0 1799
0 867
0 688
0 553
0 207
0 387
0 452
0 839
0 2150
0 3955
6 4298
0 3299
6 3099
4 2927
4 3164
13 3644
2 2214
0 1869
0 1352
0 1135
0 1434
0 1269
1 1158
0 1202
0 1251
4 1746
10 1797
20 1779
21 1059
5 1127
10 1449
21 2021
10 1916
7 1620
8 1343
2 1155
2 1230
4 1439
9 1373
4 993
10 1535
9 1536
11 1817
1 1122
0 540
0 322
0 361
0 316
0 219
0 225
0 255
1 128
1 112
2 56
1 116
0 214
0 151
0 62
0 276
0 216
0 94
0 116
0 66
0 93
0 143
1 256
0 160
0 382
0 691
4 1072
1 896
0 1179
1 1726
0 1983
3 2523
3 2294
4 2259
3 2049
0 2007
0 2067
2 1926
0 1130
0 534
0 1608
0 2242
0 2809
5 3249
9 5184
5 3822
0 987
6 1341
3 746
4 507
0 397
0 205
0 162
0 188
0 81
0 165
0 319
0 843
7 1970
2 2382
0 2700
0 2554
0 1920
1 2001
0 2183
0 1959
0 1655
1 1664
2 1447
0 1064
0 945
0 1205
0 2025
0 1275
2 1016
4 1023
0 1002
0 886
0 1125
0 1176
0 1099
0 1051
0 783
0 1119
0 836
0 541
0 877
0 1145
0 989
0 677
0 328
0 498
0 509
0 548
0 601
0 631
0 514
1 920
0 710
0 569
0 385
0 227
0 529
0 511
0 546
0 584
0 446
0 447
0 570
0 583
1 776
0 1050
0 1077
0 643
0 423
0 680
0 595
0 243
0 193
0 53
3 110
0 208
0 737
0 935
0 1425
0 1771
0 1996
0 2203
0 2333
0 2084
1 2221
0 2247
0 3065
9 4693
1 3936
1 917
0 2306
0 2295
2 550
1 76
2 229
1 556
0 136
0 7
0 21
0 140
0 396
2 1206
0 396
2 178
2 146
0 274
0 156
0 69
0 40
0 38
0 74
0 72
0 12
0 54
0 32
0 58
0 166
0 343
0 646
0 550
3 249
2 235
0 102
0 171
0 137
0 298
1 382
0 54
0 94
0 39
0 18
0 23
0 2
0 43
0 114
0 97
0 89
0 46
5 32
0 46
0 82
0 79
0 54
0 33
0 161
0 198
0 92
0 93
0 57
0 44
0 36
4 236
0 23
0 60
1 6
0 5
0 16
0 0
0 6
0 0
0 2
0 1
0 9
0 23
0 97
0 46
0 76
0 262
0 625
0 1274
0 2063
0 2398
0 2328
0 2451
0 1780
0 951
4 1780
1 2168
6 1721
3 2543
0 2619
0 2135
0 1939
0 1417
0 2155
0 2400
0 1693
2 1116
0 1885
0 1422
2 449
0 2252
0 2131
0 1736
0 1465
0 286
0 321
0 668
0 764
0 486
0 16
0 145
0 5
0 54
0 8
0 21
0 33
0 145
0 744
0 644
0 265
0 451
0 1019
0 882
0 427
0 146
0 108
0 109
0 23
0 22
0 44
0 9
0 0
0 55
0 26
0 59
0 491
0 325
0 755
0 1403
0 1744
0 1825
0 1703
0 1291
0 784
0 1565
0 1872
0 1890
0 1617
0 1062
0 608
0 396
0 149
0 165
8 196
0 263
6 313
0 129
0 132
4 485
25 693
12 1122
0 1095
0 1336
0 1538
0 1673
0 1650
0 1442
0 1594
0 1754
0 1760
0 1778
0 2451
0 2435
2 1690
7 806
55 1624
61 2062
180 2358
608 2509
1750 2372
2527 2231
3078 2137
3287 2424
3764 2485
3855 2239
4137 2751
4179 3521
4633 3487
5799 2893
6686 2570
6816 2444
7462 2474
7515 1524
8340 534
8509 1491
8739 530
9298 1444
9207 1535
8752 1404
9000 1955
8908 2413
8647 2580
8382 2404
7998 2093
7669 1810
7355 1980
7170 1937
7745 1876
7606 1481
7041 1131
6977 1292
6941 529
6985 508
7304 410
7475 481
6507 630
5649 887
3734 1092
1532 1065
1193 1209
2662 1315
4094 1284
4526 1292
4644 1428
4625 1487
4269 1432
3617 1375
2893 1210
2114 655
1806 307
1625 254
1282 222
1278 359
1426 274
1169 250
1819 861
1804 657
1206 917
598 918
555 881
330 668
351 525
679 404
954 197
1087 119
1398 73
1446 95
1640 94
1364 132
1248 64
866 75
831 148
954 264
794 169
510 202
367 125
245 106
77 114
21 107
21 202
181 431
15 349
65 418
99 494
65 421
259 432
212 312
268 345
230 179
183 107
94 99
255 58
110 85
121 92
146 75
109 103
58 116
50 140
92 60
26 55
50 36
17 34
75 20
7 45
4 13
61 236
47 3
4 8
12 3
0 0
0 0
30 0
25 0
0 4
0 0
15 0
0 3
0 0
10 0
43 0
26 0
8 0
49 0
96 0
17 0
6 0
9 0
4 0
12 0
3 0
13 27
0 0
0 0
4 0
0 0
0 0
2 0
0 0
0 0
0 0
0 0
0 0
3 0
0 0
0 0
0 0
0 0
0 0
0 3
0 0
0 0
0 0
0 2
0 1
0 0
0 86
0 0
0 0
0 0
9 0
16 0
0 0
0 0
0 0
0 1
0 1
1 0
0 0
0 0
15 0
13 0
53 0
54 4
274 8
430 0
499 15
477 49
474 69
354 91
115 121
81 270
24 165
42 114
24 143
27 130
31 96
14 95
3 50
4 46
3 14
7 101
16 381
1 687
2 819
6 1009
4 1364
1 1675
16 1995
0 2226
0 2332
0 2446
11 2482
6 1900
7 1117
2 337
5 274
0 235
1 746
0 1054
0 1323
3 1442
2 1622
6 1671
16 1715
40 1500
21 1248
23 972
25 585
29 290
12 48
20 10
8 0
4 8
0 55
0 90
1 166
0 226
0 251
0 256
0 270
7 457
0 131
12 109
0 54
1 24
0 3
4 4
3 0
0 0
0 0
0 0
0 13
12 2
0 13
0 5
4 11
0 0
0 0
0 0
0 0
0 0
2 0
3 0
0 0
0 2
0 111
0 0
0 1
21 0
0 0
0 4
0 1
0 27
4 133
4 317
5 396
0 402
0 468
12 407
3 334
7 263
90 202
100 131
399 63
476 71
447 34
266 60
147 74
31 120
47 188
13 403
23 113
6 108
9 39
30 40
22 29
11 25
27 21
77 30
69 0
82 0
33 0
50 3
40 48
53 33
43 42
11 38
41 30
21 43
85 37
52 29
54 20
40 5
64 1
88 0
56 149
3 4
18 7
18 23
0 9
0 15
0 1
0 14
0 0
1 1
0 0
11 0
5 0
5 0
3 0
0 0
0 0
0 0
0 0
0 0
0 0
0 0
0 0
0 0
0 0
0 108
0 0
5 0
15 0
0 0
30 0
33 1
17 0
54 0
20 0
8 0
18 0
1 0
20 0
0 0
8 0
0 0
13 0
7 0
1 0
0 0
0 0
0 0
2 0
0 0
0 104
0 0
0 0
0 0
8 0
45 0
95 0
212 0
96 0
158 2
71 2
74 0
6 6
13 7
25 70
5 257
0 299
0 343
0 280
0 162
1 101
2 33
0 84
0 167
0 264
6 506
1 412
0 444
0 305
0 313
1 295
0 360
7 383
2 356
8 330
3 220
18 148
13 60
8 39
8 13
18 9
7 57
2 113
8 160
0 230
12 121
15 207
5 117
26 48
11 34
27 158
0 0
11 0
0 5
25 0
3 5
4 11
7 16
3 12
2 4
7 10
11 2
21 0
50 0
29 1
34 0
17 0
12 0
3 0
30 0
17 0
16 0
36 0
3 0
3 0
4 57
14 0
10 0
1 0
0 0
0 0
1 0
11 0
3 0
1 0
0 0
0 0
0 0
0 0
0 0
0 0
0 0
0 0
5 0
0 0
8 0
11 0
0 0
0 0
0 2
28 92
1 0
0 0
0 0
0 0
8 0
0 0
5 0
5 0
0 0
0 0
0 0
2 2
13 0
0 0
0 0
9 0
0 0
0 0
0 0
0 0
0 2
0 0
0 8
2 19
9 53
7 0
0 7
0 0
0 0
2 0
0 5
0 15
0 12
0 0
0 0
0 0
0 9
0 0
0 0
0 0
0 0
0 0
0 0
0 0
0 0
0 0
0 0
0 0
0 1
1 124
0 3
0 0
0 0
0 0
3 0
0 0
0 0
0 0
0 0
0 0
0 0
0 0
0 0
0 0
0 0
0 0
0 0
0 0
0 0
2 0
0 0
0 0
0 0
0 0
1 90
0 0
0 0
0 0
0 0
0 0
0 0
0 0
0 0
1 0
0 0
0 0
0 0
0 0
0 2
0 0
7 0
4 0
1 1
2 0
5 3
0 6
4 25
0 110
19 173
12 560
0 271
0 356
0 191
6 249
0 341
0 386
0 359
0 250
2 177
1 124
0 100
0 71
2 111
0 49
0 317
6 398
5 326
0 129
0 11
0 24
3 3
0 36
2 22
0 95
1 180
0 141
0 125
0 190
0 104
0 106
0 33
0 39
0 17
0 79
0 63
0 118
29 86
2 57
39 98
0 112
18 72
7 110
4 100
8 140
9 134
4 229
0 48
3 37
2 110
11 1452
4 1084
1 391
0 126
31 135
2 120
0 93
3 9
0 42
7 33
4 2
7 50
0 63
2 96
0 16
0 31
8 35
43 32
6 32
10 2
55 0
64 2
126 0
121 12
83 22
118 172
97 13
151 26
220 9
228 54
292 46
248 125
175 285
122 432
98 398
118 464
70 386
79 300
29 215
7 85
30 67
2 635
81 1131
13 386
23 351
1 617
13 810
4 712
3 567
2 411
2 559
0 59
0 74
0 30
0 25
0 61
0 84
0 314
0 417
0 325
0 305
0 251
0 188
3 336
5 842
0 126
0 13
0 103
0 117
0 234
0 206
0 209
0 187
1 137
0 62
1 181
0 4
0 12
0 46
0 43
0 163
0 150
0 213
0 120
0 66
0 52
0 47
0 21
0 9
1 6
0 36
0 66
0 67
0 127
0 75
0 82
0 47
2 33
0 28
0 9
0 78
0 0
0 1
0 27
0 55
0 30
0 43
0 10
0 25
0 13
0 10
0 18
0 4
0 9
0 5
0 13
0 29
0 26
0 9
0 26
0 0
0 7
0 0
0 0
10 0
7 43
0 1
5 0
4 1
12 2
3 61
6 33
3 78
0 41
0 41
5 43
4 39
0 20
0 24
0 16
0 4
0 4
0 0
1 0
0 0
2 1
0 3
0 0
0 0
0 3
6 50
0 0
6 0
15 0
4 0
0 0
0 2
0 0
0 0
0 3
0 1
0 0
2 0
2 0
0 0
0 0
0 0
0 0
0 0
1 0
1 0
5 0
0 0
0 0
2 0
1 36
0 0
0 0
0 0
0 0
0 0
0 0
0 0
0 0
0 0
0 0
0 0
0 0
0 0
0 0
0 0
0 0
1 0
0 0
0 0
0 0
0 0
0 0
0 0
0 0
0 47
0 0
0 0
0 0
0 0
0 0
0 7
0 0
0 0
0 0
0 0
0 0
0 0
0 0
0 0
0 0
0 0
0 0
0 0
0 0
0 0
0 0
0 0
0 3
0 3
5 59
0 6
0 42
0 49
0 15
0 17
0 9
2 7
0 14
0 28
0 58
0 55
0 16
2 8
0 0
0 0
0 1
0 0
0 16
0 0
0 1
0 0
0 0
0 0
1 0
2 35
0 0
0 0
0 0
0 0
0 0
0 0
0 0
0 0
0 0
0 0
0 0
0 0
16 0
12 0
12 0
20 0
4 0
16 0
13 0
18 0
2 0
5 0
8 0
4 0
24 51
0 0
20 0
47 0
41 0
79 0
73 0
46 0
45 0
11 0
71 0
179 0
375 0
565 0
601 0
322 0
264 0
157 0
177 0
62 0
27 1
10 5
12 4
7 14
0 2
9 80
2 10
0 48
8 170
31 258
16 504
25 685
4 716
7 820
1 867
0 902
1 551
5 400
12 117
9 29
5 4
0 13
24 148
1 411
1 849
0 1192
5 1354
0 1550
2 1522
5 1654
6 1667
0 1226
12 1099
0 680
3 330
1 107
7 26
3 0
1 0
4 59
7 161
0 372
6 456
0 627
0 638
2 704
0 586
0 480
0 288
0 145
0 34
0 12
0 3
0 0
0 9
3 122
0 58
0 261
0 368
0 566
0 618
0 537
0 438
0 311
0 177
0 72
0 24
0 0
0 1
0 0
0 24
0 22
0 45
0 66
22 71
0 71
0 60
0 39
0 34
0 29
3 60
0 13
0 2
0 20
0 0
0 0
0 0
0 2
0 10
0 32
0 25
0 58
0 62
0 39
0 68
0 54
0 23
0 0
0 0
0 17
0 56
0 111
0 139
0 158
1 296
2 364
0 190
0 141
0 93
0 55
0 23
0 11
0 0
0 0
0 27
0 48
0 81
0 127
0 163
0 200
0 200
0 151
0 91
0 47
0 52
0 27
0 4
0 0
0 0
0 2
7 93
0 1
4 10
0 17
13 33
15 72
11 58
27 85
6 77
0 198
3 234
4 209
0 330
2 327
0 276
60 328
14 788
54 1244
63 1243
79 623
6 504
9 411
17 630
1 535
18 847
12 1535
0 1307
8 1104
10 1093
6 439
4 249
10 241
11 476
7 363
5 45
0 16
12 288
15 462
14 307
8 377
11 370
6 302
5 314
0 377
0 263
0 168
0 99
0 117
0 165
0 75
6 730
0 34
0 210
0 36
3 192
0 103
0 146
0 71
0 187
0 94
0 83
0 86
0 165
0 254
2 231
5 232
8 543
83 547
86 685
53 863
63 922
15 894
20 810
2 869
0 836
8 878
0 681
23 652
37 668
15 594
86 456
31 293
39 230
66 176
16 224
32 361
31 419
7 336
0 492
0 371
0 210
10 140
1 85
0 26
4 7
0 0
0 10
0 0
0 44
0 52
0 262
0 66
0 130
8 108
0 76
0 75
0 49
6 39
0 66
1 27
1 25
0 135
0 197
0 37
0 9
0 35
0 47
17 25
4 93
0 741
1 1213
0 541
0 9
0 1
0 2
0 164
0 7
0 2
0 0
0 0
0 5
0 4
0 0
0 3
0 60
0 36
0 4
1 30
0 18
13 5
7 13
37 2
31 14
23 8
4 3
2 19
0 69
0 90
4 51
0 78
2 518
4 62
0 217
1 124
11 41
1 15
0 30
0 62
0 92
0 78
0 115
0 518
0 282
0 73
0 90
0 151
0 821
0 227
0 124
0 233
0 244
0 195
0 202
0 161
1 107
0 193
0 24
0 15
0 72
0 110
0 189
0 328
0 290
0 323
0 288
4 148
1 127
0 65
0 31
3 17
5 10
0 1
0 9
0 51
0 44
0 52
0 66
0 41
0 24
0 9
2 162
0 0
0 9
0 28
0 21
2 39
0 46
0 59
0 17
0 11
0 13
2 4
0 0
0 0
0 0
0 0
0 5
0 8
0 12
0 6
0 6
0 16
0 1
0 5
0 0
1 70
0 0
0 0
0 1
0 0
0 0
0 0
0 8
0 18
0 17
0 8
0 8
4 9
0 0
2 0
0 2
0 0
0 0
4 0
0 0
0 4
0 0
0 3
0 5
0 0
4 55
0 0
0 0
0 3
4 0
0 0
0 0
0 10
2 41
0 102
0 70
0 118
0 67
0 36
0 32
0 23
0 0
0 0
0 1
1 39
0 38
0 28
0 63
0 67
0 36
7 133
0 2
0 2
0 4
0 2
0 7
0 4
0 4
0 4
0 12
0 62
0 199
2 462
0 626
0 755
0 997
0 1588
1 1291
0 1075
3 1138
7 1356
7 1411
4 1413
2 899
2 609
0 1726
0 2070
0 2186
0 2139
3 1456
0 933
0 1092
0 743
0 736
0 399
0 589
0 761
0 1055
0 1009
1 646
0 480
0 851
0 1007
0 482
0 157
0 177
0 415
0 415
0 366
0 215
2 374
0 167
0 320
0 228
0 113
0 60
0 234
0 197
0 83
0 91
0 67
0 0
0 8
0 65
0 103
0 300
0 1313
12 2796
3 3472
2 3319
3 2654
2 1750
0 2557
0 2768
1 2608
7 2293
5 2184
0 2061
0 1168
3 1805
2 2048
3 2207
1 1381
0 1943
0 2049
0 2083
0 2027
0 1788
0 879
0 1814
0 2102
6 1967
5 1282
14 1654
11 2494
4 2415
3 2534
0 1768
0 446
0 1706
5 2288
0 2005
5 1786
3 1478
1 839
8 2137
3 2373
0 1934
0 1206
0 1301
4 1757
1 1439
10 948
8 1484
25 1075
88 1357
132 1858
184 1603
324 339
439 1718
460 1966
549 1415
780 813
759 1613
811 1229
1049 1459
813 973
1023 691
1024 1313
750 1962
628 937
766 1583
970 2421
1396 2712
1980 2482
2709 1533
3011 2610
3015 3441
2978 2183
3246 3369
3061 3008
2665 1153
2584 3452
2892 2672
2948 1908
3029 3230
3346 1631
3346 1860
3775 2773
4224 1988
5098 1978
5004 1601
4672 1791
3777 1736
3225 1642
2584 1523
3677 1290
4123 1177
4439 1402
3863 1732
3031 1599
1984 1829
1302 1840
626 2098
458 2402
221 2774
259 2614
154 3333
185 3822
316 5153
662 5359
1129 4085
1586 3519
2007 3273
2504 3193
2534 3904
2000 2190
1515 2113
888 1587
1045 1853
1233 2013
903 2113
853 1861
634 1255
189 599
175 222
86 134
238 161
58 216
69 22
89 99
97 211
41 323
22 396
44 668
31 744
125 1216
180 1274
127 964
45 858
37 1438
33 435
17 784
5 316
5 228
3 250
0 349
1 457
28 270
11 183
0 331
6 255
12 120
3 58
29 53
2 19
20 11
0 185
32 476
0 474
0 506
2 417
0 482
0 336
0 300
4 698
0 123
7 98
5 57
0 56
0 689
0 1584
0 1569
5 1344
4 925
54 771
123 475
330 464
417 274
585 82
840 32
1239 3
2027 6
2782 20
3171 64
3377 66
2717 100
2473 115
3091 56
3377 40
3104 240
2687 13
2875 7
2887 38
2668 19
2242 11
1815 7
1428 4
809 8
340 148
75 477
25 243
86 73
123 23
62 12
134 426
103 882
41 204
22 31
30 95
12 36
15 69
25 24
163 3
94 3
104 103
113 0
142 0
273 1
370 0
359 1
795 1
1015 1
1240 1
1408 2
1855 4
1922 7
2021 10
2000 5
2204 0
2358 12
2537 5
2750 14
2815 44
2823 31
2635 55
2526 37
2213 29
1795 23
1335 4
724 185
131 0
50 2
104 7
70 0
50 0
45 1
187 6
173 3
53 6
34 2
79 1
14 0
0 0
32 0
32 0
45 0
28 5
47 1
17 2
92 3
225 7
540 6
1377 3
1883 2
2045 100
2256 39
2274 56
2415 44
2626 10
2761 49
2807 18
2928 22
2883 10
2830 5
2669 4
2438 0
2529 2
2501 9
2324 10
1979 7
1600 4
1113 3
630 2
84 1
78 0
371 0
638 0
869 2
868 1
1138 156
1262 6
1437 7
1521 1
1718 4
1749 4
1841 6
1821 9
1746 7
1803 6
1789 6
1928 7
1802 3
1659 11
1728 7
1732 8
1335 8
856 3
451 3
192 0
61 0
56 0
122 0
246 6
474 0
647 84
826 7
1028 0
1212 0
1131 1
1049 0
1051 0
1013 1
910 6
781 6
701 4
628 2
678 4
610 1
478 8
338 93
222 117
168 322
241 803
214 1276
236 1218
110 1591
46 2094
112 2390
20 2632
59 3664
6 3102
6 3346
15 3199
29 2928
27 2315
20 2124
11 2585
24 1394
48 1460
2 1657
5 1361
6 1258
17 871
15 520
10 763
11 1540
24 1811
2 1571
0 1133
5 1056
2 983
89 731
111 1438
259 1616
188 1791
205 1146
115 1352
8 1688
155 1534
509 1669
358 1432
269 1198
15 941
257 668
486 1151
531 1432
344 1538
22 1541
271 1610
328 1427
271 1449
74 1239
106 1493
4 1427
43 1378
124 1536
197 1859
56 1855
19 1881
31 2825
239 1935
403 1726
360 996
83 820
14 793
27 560
206 323
256 161
149 25
29 20
32 46
78 150
78 366
39 520
27 840
6 754
80 946
128 839
2 820
1 550
3 648
0 300
11 190
56 20
28 194
0 21
40 64
71 211
150 243
70 554
163 572
154 858
50 736
116 845
20 617
35 730
4 382
19 318
0 95
0 42
19 4
5 6
52 5
169 0
284 92
591 96
874 302
1115 394
1407 502
1933 739
2195 315
2577 221
2878 176
2615 81
2405 34
1867 12
1776 2
1975 3
1457 2
1101 22
917 25
723 34
502 21
301 24
102 29
60 8
115 3
54 5
137 12
209 13
206 7
162 2
51 3
21 6
8 108
0 0
0 0
5 8
2 2
29 1
9 3
43 0
33 0
39 2
47 2
22 0
8 0
61 1
34 0
3 0
14 0
6 0
48 0
45 0
83 0
22 0
90 0
16 0
51 2
71 197
54 1
125 0
189 0
162 0
440 2
342 2
460 0
273 6
101 4
86 0
43 0
45 3
45 0
44 0
66 0
71 0
9 0
30 0
31 0
42 0
11 0
4 0
150 2
148 0
423 54
343 0
668 2
668 2
646 5
421 5
142 0
13 0
0 0
3 0
0 0
44 0
42 0
24 0
0 0
8 0
7 0
0 0
1 0
14 0
1 1
6 0
0 0
0 4
0 5
4 123
0 5
3 5
82 0
20 0
24 0
3 3
6 10
0 5
7 5
3 5
19 10
53 0
20 11
12 0
25 1
2 0
6 0
0 0
0 0
0 0
4 1
0 11
0 9
0 14
0 56
0 0
0 0
0 0
0 1
0 32
0 71
0 67
0 80
0 69
0 5
0 22
0 71
0 123
0 193
8 308
3 648
0 570
0 625
3 784
1 753
3 671
3 573
4 576
6 482
9 863
3 225
0 120
0 23
0 17
1 89
0 224
13 196
129 112
41 108
95 230
56 310
95 411
108 1242
102 2543
100 2948
71 2826
66 2830
65 2454
26 2114
72 1502
49 1558
39 2097
44 2281
128 2005
130 2037
140 988
115 1494
168 1959
97 2133
88 2253
32 2301
21 2195
37 1488
14 1371
5 726
1 453
16 239
3 201
37 133
12 127
43 287
0 347
40 585
0 1038
7 1070
1 1114
0 995
9 452
1 301
2 1464
1 1353
0 238
0 100
0 179
0 230
0 574
0 333
2 610
0 405
20 368
9 141
37 73
17 0
18 2
12 26
0 73
1 70
0 35
0 61
2 43
7 15
6 9
26 9
4 14
24 134
19 7
35 2
0 10
66 10
34 3
99 0
72 0
146 0
122 1
115 0
174 1
142 0
132 0
86 0
67 0
110 0
76 6
61 11
48 15
82 17
36 1
8 0
35 0
0 0
8 121
0 0
0 0
0 1
3 0
0 0
0 0
0 0
0 0
0 0
0 0
1 1
21 0
34 0
72 0
47 0
47 0
55 0
33 0
21 0
65 0
37 0
19 0
17 0
2 0
10 34
0 0
0 0
0 0
0 0
0 0
17 0
1 0
1 0
1 0
3 0
19 0
6 0
27 0
0 0
7 0
15 0
3 0
9 0
30 0
5 1
0 0
13 0
28 0
4 1
35 96
0 0
0 0
0 0
0 0
5 1
112 0
67 0
5 0
17 0
20 0
0 0
0 0
0 0
0 0
0 0
0 0
7 2
0 6
11 0
9 0
8 0
7 0
1 0
0 0
5 63
0 0
0 0
15 0
0 0
0 0
0 0
3 0
12 0
2 5
19 8
17 38
36 22
6 55
16 25
12 36
3 23
44 12
21 4
7 0
47 4
39 5
15 17
10 11
6 41
1 189
4 51
2 67
22 93
2 64
0 40
0 46
0 30
1 39
0 46
18 15
0 25
15 52
0 29
16 22
16 17
31 9
3 0
7 0
18 0
8 13
6 22
0 43
0 66
2 45
6 164
5 72
0 78
2 60
16 51
9 43
8 50
14 32
0 27
2 8
11 21
0 0
0 0
0 0
13 0
13 2
10 28
0 7
16 40
13 39
0 29
13 39
2 27
0 19
23 24
25 167
0 4
35 0
92 0
43 12
128 31
196 25
227 66
310 30
260 43
179 26
190 21
204 5
57 0
74 0
27 0
20 7
0 13
5 5
0 22
0 4
0 11
0 0
1 0
0 0
7 59
0 0
0 10
0 0
0 0
0 12
0 0
3 0
0 0
3 0
0 0
1 0
0 9
3 0
0 0
0 0
0 0
5 0
20 0
44 0
0 0
8 8
3 0
0 0
0 0
12 90
0 0
0 0
0 2
0 0
0 0
11 0
0 0
0 0
0 0
1 3
0 4
9 2
0 0
0 0
3 0
0 0
3 0
0 0
15 0
0 0
1 0
0 0
0 0
0 0
14 65
5 0
0 0
1 0
23 0
16 0
48 0
38 0
52 0
18 0
21 0
0 0
7 0
7 0
5 0
0 0
0 6
1 6
0 10
0 17
0 31
0 53
0 107
0 103
0 70
0 147
0 2
0 10
0 0
0 3
0 0
2 41
0 26
0 28
0 29
0 38
0 6
0 9
0 4
1 0
0 0
0 0
0 0
0 0
0 0
1 0
0 0
4 0
0 5
0 2
13 76
0 0
0 0
0 0
0 0
0 0
0 0
0 4
0 58
0 274
0 444
0 348
1 132
0 376
2 876
5 890
2 683
0 659
0 741
1 811
0 814
0 1114
6 1242
2 1347
0 1087
7 907
1 142
0 82
0 133
2 190
1 340
3 630
2 815
18 948
2 918
6 821
0 577
3 322
0 223
0 60
2 14
0 0
0 0
1 27
5 30
25 68
3 83
13 62
40 73
17 59
124 142
64 24
146 0
161 3
289 1
199 1
377 0
143 1
203 11
213 3
60 0
20 0
65 0
10 0
1 0
0 0
0 0
6 0
0 0
1 0
2 0
12 0
0 0
41 0
10 0
16 51
0 0
0 0
0 0
1 0
0 0
14 0
0 0
0 0
4 0
3 0
1 0
0 0
3 0
5 0
2 0
27 0
6 0
38 0
133 0
314 0
173 0
106 0
72 0
18 0
25 63
9 0
0 0
69 0
95 4
107 4
176 23
144 108
110 110
65 99
84 142
77 72
24 66
36 13
13 9
69 8
225 0
346 2
220 6
158 23
143 27
366 29
301 43
128 55
55 52
148 168
64 43
129 42
56 22
82 0
161 0
67 0
16 15
21 7
33 34
94 52
63 55
0 67
0 59
44 59
119 21
62 8
14 0
0 0
9 2
9 0
20 32
0 43
2 75
14 59
15 135
44 30
2 30
14 26
21 0
0 5
3 1
28 0
30 20
3 28
6 33
26 52
1 70
14 95
0 43
35 51
0 18
2 15
15 5
2 0
14 1
0 14
0 20
1 23
0 44
10 157
0 58
0 49
0 61
0 71
0 168
0 137
0 99
0 73
0 46
0 77
0 20
0 20
0 12
0 3
0 8
0 16
0 42
0 124
0 145
0 160
0 104
0 64
2 13
0 28
1 132
0 21
0 44
0 78
0 65
0 74
0 59
0 20
0 9
0 43
0 0
0 13
0 23
0 35
0 88
0 65
0 76
0 35
0 61
1 105
0 99
0 158
1 194
0 223
0 294
2 584
0 408
0 445
0 553
0 674
0 682
3 498
0 290
1 160
0 13
0 72
0 92
0 44
3 17
3 29
1 18
14 4
83 38
220 267
145 221
41 54
90 5
170 12
247 18
367 5
370 140
217 36
135 31
18 40
154 65
217 73
205 41
133 65
8 71
5 94
13 94
4 41
36 24
37 29
52 0
77 20
65 2
101 9
32 12
36 3
63 25
84 2
67 12
152 0
69 20
65 124
73 0
54 14
52 0
22 0
74 0
25 1
3 23
35 4
0 33
0 14
15 31
13 30
15 29
11 18
26 0
26 5
54 0
22 1
27 6
0 40
17 21
4 21
7 2
0 0
88 142
46 77
370 255
799 484
1530 592
2301 682
3430 607
3977 620
4368 481
4850 377
5171 263
5371 254
5634 137
5595 48
5568 40
5685 40
5931 52
5721 118
5685 163
5428 227
6102 283
6727 261
6899 386
6439 369
5148 341
4840 461
4457 283
4307 240
4431 80
4199 54
4567 27
4178 101
4081 125
4059 111
3619 91
3491 71
2456 59
2018 76
2097 126
2248 76
2986 104
3477 117
3271 103
2643 50
2474 20
2115 50
1614 19
1195 17
614 20
424 22
264 224
93 80
201 407
145 1068
172 2568
276 3002
343 3215
255 2859
326 2641
139 2040
112 1969
143 2624
111 2554
57 1416
20 2190
54 2538
32 2941
94 2753
88 1959
60 2749
83 3007
57 2397
53 1747
17 1147
35 774
26 1450
1 1110
17 753
13 742
2 1095
0 1702
1 2163
6 2322
19 2167
31 2369
34 1609
19 1737
25 1756
8 1875
14 1198
13 772
25 1124
19 1756
27 2222
25 2594
21 2598
18 2894
19 2504
26 2116
19 1951
14 1716
14 1352
8 1221
9 1822
15 2238
19 2433
15 2472
11 2377
10 2041
18 1634
14 1370
130 1280
238 961
129 838
241 864
420 1055
458 1278
613 1544
623 1812
570 1822
565 2080
518 2402
425 2724
314 2674
185 1591
74 2429
17 1953
45 1424
175 1710
229 2244
340 2714
405 2576
518 2013
531 1810
680 1468
724 1671
657 1658
577 1734
445 1427
301 1005
131 1134
18 557
78 1510
47 1646
73 1363
174 1549
104 1363
296 1611
200 1423
258 1343
112 1283
57 659
23 881
32 964
9 748
17 570
42 648
43 655
32 830
30 781
8 431
10 213
5 272
3 65
18 535
20 717
38 596
17 548
35 694
14 849
12 852
8 878
5 424
11 725
35 1411
34 1702
10 1488
9 1631
7 1425
4 665
6 581
0 487
0 521
1 861
0 1180
9 1684
8 1709
17 1505
21 1787
11 1563
2 1478
14 1609
121 956
239 712
277 511
257 334
201 321
247 462
54 609
38 722
290 1078
121 1042
232 1241
164 1360
135 1399
238 1442
173 1426
87 2271
135 2417
8 2033
14 1882
19 1589
36 1353
127 1130
91 928
12 648
0 881
0 840
1 1047
1 1492
0 1130
0 1182
2 2747
2 2031
11 1982
17 2344
0 814
1 1677
0 1995
0 1930
2 1578
3 746
4 981
0 1323
3 1775
87 1898
275 2388
420 2461
495 2589
343 1992
193 2425
132 1992
173 1341
338 2670
493 1998
440 1585
386 1689
348 2242
373 3028
400 3204
338 4803
168 4745
84 2997
92 2086
46 2244
104 3130
158 3684
164 4086
179 4249
219 2959
198 2925
146 3153
148 3158
235 3016
317 2483
348 2741
320 3881
342 4885
160 5261
77 5710
67 6222
261 6005
225 3847
474 2558
373 1988
447 2598
243 896
377 704
261 758
295 800
84 688
33 519
14 281
40 265
99 275
312 282
330 356
379 565
362 657
254 998
147 1326
41 1370
7 870
62 1124
45 818
90 633
102 943
56 606
27 462
11 546
32 1108
12 707
42 502
43 628
28 437
13 547
2 407
8 315
0 710
0 869
8 1096
0 665
6 561
0 166
3 146
7 57
2 479
0 795
5 835
0 1212
11 1806
12 3091
23 4730
15 4939
1 4589
20 5317
20 4061
28 2929
30 2117
34 3605
8 3472
3 2853
8 4227
0 2625
0 2738
2 4700
0 3757
0 2766
0 3882
0 3354
1 2493
2 2553
0 3427
0 2361
0 2406
0 2274
0 1957
5 1727
3 872
4 850
6 1409
0 293
4 605
0 824
0 672
0 144
0 308
7 515
9 391
0 223
0 483
0 470
13 422
24 380
66 368
23 588
25 308
88 266
27 223
75 730
39 615
25 742
10 350
4 225
14 259
46 282
20 29
70 51
37 139
54 42
45 67
65 153
0 262
10 515
0 1220
0 2091
23 2920
26 3787
45 3319
27 3719
38 4407
18 2245
28 2636
19 1496
43 2639
23 2659
30 4181
30 6358
11 1950
29 5471
56 2841
26 1617
27 1008
22 1169
48 588
40 878
95 2064
103 2073
179 1354
249 1302
180 1790
214 1663
236 1718
316 1686
208 1650
160 1342
83 978
33 994
11 1165
26 1194
49 1279
54 1102
15 780
36 493
3 430
32 805
4 405
0 259
17 114
8 100
0 156
0 161
1 104
2 38
0 60
0 21
0 35
21 26
1 135
6 108
5 29
0 21
0 5
0 11
0 16
2 0
1 0
2 0
2 12
0 0
52 67
0 0
0 4
0 9
6 1
0 1
0 8
0 0
0 1
0 0
14 0
48 0
19 1
9 0
16 5
1 0
8 0
12 4
62 6
38 5
63 3
9 0
73 2
7 0
23 0
20 73
0 0
2 0
15 0
23 0
20 0
40 1
2 0
14 0
4 0
1 0
1 0
0 0
0 0
0 0
8 0
3 10
7 0
0 0
0 0
0 0
0 0
0 0
0 0
0 0
5 33
0 0
7 0
7 5
0 0
0 21
3 36
10 91
46 140
19 239
67 306
80 379
178 315
166 345
101 165
145 123
18 29
40 24
40 45
18 13
0 16
0 56
0 100
0 144
0 171
7 369
1 207
8 184
4 186
15 179
0 140
1 129
10 76
13 42
29 0
78 0
67 0
145 0
166 26
292 29
224 25
302 40
174 15
172 38
68 7
47 19
16 4
71 8
0 0
6 3
22 67
4 0
0 3
0 2
11 29
0 12
4 0
0 2
9 2
0 0
7 0
0 0
120 5
154 2
117 4
72 1
130 13
80 7
63 5
75 1
16 0
46 5
23 2
2 3
9 0
33 76
5 0
9 0
43 0
6 0
0 1
10 0
2 2
28 2
0 6
26 2
5 0
1 4
33 0
15 4
37 0
34 0
17 1
16 7
5 0
0 0
0 0
0 5
0 4
0 3
9 67
0 2
0 2
0 0
0 6
0 7
0 12
0 23
0 9
0 0
12 0
11 0
1 0
0 14
0 51
3 29
19 52
131 33
215 48
191 31
335 23
513 20
656 15
782 30
1124 4
1641 101
1313 0
1596 1
2068 4
2507 19
2967 6
3312 3
3639 6
3439 1
3473 6
3665 10
3226 34
2020 7
766 4
1529 5
2453 27
2759 7
2468 6
1744 4
1599 3
1616 0
1785 1
2214 0
2368 11
2595 24
2589 100
2305 46
2148 75
1818 114
1525 98
1167 114
718 59
190 56
233 17
570 4
913 13
888 12
571 16
358 101
369 180
435 283
394 356
136 404
98 366
35 370
69 219
61 140
107 73
51 19
50 19
77 86
0 0
63 1
24 26
88 25
9 35
50 47
14 72
15 48
18 23
20 38
12 24
32 15
2 8
0 2
4 0
0 0
0 0
0 0
2 0
0 0
0 0
0 0
1 0
3 0
10 51
0 0
0 0
0 0
0 0
0 0
1 0
2 0
0 0
0 0
0 0
9 0
8 0
49 0
7 0
21 0
6 0
74 0
12 0
21 0
12 0
0 0
1 1
1 0
3 0
14 92
0 0
6 0
1 0
7 0
0 0
0 2
0 0
17 1
2 1
0 0
29 0
32 1
0 0
3 0
11 0
0 0
0 2
0 0
0 0
0 0
3 0
78 0
12 0
90 0
27 49
45 0
90 3
158 6
175 3
339 6
211 9
261 0
272 5
289 3
216 0
252 0
214 1
305 0
654 0
1148 5
1753 4
2231 13
2194 12
2097 10
1677 9
923 4
477 4
129 7
80 15
85 93
15 3
76 11
64 31
87 61
91 109
216 154
225 122
130 100
105 75
257 11
377 4
682 9
822 14
963 6
1137 24
1208 28
1396 25
1504 42
1774 52
2230 85
2309 132
2669 137
3012 105
3242 118
3487 146
3331 42
3890 16
3890 20
4152 12
3527 13
3828 23
3727 61
3345 68
2879 125
3463 89
3360 91
3351 80
3163 47
3165 23
3713 27
3526 39
3497 108
3322 89
3170 153
3617 692
3293 784
2798 144
2414 442
1911 1223
1827 1774
1678 463
2283 717
2654 1306
2547 1258
2314 527
1991 341
1333 415
605 506
373 471
184 362
195 172
353 344
187 315
273 129
127 40
136 94
143 206
129 119
82 61
44 87
28 154
67 97
110 50
220 97
473 277
289 114
370 94
356 50
192 43
218 93
110 31
173 5
77 20
39 25
93 0
182 60
58 23
55 2
19 1
12 24
16 0
12 0
14 10
16 0
31 0
57 4
26 0
11 0
17 0
15 63
10 0
0 0
0 0
0 12
4 8
0 0
0 0
12 2
0 13
1 159
6 533
10 1262
7 2217
12 2768
13 3967
20 3756
15 3754
8 3793
21 3585
18 3435
17 3645
7 3666
4 3497
8 3350
27 3839
22 3374
31 3504
18 3519
19 2842
34 2385
22 2909
19 3367
36 3613
37 4201
28 4317
32 3979
64 3530
45 3475
17 2659
48 1667
56 1168
57 1792
154 2037
132 2040
230 1660
87 963
123 470
180 312
123 197
157 467
100 90
46 139
122 77
13 112
37 77
3 108
5 85
0 44
4 12
3 31
21 19
5 13
28 29
23 109
49 87
23 8
4 2
22 14
0 6
0 21
0 39
27 143
3 64
0 23
11 255
0 0
0 0
0 24
0 4
0 0
0 2
0 5
1 4
0 0
0 0
4 0
0 6
0 0
0 0
0 0
0 0
0 0
7 0
0 0
7 0
0 0
0 0
0 30
0 58
2 95
0 0
0 9
0 11
2 0
3 0
0 0
1 0
0 0
0 3
0 19
1 122
4 270
9 296
3 268
13 117
0 91
2 171
17 338
17 396
0 155
3 64
0 0
10 26
2 89
1 286
0 11
0 2
0 0
0 25
0 124
0 78
0 23
0 3
0 47
1 200
8 187
0 126
0 46
0 19
0 0
0 20
8 99
0 112
0 74
0 41
0 0
1 2
0 51
0 29
2 103
0 1
0 7
0 23
0 48
0 24
0 1
0 0
0 0
0 15
0 6
0 5
0 3
0 12
0 4
0 15
2 92
6 365
14 883
15 1600
17 2271
23 2766
17 3299
9 3633
20 3602
39 3936
24 2908
27 3575
38 3854
24 3530
17 3185
5 3336
6 4631
2 5451
7 6221
17 6814
18 7907
38 9001
37 9175
52 8648
37 8017
32 8188
26 7895
22 7219
22 6417
14 5469
16 4780
26 4312
17 3682
33 4479
35 4480
10 1837
0 1271
7 2842
16 6373
21 7109
32 7070
31 6699
30 6373
25 6134
16 5946
9 5778
10 5645
7 4903
9 4054
7 3268
11 5095
22 5753
15 4380
4 1597
9 2057
8 2918
4 2229
0 1708
1 956
1 2070
2 1463
16 1717
7 1203
3 1015
0 834
1 666
0 686
0 1424
0 1247
8 1926
0 2080
1 3306
0 1731
0 2075
0 2992
7 2224
7 2418
5 3159
7 3871
4 3511
0 2943
0 588
0 302
0 2206
5 4247
5 4236
0 3860
7 2825
10 648
0 975
0 618
0 144
0 1281
0 2439
0 2323
1 891
0 432
0 1010
0 961
0 546
0 263
0 749
0 868
0 1250
0 1672
0 1749
0 1766
0 1934
4 2224
13 2948
14 2319
24 2273
13 2033
26 2490
29 2546
29 2306
27 1452
17 1551
15 3020
9 3228
4 3590
5 3133
6 2741
4 2118
16 1346
23 2559
17 3805
19 4123
13 3503
8 2789
0 1835
6 1951
1 2555
5 2052
18 3341
17 1972
23 1761
17 2287
16 2331
1 2019
0 2031
0 2996
0 2787
0 2007
0 512
0 1988
0 2694
2 2629
0 1879
0 1127
0 1114
0 1027
0 825
0 811
0 780
0 686
0 545
0 967
2 1602
3 2690
0 2469
6 2560
13 1975
14 3671
3 5012
7 5010
3 3821
16 5192
12 5101
3 2771
1 4138
0 3346
2 3304
0 2981
0 641
3 2431
0 2098
0 1389
0 1777
3 1536
0 2816
1 2017
0 2225
4 2785
1 1346
0 1796
0 1175
0 2213
0 2141
0 1879
8 2599
1 2936
10 2534
13 3473
18 4302
8 3579
9 2727
10 4037
10 3239
0 1862
0 1958
0 2360
0 2342
0 1574
1 1956
3 1858
5 500
0 1778
0 1786
6 726
0 1081
0 938
0 1757
0 1702
0 1397
0 1201
0 1262
0 1245
2 1010
0 984
0 1025
2 1432
1 1673
0 848
3 500
23 373
22 394
5 165
0 229
0 624
0 686
5 308
2 186
1 432
0 1187
0 177
3 551
4 921
0 1769
2 2468
0 2734
4 2276
6 3027
9 4291
12 3210
11 3350
5 4077
15 1340
9 3905
37 3465
4 1872
10 3333
2 1458
0 2519
4 2741
1 1433
1 2208
5 1549
0 774
3 1814
2 1075
0 1776
7 1474
3 1400
3 1209
0 1080
0 860
0 372
0 77
0 172
0 17
0 46
0 28
0 49
0 277
0 92
0 94
0 411
0 1251
0 1910
0 1930
6 1621
3 1407
3 1428
6 2729
4 2906
0 3085
0 3156
2 3301
4 3395
8 3367
1 1657
0 1031
3 1761
3 2690
1 2795
0 2316
0 1825
1 872
3 2234
0 2161
0 1274
0 1475
0 1902
3 1869
1 1659
15 1611
9 1381
18 1185
134 903
176 110
302 119
193 65
245 213
138 78
72 109
174 77
204 29
207 39
120 11
85 71
125 28
125 46
19 139
56 213
29 684
2 1125
4 1447
15 1803
19 2253
30 2403
23 2514
88 3059
142 3395
451 3709
222 3111
323 2964
384 2663
415 2194
590 1764
524 2063
580 2273
628 2709
1301 2476
2374 1774
2844 1033
3016 763
3235 1251
3226 1975
2958 2629
2599 2689
2009 2066
1564 2175
1450 2564
1398 2789
1491 2672
1849 1890
1799 975
2306 1153
3274 1332
3241 777
3504 656
4131 740
4179 402
4393 1033
4628 1204
4587 1206
4426 815
4618 176
4717 185
4716 758
4788 1067
4906 1483
5081 1971
5042 2282
4878 2383
5225 2284
5325 2248
4969 2113
4824 2330
4934 2234
5275 1669
5385 1765
5373 2121
5353 2955
5398 2280
5244 2504
5090 2283
4804 2293
3915 2159
3205 1983
2549 1490
1413 1233
1037 1147
1169 951
2346 859
3024 579
3722 516
3800 606
3502 634
3118 649
2921 972
2699 604
2010 673
2081 414
2193 320
2010 111
1800 264
1557 164
1335 963
925 274
737 676
546 863
223 355
138 441
82 88
55 193
106 266
237 306
182 401
248 710
400 833
221 430
214 213
52 232
21 647
41 67
80 50
39 118
29 150
114 268
251 210
196 253
258 136
381 419
156 0
275 12
501 9
500 45
237 140
108 105
90 273
4 213
12 141
21 120
0 23
15 39
11 41
1 89
23 116
11 162
110 164
91 135
66 128
45 73
48 83
33 64
35 30
203 52
433 295
175 94
168 170
82 58
197 66
72 53
81 51
15 18
85 24
38 27
8 39
33 73
6 14
38 30
40 3
69 10
114 0
5 11
6 19
72 28
75 0
46 2
75 25
14 1
21 0
59 44
47 4
141 0
238 2
225 4
52 11
136 12
84 18
68 10
71 3
73 12
33 3
23 6
33 2
13 2
24 0
55 8
78 12
107 13
132 8
92 0
218 9
373 12
346 32
232 20
301 129
149 9
184 20
65 20
74 8
99 0
139 14
168 8
124 4
13 0
0 6
5 0
27 2
27 16
58 12
4 4
5 0
7 1
3 11
21 17
9 0
9 1
9 7
11 0
37 0
40 64
31 6
49 1
126 1
113 0
186 0
98 0
124 0
213 0
82 0
104 0
75 0
88 0
26 0
2 0
9 0
126 0
454 6
538 3
651 5
872 6
1357 3
2683 4
3382 10
3406 5
3087 124
2303 6
2218 17
1860 7
1728 13
1589 14
1257 15
1031 12
1019 8
691 3
520 5
509 0
492 1
526 1
383 1
520 0
238 0
209 0
259 6
247 0
243 0
485 0
882 19
686 3
251 0
87 75
15 0
41 0
51 0
46 0
51 0
110 0
69 2
59 1
73 0
166 0
553 0
431 16
106 0
59 0
232 1
41 1
50 0
31 0
47 2
86 0
39 0
57 0
103 2
154 0
150 92
48 0
191 0
254 0
54 0
140 5
272 0
298 0
185 0
211 0
132 0
3 0
22 0
76 0
162 1
324 0
585 2
187 3
130 0
274 0
298 0
440 3
336 3
336 3
588 0
1189 51
697 3
488 3
295 4
481 6
757 15
1238 16
1593 24
2048 20
2129 11
2141 14
1889 7
2266 0
2109 1
1659 0
1202 6
898 0
526 4
404 1
480 0
350 1
194 2
107 0
174 0
137 0
171 95
122 0
103 20
42 0
70 0
56 0
122 1
79 0
162 0
151 0
241 0
261 0
420 0
451 0
393 0
474 0
314 0
238 2
272 1
166 0
111 2
97 0
33 4
17 0
1 2
68 68
73 0
183 2
44 0
47 2
66 0
43 0
45 0
22 0
4 0
32 0
22 0
67 0
6 0
17 0
1 0
0 0
5 0
0 0
0 0
0 0
4 0
0 0
0 0
2 0
4 71
0 0
0 0
4 0
0 0
5 0
10 0
1 0
0 0
0 1
1 1
0 0
7 0
3 0
0 0
2 1
0 0
28 22
0 5
5 0
14 0
0 0
0 0
0 0
0 18
2 78
0 0
0 0
0 0
0 0
0 0
0 0
0 9
0 5
0 12
2 0
0 0
0 4
0 9
0 10
0 3
0 0
0 1
4 0
17 0
12 0
51 0
15 0
40 0
2 0
39 89
15 0
8 0
14 0
3 0
2 0
42 0
38 0
23 0
14 0
28 0
25 0
16 0
24 0
12 0
1 0
19 0
1 0
12 0
9 0
14 0
0 0
0 0
0 0
0 0
0 67
0 0
0 0
0 0
0 0
1 0
0 0
0 0
0 0
0 0
0 0
0 0
0 0
4 0
0 0
0 0
0 0
0 0
2 0
0 0
0 0
0 0
0 4
0 4
0 0
26 91
0 0
0 0
0 0
10 0
9 0
1 0
0 0
25 4
0 0
0 0
0 0
0 0
0 1
0 0
0 0
0 0
0 0
0 0
0 1
0 0
0 0
0 0
5 0
0 0
0 71
0 0
0 0
0 1
0 0
0 1
7 0
0 4
0 9
0 0
0 0
0 0
0 2
0 30
0 12
0 4
0 0
0 6
0 60
0 59
0 51
0 62
0 54
0 44
0 2
1 112
0 2
0 21
0 0
0 0
0 0
0 0
0 0
0 0
0 1
0 20
0 12
0 31
0 11
0 17
0 64
6 37
1 43
0 41
0 34
0 57
0 41
0 36
1 47
0 59
7 223
0 4
0 10
0 44
0 115
2 106
0 77
0 61
0 205
0 304
1 363
0 313
1 253
2 290
0 244
0 277
0 406
0 651
2 599
0 454
0 501
0 418
3 312
5 148
3 82
2 244
0 14
0 17
0 16
0 2
0 0
0 3
0 22
0 15
0 34
0 43
1 85
0 208
4 541
2 868
4 1373
0 1718
0 1915
0 2179
0 2159
0 2242
0 2402
5 2166
3 2084
2 2033
0 2244
4 1511
11 1314
12 1793
10 2016
6 2057
9 2307
7 2351
6 2351
12 1949
12 1799
10 1758
6 1914
4 1543
5 1201
0 1098
4 1249
6 1618
6 2136
6 2315
8 2396
10 2555
4 2503
14 1816
11 1787
18 2386
18 2309
19 2381
10 2098
6 1934
1 1456
3 1366
3 1469
4 2269
4 2931
0 3085
2 2774
4 2855
2 2008
7 996
11 1506
7 2065
8 2451
12 2455
15 2357
8 2189
4 2065
3 1806
1 1404
1 1004
5 1070
3 1523
3 2053
4 2168
0 1963
0 1455
0 915
4 928
15 1504
18 2158
20 2161
19 2168
5 1580
3 1104
0 1445
4 1696
9 1915
11 1985
1 1687
0 1353
0 1261
1 1883
5 2272
13 1987
11 1867
15 2089
2 1550
0 1496
4 1084
7 1020
10 1831
3 2288
5 2966
14 3518
6 3776
2 4006
11 4093
15 3343
3 2421
1 2692
15 2698
13 2884
0 2652
0 2099
0 1165
2 1976
1 2669
0 2569
0 1865
0 1357
0 959
0 1231
0 1754
1 1608
0 1301
0 1345
2 1111
6 849
0 843
1 1866
7 2531
3 3558
0 4242
0 4463
26 3531
4 1971
2 704
3 606
0 454
1 295
0 433
2 1012
0 1316
1 1062
3 1436
2 2536
4 1908
3 2921
3 4113
10 5130
16 5424
10 5207
5 5009
7 6041
2 7100
8 5673
3 2752
2 1951
4 1895
8 4208
28 6107
35 7155
33 8009
25 8370
26 8331
41 7827
32 6769
47 5333
21 3685
14 2280
23 3595
14 3106
9 3735
13 2806
21 4368
20 4477
37 5400
49 5487
50 4435
42 3895
34 2317
12 1225
29 2832
31 3796
30 4416
16 4135
26 3774
17 2666
36 4834
26 5205
21 4853
31 4230
18 3048
7 1332
19 2517
16 3525
1 2955
11 2693
0 2159
2 2837
1 2408
5 2555
2 3163
4 4409
6 5028
4 3566
0 3188
0 3133
0 3046
0 2894
3 3382
4 4034
1 3870
2 2511
4 1078
0 263
0 923
0 2084
7 3159
8 4422
19 5806
22 4999
37 4644
44 3938
44 3101
23 3165
22 3986
17 3699
29 3863
22 3711
12 3808
17 4691
3 3123
5 3487
5 3935
3 3126
13 2723
11 2963
15 2603
13 3608
10 4940
0 3767
10 3062
12 3697
11 4229
5 5251
0 4133
1 2727
4 2311
2 2793
2 3168
5 3380
10 2625
10 2486
4 2841
4 3513
9 3974
9 3532
9 2576
5 1978
11 2441
10 2435
11 3028
6 3249
0 3243
0 3220
0 2515
7 2670
0 2476
0 2821
9 2599
10 2641
1 2787
0 2233
1 1757
6 1902
3 1223
0 1296
1 2269
5 2417
7 2573
5 2271
0 1682
12 2211
7 2856
7 2917
16 2643
14 2602
14 2647
11 2638
7 2824
10 2112
5 982
1 1067
6 919
7 1165
0 37
1 416
0 828
0 489
1 157
1 405
4 1869
4 3528
25 5203
12 6000
5 6079
7 3206
1 3355
15 3506
19 5036
7 3054
10 1593
8 2782
7 3250
1 2386
3 3040
3 4538
0 4089
4 941
9 4283
14 4630
14 2685
11 1812
2 1378
0 752
1 617
0 148
0 54
0 14
0 6
1 43
3 95
4 1028
8 3516
9 3639
12 1419
8 1128
1 544
0 564
2 414
0 343
0 501
0 683
0 497
3 1038
3 240
2 328
7 246
0 328
1 271
2 312
0 328
0 53
0 105
0 123
0 114
0 42
0 8
2 224
27 68
4 300
12 58
25 19
1 43
7 23
0 23
0 82
0 213
7 104
27 271
0 91
34 961
0 1795
0 1599
0 666
5 176
0 925
0 1080
5 343
34 172
0 171
0 414
1 837
2 582
8 127
18 32
49 7
82 1
73 35
82 60
42 44
12 64
12 16
16 9
23 136
0 4
0 2
5 10
0 15
4 33
15 50
27 47
5 20
18 19
2 82
7 48
18 12
0 58
2 162
1 128
1 58
1 16
0 63
3 71
2 194
0 133
5 27
29 38
0 163
7 314
0 17
9 2
0 52
31 192
0 170
0 39
3 16
13 66
41 118
115 45
62 20
30 14
11 82
15 80
1 1
59 30
58 36
152 24
215 0
74 19
167 41
27 7
41 7
5 18
32 182
35 0
64 4
51 2
125 0
200 7
62 0
69 0
86 0
19 0
3 0
8 0
21 0
100 0
87 0
142 0
119 0
218 0
98 1
175 8
76 0
25 0
5 0
62 0
141 0
194 76
173 0
252 0
318 0
310 7
409 0
290 0
216 0
167 0
57 1
3 0
43 7
177 9
227 0
430 0
473 13
513 0
328 9
257 0
121 8
39 0
0 0
18 0
80 0
160 0
266 122
177 2
351 3
392 1
416 0
520 0
458 0
536 0
323 0
18 0
29 0
85 0
520 0
489 0
632 0
614 0
563 0
600 2
396 2
308 0
92 0
0 0
38 0
105 0
271 2
389 79
331 1
216 10
297 0
219 0
26 0
100 0
2 4
79 0
133 1
240 0
303 0
349 5
216 15
129 1
12 2
0 13
0 9
5 3
0 12
47 9
32 26
11 15
33 32
5 35
9 257
0 0
0 4
7 37
0 40
5 37
4 25
5 59
9 78
0 74
0 63
0 41
0 12
0 23
0 40
2 20
2 39
6 137
2 194
0 334
1 407
0 497
0 681
0 853
0 985
1 1640
0 1340
0 1591
0 1122
3 1037
0 1550
10 1740
10 1546
11 1382
11 1319
12 1368
31 1501
32 1397
29 1223
28 1132
19 1236
4 1210
5 1063
2 907
1 853
0 705
0 647
0 704
0 865
2 922
10 1091
19 797
28 730
21 650
28 514
16 345
6 208
1 94
2 22
2 37
3 89
7 122
11 209
13 194
22 259
22 317
23 383
15 477
13 511
30 537
30 651
9 767
0 742
0 741
0 799
0 773
0 715
0 841
0 885
0 976
12 1083
21 996
18 999
15 785
19 627
4 538
0 257
0 82
0 4
0 23
0 206
0 313
0 393
3 416
0 474
15 514
13 576
18 601
16 609
19 713
16 825
14 638
14 671
13 794
20 795
25 786
28 822
21 496
6 322
31 607
29 645
19 725
29 829
8 866
7 803
14 732
22 686
23 802
15 884
18 1138
7 871
0 464
4 886
18 881
16 1059
30 1242
10 967
6 982
10 998
32 800
20 738
22 651
9 764
3 616
14 759
18 923
21 882
11 1017
2 1013
6 1040
15 1002
16 891
15 772
10 885
13 801
0 1071
4 809
0 921
1 1234
11 1112
20 1161
18 769
21 837
17 888
4 972
5 954
12 939
29 887
21 648
34 249
30 350
41 616
30 909
10 1030
3 938
50 911
122 912
322 862
94 737
23 794
48 1079
78 893
18 308
5 1101
25 979
154 988
102 939
228 1156
159 1379
122 1661
51 1766
110 1664
60 1426
26 1461
73 1753
117 1757
211 1674
357 1335
389 1222
598 1334
632 1368
780 1015
692 799
814 709
801 682
923 548
843 540
969 461
957 413
765 488
567 1454
299 1064
141 1362
88 1392
92 1223
10 1274
62 1761
14 2211
31 1997
41 1766
24 1226
59 699
50 182
34 64
54 257
60 494
69 180
61 74
78 56
68 164
88 356
116 506
209 355
229 301
239 207
128 396
107 246
58 200
46 131
23 219
53 389
54 264
82 389
21 547
90 607
67 186
195 44
265 15
303 20
352 76
369 49
381 123
409 109
439 140
312 127
234 184
105 103
62 93
4 102
1 104
5 199
12 27
0 63
0 63
0 60
0 140
6 84
5 90
5 23
8 2
0 17
0 0
9 3
24 0
6 0
4 3
2 0
0 8
0 8
2 9
27 2
0 13
14 0
0 0
1 0
12 40
0 0
0 0
1 0
0 0
38 2
12 0
16 0
43 6
55 0
69 4
35 0
26 1
7 0
5 0
4 0
8 0
3 0
0 0
19 1
21 0
0 0
0 0
0 0
21 0
20 86
0 0
0 0
0 0
0 0
0 5
0 4
25 10
0 7
0 4
12 9
25 1
73 5
62 3
181 11
209 3
365 6
569 7
741 1
768 0
726 0
609 0
409 4
292 9
132 1
61 25
11 9
0 0
12 0
10 0
42 0
42 0
49 0
63 0
30 2
40 0
1 0
39 0
20 0
2 1
29 0
0 6
7 14
2 44
1 7
0 35
6 114
1 217
0 170
0 301
12 284
35 126
32 353
19 618
49 474
20 294
42 23
75 64
9 317
6 522
4 515
0 123
1 55
5 76
0 105
16 65
0 25
3 13
0 1
19 30
12 46
14 36
7 8
45 21
7 49
0 119
0 0
4 18
14 86
28 180
1 80
40 31
8 88
5 274
20 144
11 24
7 20
4 299
0 417
1 58
5 93
14 267
4 299
9 59
2 2
1 90
4 416
0 436
0 47
0 22
3 369
0 82
0 46
0 29
5 65
1 128
1 25
0 105
1 188
1 20
0 28
1 133
14 137
0 79
0 97
0 79
0 13
14 48
4 6
26 11
45 10
47 5
23 0
80 3
10 0
57 56
2 0
5 0
17 0
42 0
17 0
24 0
7 1
8 0
0 0
2 0
10 1
0 0
0 1
0 0
0 0
0 0
0 0
17 0
11 10
0 0
0 0
3 0
3 0
0 0
0 94
0 4
0 0
0 0
2 0
1 0
8 0
2 0
0 0
0 0
0 0
0 0
0 0
0 0
0 0
4 0
0 0
0 0
0 0
0 0
0 0
0 0
0 0
0 0
0 0
5 37
0 0
2 0
0 0
0 0
0 0
0 0
0 0
0 0
5 0
27 0
0 0
0 0
0 0
7 0
0 0
0 0
14 0
2 0
1 0
0 0
0 0
0 0
0 0
0 0
2 67
0 0
0 0
4 0
0 1
15 0
5 0
13 0
1 0
6 0
0 0
0 0
5 0
0 0
0 0
0 0
2 0
0 0
23 0
0 1
0 0
5 0
3 0
7 0
0 0
7 52
36 0
87 1
16 0
19 0
29 4
26 0
0 0
4 0
14 0
3 0
6 0
0 0
8 0
12 0
5 0
34 0
11 0
2 0
2 0
16 0
0 0
0 0
0 0
0 0
11 48
16 0
0 6
0 0
0 0
7 0
0 0
0 0
0 0
0 0
0 0
0 0
8 0
3 0
0 0
0 0
0 0
2 0
0 0
0 0
0 0
3 0
14 0
0 0
10 0
