"pat" "th"
1 201
14 190
0 113
0 277
0 412
0 299
1 271
0 204
0 311
0 304
0 280
0 131
0 286
0 317
1 325
0 239
0 95
0 24
3 277
0 407
0 662
1 770
0 1414
0 2619
0 3566
0 4110
0 3901
8 3524
14 3530
11 3346
10 3108
41 2597
3 1594
0 1058
4 1127
3 626
0 676
3 591
2 958
5 1441
2 1781
2 2165
4 2190
3 2966
0 3601
0 3575
0 2686
0 2997
0 1311
0 1059
0 524
0 97
0 121
0 37
0 0
0 1
4 3
0 0
0 0
0 0
0 0
0 2
0 5
1 2
1 0
0 0
0 2
0 0
0 7
0 0
0 0
0 8
0 13
0 3
0 0
0 0
0 0
0 0
0 1
0 4
0 1
1 0
0 0
40 0
0 9
9 0
18 0
6 0
0 0
0 0
0 0
0 0
0 14
0 74
0 34
0 2
20 0
39 0
0 3
13 0
13 0
0 0
0 0
0 1
0 0
0 0
1 2
0 0
0 0
0 16
0 1
0 128
0 1040
0 2175
0 3560
0 4525
0 4700
2 4508
7 3550
7 2705
0 2220
0 2105
0 2021
0 1875
0 1779
0 1358
0 719
0 183
25 344
21 369
3 478
37 608
10 907
0 1417
0 1620
0 1623
0 1481
2 1016
45 309
49 21
106 161
206 485
211 566
197 446
125 249
8 200
3 218
4 240
1 184
0 62
0 22
0 28
1 7
1 12
2 27
15 146
10 288
0 326
0 378
1 520
0 479
2 383
0 265
0 67
0 11
0 22
0 14
0 3
0 1
0 0
0 27
0 7
0 42
0 407
0 726
0 1059
0 1097
0 1020
0 1069
1 1142
0 1153
11 1189
0 1068
0 1068
0 839
0 483
0 611
0 703
0 651
0 605
0 836
0 853
0 819
0 391
6 230
35 441
0 403
23 330
0 63
0 3
0 2
0 0
0 1
0 6
0 0
0 14
6 31
0 121
0 149
0 415
0 772
0 814
0 751
0 794
0 631
0 511
0 428
0 279
0 162
0 77
0 45
0 83
0 30
0 59
0 16
0 44
0 2
0 8
0 0
0 6
1 0
4 3
0 0
0 0
0 5
0 27
0 32
0 48
0 121
0 237
0 529
0 893
0 1071
0 931
7 784
12 907
97 841
243 446
423 1036
603 1246
776 1176
1297 880
2593 570
4170 191
4209 161
4596 348
5774 437
6737 305
7779 182
8845 333
10684 488
11117 575
10299 298
10035 272
8489 559
8747 726
7442 903
8262 1245
7782 1568
8461 2024
7603 2388
8353 2674
7290 3157
8381 3141
6817 3592
7365 4013
6128 4633
6402 5236
4631 5104
4811 4746
2601 4582
2637 5030
1210 5424
1725 4919
1117 4818
995 4919
326 5569
650 6270
534 6847
725 7404
495 8021
502 8243
974 7764
870 6721
1530 5486
880 4731
1062 4130
1229 3688
1546 2730
1284 2242
1332 1700
1377 1319
1486 1138
1529 1037
1465 993
1466 750
1825 788
1562 603
1986 1037
2119 1209
1950 1684
1633 1628
1196 1651
1111 1451
887 1341
808 1133
801 940
574 626
542 573
365 525
194 654
136 726
154 873
175 1354
213 1730
124 1816
128 2322
38 2571
104 2585
278 2877
192 2933
222 3107
37 3365
56 4251
119 4754
33 4891
114 5204
139 5336
357 4788
215 4522
155 4155
419 3765
460 3376
727 3009
427 2267
585 1891
251 1486
615 923
557 646
1843 351
1253 114
2395 463
1831 1019
3071 1308
2328 1603
3251 1800
3097 2612
3404 3024
2787 3589
3778 3986
3263 4480
4083 4941
3160 5654
4255 6022
3120 6541
4467 6555
4024 5759
4373 5483
3977 5067
3776 4679
3727 4216
3555 3944
3518 3404
3686 3095
3423 2242
3819 2145
4332 2025
4500 1739
3465 1918
2584 1589
2327 1792
2699 1762
1801 1492
1590 1298
927 1206
558 1256
397 1111
226 1036
145 739
132 762
93 537
88 418
151 326
129 231
164 337
210 686
579 1095
1200 1353
883 1666
466 1898
983 1876
962 1664
786 1562
856 1198
426 1068
487 819
795 670
900 404
1147 250
1248 107
1380 53
1414 3
1310 0
1488 0
1288 0
880 0
1569 0
1679 0
2478 5
2286 10
2603 0
2386 0
2530 0
2165 0
2707 3
2027 1
2460 12
1905 6
2137 3
1386 0
2435 2
2401 6
2402 9
2054 4
2257 5
1248 0
1586 4
413 2
832 0
610 0
802 0
450 0
374 0
392 0
516 0
438 0
571 14
634 36
740 0
658 2
546 0
591 0
678 1
632 0
325 0
671 1
1142 8
640 0
550 1
468 0
478 0
437 0
567 0
340 0
505 0
359 0
727 0
708 0
622 2
377 0
430 0
427 0
383 0
339 0
315 0
365 0
354 0
604 1
510 0
742 0
788 0
1436 3
848 0
902 0
834 0
907 2
914 0
840 0
822 0
1003 1
879 0
705 0
1257 0
962 0
729 0
474 0
885 0
650 1
391 0
510 0
460 0
296 0
174 0
302 0
519 0
585 0
758 0
587 0
934 0
1127 0
1429 0
1792 0
1877 0
1925 0
1962 0
2363 0
2636 0
2894 0
2914 3
2936 1
2377 0
2563 2
2470 2
2852 5
2464 3
2270 8
2326 2
1957 5
2095 0
3210 0
3414 0
2608 0
2334 0
2678 0
2433 0
3348 4
4138 6
4229 7
4510 4
4305 5
3893 0
3908 4
3307 28
2202 1
1395 0
1230 0
1677 0
1761 0
2148 1
2321 0
2738 3
2472 3
4094 9
4636 6
5647 27
4836 17
5765 21
4968 20
5851 22
4884 20
5962 30
5419 25
5091 22
3605 16
4354 23
3204 40
4468 58
2853 52
2869 84
1685 57
2684 65
1565 7
2251 19
1146 0
1982 7
1323 2
1536 7
1337 0
2199 9
1123 0
1777 5
1089 2
1246 6
1012 0
1077 1
801 0
998 6
714 0
1140 0
1491 0
1158 0
1158 0
1040 0
1041 0
711 0
409 0
536 0
597 0
626 0
768 0
790 0
712 0
893 0
666 0
810 0
648 0
319 2
268 0
313 0
507 0
523 0
588 0
238 0
309 5
352 0
573 0
556 0
433 0
362 0
482 0
490 0
512 0
249 9
80 9
258 10
293 0
260 77
485 47
259 30
429 36
325 47
955 15
458 0
861 3
311 1
495 3
336 0
313 2
556 2
979 0
519 0
363 0
441 0
360 0
362 0
251 0
186 0
66 0
130 0
164 0
310 0
42 0
260 0
110 0
59 0
77 0
176 0
73 0
403 0
559 0
568 0
358 0
776 3
787 3
1166 6
1607 10
1513 3
1786 0
2469 2
2623 9
3782 18
5001 29
5164 24
4600 17
4868 12
3804 5
4298 8
4394 15
2822 7
2524 1
3563 5
5331 18
4909 18
4886 27
4772 17
3815 7
4131 9
3976 20
3155 12
3357 7
4428 24
5225 17
5976 19
4271 27
3244 21
2682 10
2956 24
3905 35
2381 7
2264 8
2674 16
2403 17
2079 9
1751 3
1414 5
1767 7
1823 8
1674 2
1694 0
1564 6
1462 93
1402 235
1158 349
952 387
649 368
671 219
622 144
829 394
873 394
981 257
1170 127
1303 19
1157 115
1112 27
1212 2
1584 25
1687 0
2320 56
2649 22
3443 15
3181 29
3997 23
3199 12
3881 19
3567 17
4228 14
3510 10
4327 19
3289 20
4322 24
3813 23
4173 27
3371 26
3831 17
3051 20
3798 34
3414 103
4044 190
3676 196
3851 91
2768 15
3347 22
2568 18
3012 28
2418 27
3106 18
2714 110
2233 330
2574 897
2586 1453
2431 1758
2426 1732
2478 1571
2131 1183
2245 1548
2077 2372
2301 3173
2212 4115
2268 4895
2121 5659
2002 5706
2214 5598
1913 5787
2043 5882
1807 6060
1844 6021
1636 5522
1697 4487
1306 3946
1496 3070
1092 2244
1460 1686
610 822
694 376
299 349
138 500
51 688
42 676
212 860
690 1008
1310 1342
2091 1588
2893 1801
3660 2035
4259 2121
4666 2556
4906 3004
5098 3292
5124 3407
5523 3574
4515 3758
4696 3962
4136 3846
4188 3806
4165 3437
4261 3233
3873 3264
3393 2733
3072 2529
3034 2291
2398 1997
2008 1857
1688 1693
1390 1524
1119 1481
674 1020
300 1051
315 828
479 504
576 451
788 472
1266 455
2004 506
3044 535
3953 265
4514 446
5059 235
5824 240
6397 144
6786 99
7309 141
7324 118
8053 79
7532 128
8119 194
7352 277
7863 296
7026 301
7427 328
6411 256
6906 326
5913 344
6050 394
5111 399
5218 397
3394 373
3980 241
2297 397
2854 349
1315 235
1979 393
897 731
1370 867
1087 1194
1194 1405
1317 1298
2131 946
3964 724
5282 497
6841 413
6510 372
7622 457
7492 509
8070 280
7697 126
8675 177
7464 243
8427 189
7967 414
9453 531
9580 351
10487 292
10251 152
11299 225
11171 316
11823 295
11784 223
12454 183
11613 487
11559 275
11194 257
10879 265
10492 91
10461 127
10611 53
10052 58
9566 71
8992 78
8004 156
6739 58
5374 47
5035 53
4921 19
4533 41
4268 85
4719 34
4204 9
4137 21
4376 8
3907 19
3397 14
2519 66
1749 342
1670 627
1927 906
1950 914
2478 938
2401 728
2933 972
3386 1310
4007 1509
3676 1471
3387 2013
3562 1520
3796 1003
4089 757
4341 581
4573 641
4368 417
4211 209
3490 118
1833 127
1237 170
1186 141
1628 55
1623 17
1237 241
865 283
234 260
363 147
611 145
1318 169
2482 66
2562 57
3479 70
3394 209
4336 197
4313 181
5454 235
5453 173
6074 381
6005 329
6679 311
6658 212
7213 245
7378 323
8297 205
7791 121
8034 230
6775 38
6306 56
4347 132
4342 284
2601 86
3376 111
3253 81
3729 55
2406 134
2188 59
1403 73
833 1
736 20
875 29
1314 1
1470 0
1499 59
1188 237
692 182
262 93
450 0
402 52
215 17
112 21
327 13
729 0
1765 10
2554 8
2117 4
1987 0
1992 0
2280 0
2073 0
1492 0
1382 1
1281 14
1195 0
1254 0
1347 0
1194 0
1366 2
860 1
907 0
817 3
1692 0
1783 14
2863 2
2650 1
3850 3
3457 5
4858 38
4723 192
5310 310
4794 306
5359 268
4868 198
4960 204
4569 280
4237 289
3961 349
3764 236
3284 257
3911 197
2741 197
2473 268
2362 217
3212 220
4438 190
5369 201
6054 247
6321 284
8020 252
10264 350
11899 341
12052 398
11938 270
11092 233
11087 195
10481 160
10472 174
10347 150
9904 287
9793 245
9322 317
9196 315
8802 194
8481 375
7990 355
7565 487
7732 807
7288 1163
7147 1982
6013 2940
6282 2758
5673 2832
5834 2396
5087 2186
5327 2050
3880 1558
3711 1312
2962 758
2981 712
2892 776
2862 609
3310 605
2997 744
2894 721
2840 1078
2506 815
2287 862
1832 931
1663 1011
1134 1368
939 1601
455 1750
433 1982
294 2162
566 2434
907 2873
1576 2844
1597 2837
2050 2921
1746 2608
1904 2442
1483 1955
1442 1505
848 1539
855 1162
547 1447
704 1589
569 1141
682 1614
591 2050
469 1925
322 2161
562 2220
272 2035
386 1173
151 1490
196 1382
47 1602
207 1595
59 1994
383 2155
277 2641
648 2790
287 3226
327 3172
62 3552
170 4344
867 5255
1644 5957
1825 6451
1753 5734
1950 4623
2586 3738
2479 3206
2829 3450
1740 2918
1577 2243
1007 1473
864 788
599 710
857 889
912 1344
1018 1634
371 1697
543 1974
446 1993
415 2262
493 2531
560 2631
494 2897
509 2810
458 2995
276 3049
197 2921
235 3009
342 3004
430 3154
318 3276
142 3003
859 3410
869 2878
1108 2516
827 2331
486 2369
118 2541
180 2773
403 2776
609 2863
962 3090
1575 3421
2200 3750
3894 3739
4184 3833
4893 3354
4249 2595
4918 2368
4657 2125
4830 1621
4015 1270
4769 1247
4263 1447
4890 1512
4780 1426
5320 1361
5497 1144
5414 882
5571 570
5948 383
5476 377
5796 764
4561 770
4515 689
3530 762
3934 773
2594 813
2966 926
1319 1089
1586 1194
782 1136
1074 1097
984 1113
927 1261
1203 1389
1100 1429
2033 1650
1748 1720
2942 1498
2349 1733
4036 1550
4681 1499
5506 1138
5560 957
6395 733
5632 657
6815 715
5703 1106
6700 1139
5481 1235
5310 1401
3856 1703
4979 2242
4075 2383
5355 2230
4751 2624
6378 2591
5323 2298
6513 2342
6123 2390
6483 2163
5484 1741
4952 1474
4098 1498
3538 1445
3561 1580
3622 1827
2831 1918
2882 2179
3302 2382
3945 2634
3928 2672
3363 2790
3717 2719
3670 2529
3861 2393
4252 1962
4535 1768
5549 1602
4865 1373
3166 1138
1824 1045
1490 776
2670 719
3264 704
3439 758
2658 822
2587 666
2936 515
3239 537
3349 374
4426 292
4482 189
5320 440
4725 523
4077 623
3453 659
3075 693
4072 672
5327 788
4156 723
2915 716
2895 719
3585 699
3895 735
3884 755
3572 483
2897 351
3067 515
3042 634
3151 660
2605 676
1881 793
2032 640
1959 398
2127 183
2007 292
979 572
766 1031
781 1392
615 1872
293 2315
487 2751
254 3361
427 3513
421 3367
601 2883
605 2264
660 1752
1136 1356
1037 1188
1657 1570
2299 2031
2508 2245
2272 2324
2661 2321
3089 2379
4070 2422
4342 2694
5546 2933
4028 3203
4277 3462
2025 3584
3108 3884
1980 3775
2345 3544
1898 2962
2709 2755
1982 2468
2642 2132
1462 1682
2481 1433
1220 1188
1568 1190
1318 1385
1523 1443
660 1844
439 1963
621 2118
926 2242
804 2319
504 2444
175 2761
136 2857
61 3060
74 3075
83 2984
26 3179
66 3601
79 3898
63 3804
44 3782
26 3726
0 3181
9 3407
8 3634
23 3686
13 3610
13 3399
10 2808
6 2546
13 2614
15 2630
17 2169
7 1726
5 1251
15 1185
49 1016
12 824
3 693
11 705
29 957
10 1811
9 1791
7 2013
3 2004
4 1776
6 1518
1 1330
2 1503
5 1910
3 1692
4 1630
5 1503
0 2133
2 2603
1 2866
0 2993
11 2737
3 2222
6 1946
6 1584
5 1271
8 792
9 414
8 264
27 268
5 299
3 351
6 551
5 780
22 1214
62 1365
57 1552
39 1798
22 1866
15 1897
9 1634
11 1525
2 1442
7 1663
7 1789
5 2228
4 2474
3 2399
6 2230
5 1594
5 783
1 650
3 619
1 265
64 674
19 810
3 1006
1 909
5 954
9 732
8 510
6 360
4 557
21 1105
11 1455
14 1932
21 2462
47 2755
21 3253
29 3536
27 3735
27 3237
21 2963
17 3136
31 3359
23 3333
34 3691
46 3585
27 3493
32 3237
22 2190
20 2211
22 2081
30 1970
29 1755
11 1351
4 853
6 526
9 380
5 534
18 525
11 361
5 69
5 189
10 430
25 785
58 825
18 408
10 275
13 396
22 610
36 549
30 405
31 237
63 292
28 115
0 57
13 177
5 224
38 523
68 812
230 1255
195 1717
223 2367
149 2995
163 3492
80 4337
111 4775
92 4836
60 4809
85 4976
90 5037
184 5131
227 4597
216 4304
91 3959
31 3726
62 3412
35 2958
93 2355
9 2223
54 1971
36 2013
50 2249
4 2197
23 1935
20 1272
3 1105
0 1037
28 892
70 705
52 487
6 508
0 794
15 854
8 860
2 686
3 400
13 358
35 273
90 333
180 318
44 295
57 191
93 178
56 110
134 98
12 31
5 12
76 15
45 0
20 11
10 1
27 4
4 1
24 0
15 2
9 0
2 0
229 0
555 0
795 1
711 0
914 0
904 2
850 2
460 0
193 0
80 35
152 142
104 247
175 154
360 78
600 36
735 2
955 11
1059 13
1184 0
1171 0
1120 12
934 3
724 6
485 1
327 0
116 0
175 0
163 0
83 0
6 0
51 0
132 0
2 0
53 0
10 0
150 0
59 0
70 0
32 0
123 6
75 0
4 5
25 0
64 0
116 0
49 49
1 200
21 108
66 197
46 410
10 293
6 215
6 146
67 8
25 8
5 315
13 400
36 249
20 82
15 79
83 175
70 183
53 180
1 22
75 2
96 162
2 58
6 46
37 30
56 126
16 138
17 104
19 7
0 57
24 58
62 114
16 76
7 163
56 477
63 631
5 708
22 689
94 587
83 442
42 393
13 228
28 2
10 17
0 21
0 89
4 93
1 84
2 102
34 77
22 14
57 1
108 0
142 0
62 0
20 0
19 0
1 0
0 0
0 0
9 0
0 4
0 3
1 148
10 266
10 443
16 663
2 757
5 737
0 434
0 150
0 0
5 4
2 0
0 8
0 12
0 0
0 1
0 0
0 0
0 0
4 1
21 4
26 20
0 58
6 167
43 263
66 321
22 216
0 90
74 27
111 61
42 53
3 27
37 0
111 7
52 87
8 126
22 62
93 20
81 46
17 126
6 93
56 18
99 2
53 109
1 241
0 124
111 25
113 32
72 199
12 246
12 220
115 140
107 51
11 8
2 15
72 26
145 22
75 43
5 17
7 0
75 0
53 0
5 1
11 0
86 0
74 0
32 0
8 0
24 0
67 0
6 0
0 0
0 0
37 0
8 0
0 0
0 0
0 0
6 0
0 0
0 0
0 0
8 0
1 0
0 0
0 0
0 0
0 0
0 0
0 0
0 0
0 0
0 28
0 19
2 80
3 324
10 402
9 298
8 213
0 268
33 496
7 522
16 447
12 54
3 25
0 4
0 5
0 4
0 0
0 0
0 0
0 0
0 0
0 0
0 0
0 0
4 0
0 0
0 0
1 0
1 0
5 0
0 0
0 0
0 0
0 0
6 0
49 0
19 0
10 0
0 0
4 0
33 0
12 0
0 0
2 0
38 0
215 0
371 0
657 0
783 0
787 1
802 0
794 0
832 2
798 0
840 1
791 0
519 0
186 1
77 41
434 141
1020 182
618 50
814 28
641 171
576 282
769 175
193 51
815 18
319 188
367 180
124 76
37 29
44 229
245 384
119 450
10 411
54 298
97 213
84 219
7 457
124 691
129 962
72 1028
7 732
8 316
120 477
57 754
51 727
20 718
9 287
37 141
30 42
0 19
0 97
17 60
41 33
4 4
6 0
0 0
3 0
7 0
9 0
0 0
0 4
41 10
40 4
15 30
0 6
56 10
114 18
57 23
0 56
44 133
87 255
46 302
0 252
10 234
96 224
99 452
47 414
3 470
42 292
88 100
73 35
0 24
35 3
40 0
6 7
8 5
0 10
7 53
4 198
2 258
6 340
7 588
7 766
6 771
7 733
3 571
1 484
2 238
4 142
7 94
0 66
0 33
0 70
0 7
0 39
0 13
0 3
0 0
0 0
0 0
0 0
0 1
0 0
0 0
0 0
15 0
44 0
35 0
25 0
32 0
2 0
0 0
20 0
4 0
4 0
12 60
49 183
33 253
27 228
8 173
16 82
16 25
17 6
13 11
6 0
6 0
0 0
0 1
225 108
982 622
1555 1840
2403 2891
2904 2814
2595 2175
2123 2200
1722 2656
1867 3401
2011 3898
2142 4175
2143 4270
1880 4532
1819 4428
1728 4311
1821 3793
1619 3583
1486 3308
1235 3026
944 2505
944 2041
904 2180
760 2015
566 1626
592 1338
437 945
529 1221
434 1437
444 1776
671 1727
449 1689
1154 1445
367 1357
503 1172
318 749
478 521
149 344
309 360
102 420
274 500
169 580
208 442
259 328
478 418
555 543
620 531
493 448
854 464
686 370
1414 498
1380 667
2415 794
1753 943
2221 903
1309 681
1531 382
1140 205
1075 278
1227 291
1191 195
943 471
1215 941
1701 1063
2818 1135
3195 1187
3051 1130
2676 959
2461 932
1990 993
1907 1457
1688 1751
2097 1956
2358 2124
2646 2091
1867 1980
2153 1906
1672 1783
1311 1512
949 1369
889 1080
1404 1338
1730 1857
1266 1997
1456 2507
1576 2926
1198 3194
1358 3622
1491 3862
1187 3705
1316 3299
1289 2305
1297 1718
1202 1854
1333 1518
1168 1619
838 1726
718 1530
568 1014
340 824
677 792
948 738
1412 594
2478 477
3835 346
6081 230
7457 202
8677 290
7047 101
8319 141
8384 86
10275 100
10307 84
12042 83
13217 96
14664 66
15555 60
16695 85
16265 117
15706 172
14587 258
13727 574
12799 940
11929 1652
11095 1912
10025 1953
8642 2212
8193 2548
7365 2701
7052 3027
6212 3016
5855 3089
5307 2925
4302 2597
3555 2444
2895 2206
2354 2225
2235 2012
2169 1587
1859 1230
1814 777
1852 1113
1628 916
1661 657
1203 288
1679 109
1330 168
1633 124
1365 165
1741 143
1145 210
1355 428
761 494
946 662
514 876
789 1127
509 1676
802 2708
546 3265
611 3723
363 4214
350 4484
341 4228
406 3827
147 3539
262 2901
318 2444
475 2020
584 2210
766 2600
776 2837
702 2562
659 2378
726 1734
666 1818
747 1637
602 1640
1067 1848
1404 1623
1732 1474
1625 1389
1649 1075
1505 1002
1080 1381
1227 1692
976 1940
607 2136
832 2170
709 2713
890 3467
625 4407
805 5446
477 6393
653 7328
540 8099
792 8492
352 8770
748 8937
315 9099
553 8291
271 8281
266 7994
179 7750
141 7161
124 7149
120 5971
58 5032
79 3841
29 2704
108 2554
82 2335
0 1986
97 1719
6 1437
0 744
0 483
0 506
0 793
10 1005
3 1124
7 1283
2 1197
6 870
106 522
29 330
11 494
7 1043
4 1842
55 1860
0 1513
2 204
13 347
16 565
0 366
0 350
0 397
0 357
0 296
0 293
0 361
0 255
0 212
0 140
48 62
178 4
214 3
74 4
73 0
6 0
29 0
26 0
17 0
13 0
5 0
7 0
9 0
7 0
22 0
66 0
12 0
5 0
20 0
2 0
0 0
0 0
1 0
1 0
0 1
15 0
5 0
3 0
0 0
7 0
12 0
0 0
6 0
3 0
2 0
9 0
6 0
0 0
0 0
12 0
0 0
0 0
5 0
0 0
0 0
8 0
91 0
65 0
0 0
32 0
13 0
160 0
446 0
595 0
697 0
607 0
435 0
289 0
363 10
319 0
390 0
286 0
158 0
149 0
185 28
135 37
145 18
215 30
150 11
60 0
7 0
109 0
175 0
58 0
54 0
11 0
0 0
4 452
0 1040
1 1573
19 2330
25 3438
33 4231
14 4415
1 4929
44 4686
17 4368
11 4655
20 5004
39 5429
25 6184
28 7343
24 8596
29 9333
46 9776
37 8319
44 6255
31 4441
65 3223
269 3852
388 5177
396 6560
628 7617
611 9041
566 11206
233 13153
197 14353
263 15305
268 15856
138 16478
166 16603
197 16677
251 18236
249 20778
238 21222
182 20468
143 19028
136 16609
114 15410
86 14010
73 12870
89 11673
250 10778
1541 10428
8231 11906
12073 13379
17078 13933
20958 12418
24385 10847
29895 10934
35039 9327
33891 7536
29463 7291
25395 7922
22717 8452
17563 8312
11486 8732
9366 10260
7071 11910
3152 13067
349 14383
137 14672
154 14906
134 17068
138 18911
135 21571
135 22062
105 22518
191 21892
198 18910
179 15844
187 14268
139 16354
141 18201
150 19211
176 19728
169 19919
179 19601
129 18732
521 16285
5614 13336
11707 10377
16273 7740
20439 6015
23103 5442
23085 4447
21048 3437
20926 2386
20785 1961
17616 1708
16283 2012
16050 2809
14120 4411
13027 6396
11717 10151
10231 11583
9596 13416
8904 15261
7764 16488
7314 17188
5908 17879
4688 19036
2991 18263
1325 16049
890 14888
630 14161
246 13179
93 11870
76 10285
102 9274
92 7455
87 7019
44 6664
57 6690
42 6467
30 5916
51 6947
53 7338
34 7488
41 7774
48 7334
32 7054
45 6918
46 6535
37 5801
37 5242
53 4862
74 4132
29 3157
24 2993
19 3803
36 4263
30 4584
19 4547
51 4237
25 3196
24 2826
32 3001
59 3365
103 3505
230 3547
291 3261
306 2837
267 2196
161 1830
73 1566
48 1659
58 1624
33 1647
22 1605
55 1821
48 2220
46 2553
76 2653
70 2694
83 2839
40 2849
31 2893
87 2837
46 2852
34 2846
21 2837
20 2907
16 2731
10 2554
13 2372
65 2513
33 2855
18 2873
25 3033
34 3187
28 3354
77 3280
124 3307
70 3139
27 3068
21 3177
52 3047
33 3062
43 3114
45 3151
21 2847
12 2330
6 1584
14 823
52 394
7 451
17 740
33 822
9 1074
16 1204
12 1270
26 1190
10 901
39 798
21 771
10 441
5 418
6 424
3 701
84 761
23 611
6 545
5 261
23 211
7 204
6 352
6 401
4 198
20 92
202 1
310 30
177 0
41 4
83 0
22 0
16 0
2 0
0 0
0 1
12 16
6 29
15 18
0 30
1 90
9 175
34 111
25 86
1 118
0 74
3 110
19 129
1 118
3 110
11 115
23 58
2 129
12 69
17 51
0 38
0 28
0 22
4 27
43 53
19 64
4 42
0 60
1 48
0 67
1 61
0 44
35 4
172 0
406 0
292 1
683 21
993 50
1131 118
1097 291
934 435
733 449
442 616
93 557
42 587
54 540
183 687
91 649
153 625
116 422
15 448
13 507
83 424
31 501
33 593
82 666
16 849
35 1015
76 1088
30 1139
58 1296
45 1268
27 1153
40 1054
9 1172
50 1332
34 1865
24 2531
33 3008
27 3144
25 3525
68 3657
29 4096
38 4362
71 4451
54 4044
39 3661
127 3559
72 3886
35 4917
62 5091
171 5213
138 5489
72 5222
27 4827
26 5025
37 5292
54 5001
64 4712
24 4901
32 5024
45 4989
107 5205
25 5186
24 4960
109 4315
175 3811
183 3173
244 3050
268 2860
565 2227
1009 1199
1322 1219
1797 1379
2212 1424
2512 983
2706 1276
2924 1544
2798 1536
2672 1542
2484 1542
2316 1233
2340 1040
2145 972
2106 961
2223 2180
1905 3036
1845 3280
1844 1287
1875 1113
1896 1899
1991 1654
2340 902
2330 1097
2211 1116
2321 506
2309 774
2055 807
2081 429
1978 328
2008 299
2078 276
2649 278
2747 483
2645 691
2436 946
2464 1169
2242 1602
2381 1903
2520 1940
3193 1949
2819 1366
2805 922
3008 669
2709 420
2838 195
2519 206
2474 158
1975 828
2103 1694
1403 2522
1303 3397
708 4336
1017 5253
1070 6324
897 7827
532 9791
989 11124
885 12229
625 13280
1563 13462
2092 13485
2934 12438
2902 11136
3102 9158
3081 7879
3895 6506
4412 5511
4696 4857
5257 4159
5745 3704
6235 3381
6907 3375
7866 3245
8954 3042
10157 2502
11046 2431
11688 2213
11834 2052
12646 2516
12781 3181
12546 3553
12377 3980
10977 4545
10333 4954
8261 5717
7844 6085
5804 5954
5153 5511
2968 5369
3088 5443
1839 5138
1661 5337
1278 5345
1230 5077
909 4892
932 4911
844 4431
826 4133
812 3874
2241 3374
1805 2782
1310 2176
1353 2195
1482 1921
1662 2083
1838 2463
1830 1854
939 1117
631 1271
694 1205
661 694
608 788
872 912
889 736
1982 708
1386 328
2250 683
2600 901
3129 950
2590 1125
2736 1055
2416 913
2610 797
2274 536
2532 287
1452 252
1469 261
648 926
862 869
308 1063
232 991
136 1072
139 765
244 557
268 361
488 213
368 267
571 325
451 455
659 479
332 501
464 950
703 1175
1510 1728
1835 2307
2886 2465
3563 2816
4510 2097
5840 934
6866 981
6881 1223
7179 999
7260 665
7497 505
6842 491
6837 785
6381 945
5749 1659
5839 1368
5824 696
6117 786
6156 1050
6139 1139
6180 1295
6315 1736
6150 1462
5509 1154
6146 710
4999 688
5292 522
4731 556
6352 667
5588 1322
6077 960
5877 766
6617 555
5722 551
6197 762
5807 874
6716 1087
6068 1141
7047 1170
6065 1435
5955 1718
4562 1645
4147 1486
3159 820
3712 661
3141 739
4478 1004
3543 976
4605 955
3645 1358
4082 1745
2550 2015
2176 1747
1977 1771
1229 2100
1679 3274
1290 4287
2578 4600
1925 4787
2713 4860
2588 4887
3740 3607
2406 2709
2708 2306
1332 2305
1118 2554
1289 2557
1145 2417
831 2530
360 3260
215 4420
625 4899
311 4560
342 4643
368 4917
199 4459
256 3998
303 3895
177 3397
50 1568
40 1743
94 1666
279 2603
333 2941
351 3178
161 3060
29 2316
340 1842
384 1646
1293 2009
282 2436
34 2456
147 2191
277 1948
568 1824
1239 1588
2044 1235
2744 777
2713 514
3595 707
3352 699
3396 668
2526 564
2718 416
2883 318
2224 758
2034 1840
2127 3002
2099 4034
2210 4794
2414 5330
2137 6125
2002 6243
1901 4826
2137 3556
1907 2550
1890 1420
2027 1541
1985 2018
1977 2044
1948 1356
1955 846
1237 1005
1536 843
1395 409
1590 807
1552 928
1833 1135
2626 1396
3477 1693
4265 2259
5688 2597
6274 2383
6387 2246
6132 2358
5734 2277
5905 2283
5251 2105
4866 2067
5117 1556
4871 426
5175 643
5423 442
5585 912
5661 599
5996 428
5799 461
5002 183
5605 165
6016 135
5978 66
4891 103
2643 59
2717 41
3794 68
5352 89
4721 106
3647 66
1186 21
1732 17
1325 12
1996 24
2354 40
2182 25
2965 27
1711 17
966 8
1078 12
3328 37
4913 83
3185 33
2124 30
808 38
897 156
158 231
114 217
709 91
491 88
985 115
576 97
696 138
191 85
44 84
30 144
6 181
68 155
94 55
167 43
118 1
83 6
9 1
214 3
2 0
57 0
11 0
47 0
72 5
13 0
0 2
0 0
0 0
0 11
44 24
34 25
87 25
69 1
53 155
62 442
90 755
87 820
77 1145
116 1549
151 1774
133 1448
102 1164
136 950
86 638
183 535
142 753
103 661
105 324
117 692
43 710
35 637
33 542
57 684
34 1031
22 1091
21 1152
69 815
61 254
39 221
18 326
17 67
20 117
41 123
75 115
66 40
25 34
10 18
13 86
0 37
2 70
0 121
7 42
10 45
22 29
1 9
19 15
14 4
4 2
2 22
0 2
0 7
0 11
11 6
5 43
4 97
1 79
17 3
1 0
18 7
1 2
5 22
4 0
16 0
25 0
55 0
15 6
6 22
0 1
6 4
2 16
17 45
4 33
24 6
47 0
9 0
30 0
9 0
0 0
0 0
0 0
5 0
0 0
12 0
0 0
4 0
0 0
1 0
0 0
0 0
0 0
15 0
14 0
20 0
44 0
1 0
0 6
0 0
4 0
3 0
0 0
0 0
0 0
5 0
2 0
16 19
55 38
7 70
0 106
12 40
1 23
5 159
3 182
5 359
4 288
3 135
1 44
0 95
0 32
15 120
6 229
5 336
2 117
0 39
0 45
1 136
0 23
0 47
0 113
0 123
0 210
0 575
10 948
16 1120
22 1375
30 1303
35 1150
40 870
19 715
9 588
11 616
11 616
10 542
4 672
23 798
7 533
5 443
30 166
12 133
44 289
34 351
27 484
21 799
15 859
22 623
13 338
8 677
0 734
2 740
6 571
6 393
3 258
3 329
3 308
3 205
2 93
1 46
3 15
8 230
10 598
15 881
36 1031
49 1523
30 1891
16 1564
7 836
7 560
1 433
5 594
4 352
4 260
1 63
1 173
16 87
5 138
11 73
8 32
7 80
14 16
5 48
14 0
27 0
30 0
28 0
16 7
0 0
30 16
108 0
230 0
259 0
200 0
24 0
3 0
28 0
70 0
67 0
49 1
1 0
9 0
37 0
0 0
13 0
81 0
39 0
28 2
9 34
0 13
2 5
4 24
14 71
2 232
7 562
15 1165
14 1467
22 1608
34 1256
42 896
25 612
10 482
7 374
6 224
2 148
7 217
8 464
21 696
42 1059
47 1679
23 1483
4 798
7 375
43 186
2 381
29 270
29 152
19 28
0 4
0 5
0 34
5 24
3 0
7 65
0 18
0 5
1 63
9 305
6 570
9 759
6 767
3 690
5 474
2 573
17 1333
30 2587
33 3254
46 3547
38 3579
32 3265
35 2765
40 2481
47 2329
32 2037
27 2429
24 2977
17 2461
9 1258
6 1071
20 2613
28 3500
61 3958
49 3908
50 4007
34 3271
15 2185
19 1917
5 908
14 1612
10 1093
4 557
1 520
0 257
0 211
1 143
1 174
33 170
18 354
17 1398
47 1874
49 2036
23 1856
33 1502
23 1004
21 626
12 462
6 264
0 77
5 184
24 260
38 384
27 741
29 961
38 1450
40 1936
54 2278
15 1842
4 800
5 437
6 825
5 602
11 243
10 28
0 2
8 46
4 100
0 68
0 12
2 25
0 47
1 21
2 144
3 276
2 179
0 29
3 10
2 50
1 68
2 103
2 13
0 1
0 0
2 27
0 1
0 4
0 0
0 0
3 1
0 0
0 1
0 2
0 1
0 0
0 0
0 0
2 2
0 0
0 2
0 4
0 0
0 0
0 0
2 26
5 129
5 373
9 488
8 477
6 313
0 105
0 4
2 110
9 200
10 264
5 159
3 49
5 1
4 0
7 4
27 21
75 13
109 7
88 3
100 20
52 16
10 14
17 2
18 0
14 0
3 1
3 0
2 6
0 6
2 112
15 765
38 1239
33 1364
37 1386
53 1252
27 999
17 785
12 661
10 410
4 160
0 27
1 65
3 153
8 367
10 414
16 573
32 871
41 1296
36 1618
21 1502
15 1119
10 555
2 72
1 280
12 403
2 239
19 23
21 221
36 121
61 24
34 0
67 13
85 4
58 6
117 0
75 0
65 3
34 67
5 422
10 709
18 862
11 695
3 396
0 503
1 356
4 263
3 463
8 432
11 281
7 176
7 33
3 408
1 154
0 0
3 131
2 99
0 44
0 94
0 24
3 30
1 115
2 242
7 201
1 101
2 166
2 90
0 106
2 205
2 137
0 58
0 87
2 122
2 209
0 141
0 27
0 44
0 8
0 0
1 26
1 0
0 0
4 0
2 41
0 20
20 7
0 8
0 44
0 14
0 3
0 29
0 0
0 2
0 1
0 8
0 22
0 0
0 11
0 14
0 0
0 28
0 2
0 34
0 4
0 3
4 7
0 2
0 2
0 15
31 7
0 4
7 55
13 3
0 7
0 8
0 0
0 0
3 0
3 1
86 0
158 0
6 1
78 2
306 0
270 0
473 20
602 16
592 19
368 100
407 76
466 20
62 21
91 15
9 46
23 52
48 47
66 7
13 0
15 0
2 0
1 0
12 18
18 7
4 39
0 155
20 24
46 50
17 5
52 9
128 0
109 95
99 14
119 13
114 29
130 52
131 67
66 43
52 42
57 9
33 1
14 7
2 7
1 7
2 89
3 65
0 89
0 5
8 0
0 17
0 0
3 0
0 0
2 0
5 0
5 5
0 0
0 1
14 7
2 1
1 0
41 1
0 0
0 0
5 0
0 0
0 0
0 0
0 0
0 0
1 0
6 0
12 0
13 0
1 0
0 0
0 0
2 0
0 0
0 0
0 0
19 0
31 0
192 0
371 0
307 0
268 5
114 1
82 0
104 2
73 1
41 0
65 1
8 0
7 0
5 0
5 0
7 0
0 0
0 0
0 0
0 0
0 0
0 0
0 0
0 0
0 0
0 0
0 0
24 0
12 0
7 1
0 0
0 0
0 0
6 0
2 0
0 0
4 0
0 0
5 0
22 0
0 0
0 0
10 0
1 0
4 0
0 0
0 0
4 0
0 0
0 0
0 0
1 0
8 0
0 0
23 0
1 0
5 0
0 0
6 0
0 0
0 0
0 0
0 0
0 0
0 0
0 0
0 0
0 0
0 0
0 0
0 0
0 0
0 0
0 0
0 0
0 0
0 0
0 0
0 0
7 0
0 0
4 0
1 0
9 0
0 4
1 71
1 75
2 30
14 5
0 0
5 0
2 3
0 35
0 19
0 3
0 2
0 0
2 0
0 0
0 2
0 0
0 0
4 0
0 0
1 0
0 0
0 0
0 0
0 0
0 0
1 0
7 0
0 0
0 0
0 0
0 0
0 0
0 0
0 0
0 0
0 0
0 0
20 0
0 0
3 0
1 0
12 0
17 0
2 0
14 0
0 0
11 0
29 0
34 0
0 0
0 0
123 0
28 0
4 0
5 0
1 0
4 0
1 0
0 0
0 0
1 0
0 0
0 0
2 1
7 42
8 178
6 279
7 241
4 297
17 187
6 53
6 6
1 0
15 31
45 301
14 378
19 492
27 601
25 502
20 346
7 139
5 35
3 4
5 75
2 88
8 114
2 99
22 89
0 77
11 29
0 0
0 0
0 2
0 39
1 82
0 47
1 34
41 32
67 6
35 0
76 0
46 0
50 0
55 0
112 0
193 0
248 0
280 0
351 2
358 1
320 0
194 0
150 0
155 0
159 0
134 0
105 0
71 0
103 0
206 0
109 0
57 0
100 0
81 0
101 0
111 0
73 0
136 0
218 0
307 0
137 0
105 0
27 0
22 0
4 0
17 0
34 0
56 2
27 0
1 0
8 0
77 0
60 0
26 0
90 0
192 0
43 0
232 0
18 0
7 0
38 1
131 0
22 0
41 0
150 0
100 0
222 0
301 0
349 5
231 140
116 282
162 238
494 224
535 269
475 187
285 39
50 0
14 0
140 76
289 295
452 425
814 504
892 325
977 38
924 131
706 277
506 172
376 107
242 6
80 29
74 194
99 456
35 334
139 221
368 5
731 23
864 104
804 123
790 23
925 57
1560 2
1394 0
1193 15
1392 4
2343 1
1883 2
1455 24
1208 0
1126 3
1354 4
1725 6
1337 7
726 0
697 0
525 0
424 0
296 0
288 11
100 80
217 121
338 176
237 216
344 190
394 225
666 145
880 36
1220 3
1296 40
1107 155
898 245
496 283
745 371
818 406
1004 410
989 276
937 177
917 12
919 0
1046 92
1049 282
516 425
749 334
1198 111
1216 49
954 13
832 238
954 295
737 314
394 179
207 13
228 0
228 1
305 126
379 295
405 440
372 429
443 361
498 251
391 75
206 0
244 134
145 289
326 386
287 320
126 155
145 10
171 0
225 0
259 28
34 30
44 30
23 0
99 3
38 9
107 68
24 19
41 1
15 0
9 0
17 4
5 8
61 0
14 0
16 0
1 0
18 15
29 0
47 0
114 0
209 46
150 22
321 0
79 0
350 0
95 0
256 0
55 0
164 1
16 380
59 1383
15 2271
20 2627
59 2550
66 2588
90 2208
14 1807
83 1687
20 1178
38 912
59 1152
44 1636
29 2271
55 3218
107 3694
51 3813
4827 3547
33 3567
43 3221
38 2948
31 2565
42 1997
34 2163
32 2081
29 2091
40 2035
49 1830
163 1743
33 1797
238 1594
67 1447
362 1042
29 715
332 651
108 554
125 521
208 348
150 384
139 481
56 489
112 643
72 703
134 821
121 860
74 827
57 819
138 1031
96 1077
110 1341
80 1287
143 1277
82 1138
92 721
110 558
48 842
165 828
64 760
101 1085
146 1473
88 1742
141 2021
154 2844
151 3847
162 4553
146 5287
313 6237
40 7057
23 7565
30 8016
29 8151
32 7586
32 7003
25 6092
23 5460
12 4432
9 3209
10 2065
13 1544
13 1821
16 1980
19 1465
2 553
3 293
11 499
11 1186
14 1669
17 2845
18 3683
22 3942
21 3734
19 3688
10 3280
16 2830
74 2369
211 2524
428 2962
670 3414
609 3267
473 2654
948 2231
1357 2002
1229 2305
1550 2409
2400 2633
2315 2782
1979 3064
293 2995
157 3493
33 3445
78 3197
49 3389
22 3454
16 3637
22 3362
15 3138
26 3139
4 3317
26 3949
39 4122
14 4142
27 4616
70 4845
267 4704
281 4442
512 3993
56 3601
264 3538
228 3022
78 2911
16 2457
546 2689
60 2591
243 3097
27 3785
120 3924
64 3849
333 3607
92 3472
218 2975
83 2644
45 2021
312 1436
132 641
91 741
271 1327
157 1666
186 1327
313 620
66 251
113 569
241 401
286 203
134 119
238 181
219 118
161 17
315 0
62 117
187 110
667 70
273 0
329 79
421 74
103 51
2 1
4 31
45 3
13 11
32 5
227 10
317 11
50 0
11 0
8 52
0 20
0 0
0 0
13 0
1 0
30 0
45 2
16 0
14 0
4 0
0 0
8 0
7 0
18 0
114 0
99 26
49 3
68 0
92 5
122 126
93 293
76 160
62 67
56 265
59 102
50 5
153 90
630 27
1289 2
1274 35
830 113
326 146
13 178
0 141
115 66
56 54
51 121
129 39
165 5
95 35
105 225
223 237
245 28
311 115
1200 85
728 14
109 4
34 12
83 0
39 41
45 263
35 228
30 6
4 35
8 160
2 230
70 27
0 125
2 341
0 196
0 0
0 29
0 92
2 35
0 2
0 59
0 126
0 10
0 1
0 19
0 109
0 20
0 6
0 89
0 28
2 1
5 37
2 66
0 33
0 0
0 61
8 24
0 0
0 0
0 21
0 0
0 0
1 3
0 0
2 0
17 0
21 0
7 0
9 0
0 0
2 0
0 0
0 0
0 0
0 0
15 0
10 0
0 0
0 0
0 0
2 0
6 0
0 0
0 0
1 1
1 0
0 0
0 0
0 0
0 0
0 0
1 0
1 0
0 0
0 0
0 0
0 0
0 0
6 0
32 0
18 0
16 0
6 0
33 0
19 0
0 0
18 0
2 0
39 0
33 0
22 0
120 0
286 0
463 1
363 0
483 2
511 0
337 0
313 0
314 0
326 0
78 2
26 0
11 0
19 0
0 0
10 0
14 0
7 0
0 0
0 0
1 309
0 491
1 225
1 39
0 100
3 30
2 22
4 2
8 1
21 0
0 0
9 14
36 99
251 92
463 182
601 89
571 60
686 63
1386 10
812 8
433 9
790 0
995 12
1000 0
502 31
499 3
673 2
756 3
900 5
833 2
1112 17
926 14
431 0
361 4
540 0
652 14
850 13
625 13
118 0
132 0
77 0
49 0
39 0
26 0
24 0
12 0
10 0
24 0
28 0
28 0
27 0
2 0
0 0
12 13
8 6
0 0
29 5
17 0
14 0
0 0
3 0
16 0
1 0
4 0
5 0
0 0
2 0
0 0
0 0
0 0
1 0
2 0
0 0
0 0
0 0
3 0
5 0
23 0
4 0
14 0
0 0
0 0
4 0
0 0
3 0
0 0
0 0
0 0
0 0
0 0
8 0
57 0
4 0
0 0
12 0
14 0
1 0
0 0
0 0
2 0
1 0
0 0
0 0
1 0
3 0
0 0
0 0
0 0
0 0
0 0
0 0
1 0
91 0
32 0
351 0
448 0
429 0
533 0
634 0
353 0
328 0
366 0
426 1
631 0
593 0
2678 9
1559 1
2657 21
4097 38
2493 10
2064 9
1299 6
334 2
446 6
1100 1
860 6
360 0
413 0
345 0
405 0
670 0
555 0
452 0
354 0
569 5
424 0
503 2
150 0
143 0
146 0
287 0
40 0
6 0
68 0
104 0
12 0
1 0
20 0
1 0
0 1
0 20
8 28
17 63
29 54
17 69
7 37
13 8
0 0
0 20
0 28
0 16
0 0
0 0
4 0
1 4
21 0
0 0
0 0
0 0
2 0
1 0
0 0
0 0
0 0
0 0
1 0
0 0
38 0
0 3
0 0
14 0
0 0
4 0
0 0
2 0
0 0
7 0
0 0
0 0
2 0
5 0
0 0
0 0
0 0
0 0
0 0
0 0
0 0
0 0
0 0
0 1
31 0
0 0
0 0
7 0
0 0
0 1
0 0
0 0
0 0
0 0
0 0
0 0
0 0
0 0
0 0
0 0
0 3
0 2
0 0
0 0
0 0
0 0
0 0
0 0
0 0
0 14
0 3
0 0
0 0
0 0
0 0
0 0
0 0
0 0
0 0
0 0
0 0
0 0
0 0
0 0
0 0
0 2
0 0
0 0
4 0
1 0
0 0
0 0
0 0
1 0
0 0
0 0
0 0
0 0
0 0
0 1
1 0
0 0
0 0
0 0
0 0
0 0
0 0
0 0
2 0
0 0
9 312
16 488
0 445
7 466
0 435
0 343
0 310
0 192
2 265
5 365
7 189
5 70
11 241
12 268
0 171
0 25
0 188
3 301
4 113
4 157
5 207
0 75
0 14
4 167
0 96
0 0
0 0
0 0
0 0
0 0
0 0
0 0
0 0
0 0
0 0
0 25
0 7
1 29
3 101
2 119
3 46
1 4
0 43
0 108
0 122
0 80
0 0
0 68
7 162
5 181
10 246
11 461
10 675
0 909
0 694
0 160
1 328
3 353
0 389
0 289
1 0
0 4
0 93
0 21
11 0
0 5
0 18
16 1
9 0
0 7
0 22
4 8
10 14
50 79
7 66
65 188
40 270
31 279
67 241
16 207
27 179
82 126
109 89
204 63
151 110
122 101
19 62
15 0
7 0
0 21
0 0
0 5
0 33
0 34
2 109
1 93
0 103
4 51
26 55
1 19
0 24
0 24
0 34
1 84
0 92
0 85
0 50
3 8
1 47
1 144
2 313
0 564
2 556
0 498
2 396
2 154
0 124
1 35
0 2
0 8
0 55
0 77
0 102
2 66
0 55
7 2
68 0
43 0
39 0
17 14
26 0
6 0
43 0
43 1
18 0
48 20
57 0
72 6
19 8
14 43
69 137
22 298
29 437
71 763
332 884
966 476
979 184
1098 209
1901 298
2252 386
3219 306
3707 40
2968 98
2195 174
2848 138
1817 27
828 1
701 41
1068 16
1000 3
1256 2
2599 10
3196 16
3400 24
3556 33
3026 29
2332 19
1834 16
524 2
387 1
415 2
539 0
552 0
983 2
845 1
1083 1
864 1
948 4
983 0
921 8
828 3
434 1
874 14
1521 25
1393 16
840 7
645 6
488 0
489 0
980 0
1464 6
1426 11
1696 16
1800 9
1728 1
1598 0
1282 0
710 0
911 4
316 0
398 0
419 1
638 0
831 2
1018 1
1071 4
789 3
567 4
1064 12
1240 16
1350 8
1106 12
1145 8
926 6
421 1
289 3
137 1
91 0
39 0
50 0
25 1
24 0
43 0
79 0
30 0
37 0
120 0
52 0
57 2
39 0
11 0
49 0
10 0
15 0
1 14
6 0
1 0
4 0
87 0
704 0
1918 2
2895 6
3297 16
3487 13
2885 8
2603 14
2303 13
1869 5
2057 11
2321 6
2160 15
1835 8
1388 28
766 13
253 1
380 0
748 2
1242 11
1576 7
1761 9
2570 18
2508 62
2102 159
2270 294
2115 330
1224 491
788 459
437 413
176 404
51 333
52 261
62 74
30 48
60 5
65 1
114 11
87 78
91 126
90 193
97 152
99 121
114 136
51 96
96 203
85 126
118 170
143 69
160 8
157 0
107 0
87 0
69 10
24 1
5 35
1 19
0 19
0 6
0 0
23 0
0 0
18 0
0 0
0 6
0 1
0 0
0 2
0 0
0 0
0 0
0 0
0 0
0 0
0 0
0 0
2 0
7 0
16 0
0 0
0 0
0 0
0 0
0 0
0 0
0 0
0 0
0 0
0 0
0 0
0 0
0 0
1 0
0 0
0 0
0 0
0 0
0 0
0 0
0 0
0 0
0 0
0 0
0 0
0 0
0 0
0 0
0 0
0 0
0 0
3 0
0 0
0 0
0 0
0 0
0 0
0 0
0 0
0 0
0 0
0 0
0 0
0 0
0 0
0 0
0 0
0 0
0 0
0 0
0 0
0 0
0 0
0 0
0 0
0 0
5 0
0 0
0 0
0 0
0 0
0 0
0 0
0 0
0 0
0 0
0 0
0 0
0 0
0 0
0 0
0 0
0 0
0 0
0 0
0 0
0 0
0 0
0 0
0 0
13 0
78 0
17 0
37 0
1 0
0 15
0 2
0 0
0 7
0 0
0 0
0 0
0 0
0 0
0 0
0 0
1 0
1 0
0 0
0 0
0 0
2 0
0 0
0 0
0 0
0 0
12 0
0 0
0 0
0 0
2 0
5 0
107 0
268 0
885 0
1095 6
1763 14
3877 21
5367 32
4813 34
3090 32
1317 23
506 0
1011 3
625 0
574 0
1202 11
2453 19
2685 21
1458 3
980 0
1285 1
991 1
937 4
764 2
381 0
525 0
592 0
743 1
1181 3
1286 8
997 16
1214 13
1048 9
1054 10
946 2
553 1
390 1
649 0
645 0
373 0
105 0
26 0
35 0
41 0
36 0
109 0
22 0
8 0
1 0
10 0
33 0
153 0
57 0
9 0
45 1
17 0
41 0
4 0
3 0
2 0
3 0
0 0
3 0
0 0
2 0
30 0
0 0
0 0
7 0
11 0
7 0
0 0
0 0
0 0
0 0
0 0
0 0
0 0
0 0
0 0
0 0
2 0
0 0
3 0
0 0
8 0
20 0
77 0
222 0
600 0
1442 5
2031 5
2742 6
3133 9
3304 2
3348 5
2375 0
1757 0
1223 1
1185 6
1764 0
2005 2
2001 2
1663 1
1045 0
547 0
431 1
332 3
248 5
88 0
626 0
1420 8
2160 20
1856 23
1392 22
1228 16
1072 13
698 10
411 0
406 1
957 21
665 7
569 1
375 10
199 0
287 0
271 0
244 0
110 0
82 3
230 1
352 0
603 0
949 8
1004 2
1306 17
1463 16
1300 16
998 9
637 0
532 0
408 0
280 0
124 0
103 0
302 2
130 0
234 1
338 0
345 6
347 0
357 5
355 0
281 1
218 0
289 0
318 0
302 0
297 0
267 0
205 0
648 12
454 1
188 0
235 0
389 0
415 0
316 0
106 1
193 0
470 5
381 1
355 0
176 0
233 0
399 1
243 0
826 4
233 0
69 0
200 0
465 0
658 0
612 0
1127 0
2342 5
2065 13
2380 16
3251 25
4895 33
6158 39
6686 39
6868 36
5888 39
5338 35
5601 25
4479 39
4300 225
5410 551
6234 587
6031 377
5363 355
4804 260
3855 264
2551 156
1881 118
2379 160
3064 337
3480 454
3109 613
3139 745
3925 878
5148 892
5565 837
4934 648
6290 510
7196 331
6501 105
5809 35
5709 135
5815 590
6256 772
7025 841
6355 851
3471 822
1986 535
2144 349
2731 75
1850 11
1978 17
4177 35
1398 210
1160 334
3219 624
365 642
3106 489
634 352
3087 215
522 187
2017 396
47 542
1308 693
53 730
999 829
154 660
1132 558
16 254
395 78
39 2
454 2
30 115
554 322
40 606
279 809
118 925
55 976
295 869
47 730
288 506
211 273
836 122
399 12
743 7
838 36
49 115
2438 195
678 176
1560 244
999 91
370 74
3349 52
619 5
2495 24
71 0
5 0
508 0
1706 11
1594 20
605 7
55 0
320 0
928 4
293 0
2 0
89 0
144 4
75 0
17 0
13 18
33 40
79 81
0 201
0 308
2 557
24 481
17 399
0 228
96 56
114 15
11 28
119 93
78 302
35 194
0 184
20 50
285 130
21 124
8 21
87 0
49 5
54 14
0 0
8 50
53 9
64 0
6 2
65 10
76 0
35 17
3 18
26 4
52 0
78 11
3 7
15 0
14 28
37 13
0 0
6 15
33 9
39 0
47 5
46 5
2 0
13 0
2 0
78 0
48 0
9 0
205 6
15 0
7 0
1 0
0 0
3 0
4 1
0 0
7 0
44 0
249 7
46 0
118 0
64 0
61 0
7 0
54 0
105 0
217 0
211 0
47 0
1 0
114 0
265 0
210 0
61 0
268 5
235 0
63 1
8 0
17 0
291 3
36 0
3 0
8 7
103 0
76 8
11 3
14 28
142 1
71 1
2 28
100 82
112 156
8 45
17 1
174 41
106 8
7 0
11 0
194 5
132 2
13 0
0 0
83 1
110 0
50 0
0 0
19 0
163 0
119 0
10 0
665 3
2463 35
2300 30
956 0
1579 10
1842 22
1237 7
943 1
1974 16
3476 37
2913 20
2555 8
3083 23
3551 321
2914 844
1972 1019
2100 868
1843 705
1443 362
1209 250
202 48
357 11
355 14
140 30
256 125
274 215
262 422
227 728
218 613
76 449
0 127
28 76
44 46
10 17
0 49
6 119
49 127
80 223
57 147
81 94
116 570
32 581
38 237
22 152
315 142
872 260
1772 180
2296 92
3732 41
5690 73
6644 224
7055 188
7657 60
7560 108
7278 111
7015 43
5887 41
4334 155
2876 207
1563 76
1089 252
663 2551
113 3732
59 4043
378 3667
465 3534
882 3097
1428 2836
2021 2137
2229 1379
1976 1722
2077 2100
1348 2232
1429 1479
1726 824
1667 730
1184 962
919 981
512 1051
349 1487
280 1902
230 2453
114 2539
154 2412
190 1387
416 1087
117 1421
17 1387
23 806
7 795
4 975
4 1666
15 2117
70 2105
280 1774
43 1644
28 1431
22 1331
5 1043
45 844
22 931
16 851
2 693
7 763
47 697
52 494
80 551
148 323
159 203
172 107
135 90
130 29
99 145
32 172
22 218
174 410
73 747
23 840
55 756
32 791
201 570
954 754
324 537
59 459
0 569
0 303
183 149
128 561
66 685
29 879
19 885
3 1030
5 1510
315 2074
428 2367
85 2693
17 2953
34 3369
381 3670
177 1870
31 1347
11 525
191 1039
626 1080
504 640
19 201
2 273
391 633
760 462
260 340
2 137
43 60
288 291
131 382
24 566
0 588
180 521
138 404
2 461
0 289
4 114
100 41
41 69
1 73
0 43
362 73
183 268
9 303
10 380
435 388
165 262
39 165
8 84
33 45
233 94
102 105
7 100
0 145
116 30
67 15
20 76
2 303
0 497
15 577
53 486
32 639
4 424
18 263
12 100
0 34
0 10
0 17
49 40
5 22
13 2
20 5
10 57
0 25
0 64
0 51
0 183
0 197
0 380
0 468
0 739
0 1230
0 1551
0 1891
0 1508
0 1536
0 1708
0 1617
53 1141
0 698
6 967
18 1558
5 1496
0 1168
0 543
1 255
0 345
0 1060
48 1610
9 1602
0 1586
0 527
11 508
2 286
0 201
0 349
2 131
0 24
0 14
0 28
0 7
0 1
0 56
0 49
0 58
0 22
0 7
0 14
0 25
0 30
8 96
0 4
0 90
0 32
0 11
0 7
0 2
0 7
0 2
0 3
0 0
0 0
0 0
5 0
0 3
0 55
0 136
0 392
0 595
0 692
0 829
0 920
0 866
0 804
0 876
2 880
0 791
0 943
0 795
26 783
13 583
3 351
23 121
0 152
0 122
0 152
0 126
0 47
0 37
0 30
0 103
0 230
33 443
3 443
0 293
16 212
3 400
0 636
0 800
0 883
0 520
0 45
0 233
0 334
0 243
0 476
0 343
0 276
0 158
0 47
0 53
0 113
0 200
0 284
0 315
0 399
0 575
0 680
0 707
0 652
0 632
0 404
0 406
0 475
0 711
1 989
0 1137
0 994
0 754
0 959
0 1055
0 684
0 88
0 165
0 362
0 169
0 350
0 451
0 407
0 181
0 7
0 12
0 294
0 528
0 486
0 514
0 419
0 569
0 789
0 1177
13 1363
18 1180
18 984
17 747
15 612
12 586
12 749
11 982
10 1269
9 1440
12 1485
10 1314
47 1075
8 882
4 582
32 801
8 1323
5 1812
4 1963
3 1647
0 751
2 1048
6 1434
6 1687
5 1872
21 1884
13 1636
11 1785
43 1643
5 1446
21 1572
9 2063
0 1933
0 1163
0 324
0 340
3 630
3 1078
3 1299
6 1429
7 1449
7 1221
8 1182
10 1010
8 806
8 770
9 915
8 1131
11 1168
10 1051
16 798
15 523
12 712
13 493
7 468
0 292
0 482
3 892
5 1694
0 2176
0 2530
42 2447
0 2368
14 1767
15 961
0 1199
0 2276
0 2790
0 2726
0 2257
0 1929
0 1309
0 703
0 492
0 385
2 310
0 246
0 596
0 791
0 860
4 794
2 648
2 370
0 105
0 7
0 0
0 1
0 0
0 0
0 1
0 28
0 154
0 202
0 256
0 192
0 150
8 88
0 54
2 22
0 37
8 64
0 88
1 118
0 119
1 75
1 67
0 39
0 54
0 16
0 58
0 13
0 13
0 7
0 71
0 202
0 426
0 494
0 411
6 202
40 78
0 58
7 121
6 158
0 346
0 351
16 298
0 61
0 166
0 206
0 65
0 97
31 39
1 6
1 248
18 316
2 135
0 159
0 115
0 2
0 41
0 24
0 16
0 0
0 13
0 0
0 0
0 0
0 0
0 1
0 2
8 16
0 4
0 18
0 85
0 85
0 43
0 8
0 11
0 16
0 1
0 0
0 0
0 21
0 250
0 374
0 280
0 258
0 285
2 263
9 307
14 327
12 277
5 285
13 218
15 166
51 126
8 117
10 144
16 86
43 61
38 42
38 33
43 37
24 45
69 4
82 36
47 0
85 2
75 0
56 0
48 2
42 1
31 2
32 5
34 2
18 1
29 21
4 47
5 42
37 57
22 66
0 47
6 115
16 250
13 356
6 397
1 301
0 139
0 56
0 11
2 10
17 12
27 31
38 109
52 213
29 584
50 1098
21 1644
29 1919
28 1824
8 1398
8 1374
7 1457
4 1258
5 1215
16 1384
18 1506
49 1705
114 1489
133 1248
145 910
218 589
164 378
114 340
70 504
16 835
3 1021
13 1094
16 1184
45 1733
81 2606
115 2596
151 1211
174 1141
204 1172
129 1191
116 1102
78 309
67 616
16 1071
12 1207
0 985
0 597
0 585
40 433
0 693
0 740
15 588
11 475
4 258
0 629
0 541
0 135
0 216
0 204
0 147
0 54
0 60
0 39
0 4
1 45
1 52
6 4
4 3
0 0
1 1
0 0
0 0
6 8
4 11
5 0
0 4
0 0
0 0
0 0
0 45
0 578
0 1151
2 1492
0 1679
0 1961
12 1983
11 2146
14 2131
13 1959
9 1518
6 1256
3 820
1 631
0 549
4 340
0 99
0 141
0 224
0 727
2 1094
0 1184
0 895
0 561
29 570
38 702
1 618
21 326
15 295
0 508
5 439
0 195
0 211
0 274
0 252
0 246
0 298
0 333
0 221
0 142
3 21
0 121
0 139
0 118
2 54
0 130
0 177
1 395
4 739
5 1026
6 1377
4 1344
5 1330
3 1247
2 775
2 570
0 391
0 266
0 211
0 268
0 169
0 257
0 221
0 49
0 43
2 17
0 12
0 36
0 22
0 13
0 37
0 13
0 24
0 7
0 0
0 7
0 0
0 0
0 0
0 0
0 0
0 2
31 4
22 50
0 185
15 242
12 213
0 132
0 72
0 113
1 217
0 304
0 566
0 576
0 638
0 1171
0 1400
0 1547
0 1298
0 1297
0 1180
0 682
0 298
0 372
29 664
35 955
3 912
19 849
17 761
0 735
0 813
0 623
2 842
0 1169
0 1066
1 969
0 1135
0 1003
0 511
31 148
35 306
0 591
1 616
23 457
0 456
0 592
0 723
0 738
0 340
0 232
0 837
1 923
2 558
4 233
0 228
0 183
0 110
0 30
0 11
0 6
2 19
0 2
1 14
0 34
2 53
0 94
0 99
0 2
0 0
0 3
1 37
1 219
1 845
0 1148
0 1223
0 884
0 318
0 141
0 142
0 70
0 325
0 1189
0 1792
0 2151
9 2024
14 2066
8 1668
11 1054
16 1048
11 1144
9 1422
0 1163
0 1204
0 1324
0 727
0 443
0 695
0 698
0 468
0 121
0 237
0 38
0 10
0 105
0 74
0 2
0 7
0 9
0 0
0 14
2 15
0 0
0 0
0 1
0 0
0 0
0 0
0 0
0 0
0 23
0 0
0 1
14 0
32 0
0 0
0 0
11 0
52 0
155 0
211 0
253 0
274 0
173 0
106 0
57 0
52 0
0 0
4 0
7 6
29 17
85 15
96 47
92 72
159 860
93 1404
88 1917
76 2668
60 3384
30 3489
66 3121
62 2342
71 1910
90 1829
57 1811
65 1531
55 1534
88 1808
7 1375
17 953
18 1082
37 1659
26 2226
45 2980
83 3113
22 3246
12 3065
23 2602
22 2388
59 2130
21 2013
154 2140
166 2104
176 1750
162 1312
104 1429
57 1544
25 1804
69 1556
58 1480
33 1782
16 1486
50 1251
42 885
34 809
77 966
111 1067
41 953
64 848
18 826
7 971
36 1188
21 1286
10 1442
10 1399
7 1112
10 815
8 489
5 366
7 440
6 646
6 1059
17 1473
52 1705
1 1590
0 1377
0 1516
20 1793
26 1180
17 1109
20 1625
22 2278
9 2577
11 2575
17 2656
12 3012
25 3268
17 1940
10 1546
0 739
0 755
0 805
11 711
15 487
0 55
3 168
14 352
13 358
0 181
0 17
0 8
0 31
2 8
0 7
2 38
6 0
6 5
0 0
0 15
0 39
1 205
54 907
10 1278
9 1322
29 951
27 590
14 923
9 822
3 609
4 795
5 781
5 1487
8 1823
10 1496
9 1553
10 1381
10 1059
8 1015
2 905
3 1179
2 1246
10 1474
2 1600
0 1927
0 2329
4 2335
0 2122
2 1448
49 1195
7 923
1 1189
16 1349
9 1076
7 1048
6 999
6 1170
6 1064
9 1316
8 1662
9 2510
9 3108
15 2787
2 1922
2 1028
1 480
0 1125
5 1601
0 1211
0 1021
0 1475
0 1254
0 842
0 941
0 1129
0 908
0 876
0 465
0 148
0 163
0 275
0 182
0 140
0 225
0 152
0 141
0 165
0 186
0 284
0 322
0 455
0 493
1 733
0 1475
3 1796
2 1672
5 1242
5 1041
3 1316
6 1389
3 1617
19 1706
1 943
0 1092
0 1442
5 1618
11 1151
13 1607
8 1484
0 1707
0 1482
0 737
2 1393
9 1513
0 1019
0 872
0 1111
6 1764
3 1968
10 2294
17 2413
16 2324
17 2430
16 2884
14 2328
11 1595
6 840
4 503
7 580
2 258
0 51
5 46
0 202
2 287
2 417
4 327
22 60
5 4
9 0
18 3
36 0
28 6
24 58
0 8
49 0
244 1
240 3
231 1
151 10
242 41
360 170
456 343
666 360
904 109
678 91
489 140
281 74
33 1
11 2
6 36
6 4
32 8
76 2
122 0
226 1
212 0
244 32
308 9
226 18
239 21
190 12
96 36
51 50
61 48
29 5
69 3
47 16
71 25
96 53
92 0
57 95
77 43
14 0
13 18
36 15
0 17
66 0
203 19
318 4
535 0
549 0
370 0
353 2
47 0
233 0
420 0
514 0
532 4
276 16
215 0
241 0
149 0
76 0
17 0
31 0
31 0
291 0
543 0
543 0
366 0
168 0
100 0
332 0
874 9
501 1
640 7
820 3
611 0
749 1
1782 10
1496 3
1056 4
925 0
1059 0
1181 23
487 6
381 0
434 0
597 0
962 0
798 2
459 0
233 0
675 9
924 1
772 0
934 2
1417 8
1356 2
1042 0
932 0
901 0
1209 4
674 0
497 0
219 0
328 0
1248 7
1282 2
1148 6
1226 0
1474 1
2321 19
1842 30
964 23
947 11
1281 24
1191 1
451 0
592 1
1257 1
1238 4
152 0
336 0
922 0
819 0
417 0
297 0
851 0
629 0
289 0
261 0
460 0
198 0
48 0
109 0
27 0
8 0
55 0
127 0
103 0
32 0
8 0
25 0
8 0
14 0
9 0
66 0
248 1
279 4
297 0
465 1
1337 12
532 0
642 2
802 6
1398 5
1274 11
257 0
560 1
621 5
367 0
638 0
682 3
491 2
375 0
453 17
415 2
189 8
182 111
196 278
447 441
642 671
703 794
619 775
566 462
816 298
1011 445
634 549
780 776
1217 875
1887 866
2034 755
1731 406
1345 208
438 210
533 334
1150 252
1742 108
2138 318
2708 450
3257 405
3327 351
3360 337
3408 309
3033 195
2569 121
2560 9
2249 18
1233 3
1012 18
627 21
501 106
83 72
656 38
1893 63
2527 21
2390 8
2888 4
4179 35
5130 37
4424 49
2799 106
1545 128
1701 65
2568 59
3284 47
3267 75
2428 161
1895 359
1816 440
1096 321
1391 280
1322 185
841 126
431 50
319 37
399 163
324 207
239 252
42 212
41 141
242 140
336 252
41 353
74 271
54 391
6 247
2 46
158 14
394 65
143 44
103 2
34 22
67 82
272 64
306 25
554 5
321 2
5 0
141 0
464 0
484 2
128 0
11 0
544 1
976 11
148 0
67 0
747 0
1243 10
842 1
463 7
1844 15
2468 21
3152 14
3924 8
4723 29
5147 22
4517 21
4594 34
5290 54
6310 37
6740 38
6377 48
5662 28
5460 60
5508 38
4371 23
4559 21
4930 36
4421 35
3568 32
3064 19
2021 11
1406 4
698 1
504 14
307 13
551 2
1582 24
1119 12
3426 41
1995 57
4602 126
2637 220
5367 249
3228 240
5226 210
3138 216
4933 164
3112 188
4583 220
2545 282
3860 351
1997 455
3609 598
1295 749
2394 655
906 399
1275 184
419 99
774 109
72 142
85 196
118 137
36 0
226 12
19 19
303 6
27 123
122 229
19 143
132 66
62 4
19 3
0 0
5 0
0 0
8 41
12 21
22 10
27 9
31 21
92 67
250 69
613 38
1009 13
3062 18
3954 15
3074 21
3081 6
4373 24
4398 29
3332 18
2637 8
2367 3
2430 19
2730 28
3588 40
4041 54
4649 51
5800 48
6245 62
7543 67
8484 82
8473 77
8096 87
7838 149
7158 257
6506 373
6041 588
5917 891
5841 829
6120 241
5869 374
5840 517
5509 463
5204 213
4773 88
4871 317
3969 303
3434 193
3630 8
4886 32
6176 140
6312 97
5607 73
4009 24
3217 13
2964 8
3184 4
2858 1
2780 20
4060 27
3847 26
2761 16
2405 1
2190 2
1700 2
1093 1
1009 2
3531 9
4396 14
3623 16
1063 2
1670 11
3339 15
1939 5
1393 0
1155 0
640 0
2383 8
2222 8
946 3
311 0
741 0
1912 5
2037 6
2714 7
876 2
606 3
4103 14
1502 3
1323 2
3766 18
1891 4
1572 0
1941 10
1914 10
2316 10
3533 3
1230 8
1482 8
3560 24
2348 10
2699 13
2199 7
867 3
902 5
1310 4
284 0
2295 6
1695 6
3990 9
4267 301
5029 770
5876 1047
5837 924
6818 928
6393 692
6937 419
7352 180
7049 318
7328 745
8164 1339
8898 2029
8633 2602
8457 3025
8670 3270
8471 3224
7784 3316
8436 3260
9675 2953
11014 3523
12121 3823
12375 4177
12649 4450
12964 4750
13301 5171
12854 5901
12362 6303
12030 6344
11657 6400
11835 6374
12604 6268
12544 5782
12185 6205
11887 6851
12450 6478
11975 5830
10813 5304
10606 4711
9953 3734
8980 3010
8146 2191
7691 1043
7124 558
7306 267
7615 542
7651 1110
7785 2230
6104 2885
7441 3191
4082 3704
3015 3968
2444 4500
1377 4929
2114 5041
3080 4884
3764 4850
4060 5525
4973 6124
3758 6329
3758 6438
1974 6458
4274 6527
1731 6173
3232 5585
1359 5294
3512 5467
1369 5375
3007 5659
2050 5120
2815 4750
2839 3848
2874 3250
3157 1601
2042 1538
1886 747
1435 1065
1318 515
1917 572
1359 444
2366 185
936 115
1397 250
681 174
793 220
701 335
887 745
1871 810
1050 969
1032 1285
425 1418
1228 1639
284 1635
1987 1732
1334 1418
1639 1164
1811 740
1176 405
1276 426
756 658
476 957
1197 764
1423 528
1256 325
664 441
373 836
723 1116
831 1311
839 1062
807 860
493 968
318 779
646 260
1030 498
1448 837
719 871
1061 324
1068 214
306 358
253 315
241 215
119 88
36 90
13 117
19 135
3 93
0 37
0 0
6 20
5 22
0 58
0 100
3 101
55 158
62 147
96 236
336 262
546 387
760 327
970 427
1424 481
3351 561
3758 685
2366 735
333 607
341 815
872 1073
1117 1067
2126 865
2249 577
2070 452
2248 263
1665 75
1277 202
2101 474
3648 451
5113 472
6185 332
6533 351
7408 338
8260 268
8999 246
9904 159
10616 170
10004 69
9757 130
9413 107
9398 86
9651 85
8917 72
8614 74
7773 65
7737 78
7716 46
7852 49
8158 57
8071 29
8398 37
8418 36
8861 31
8684 14
8462 31
7171 14
8143 30
7464 24
10485 78
9034 64
12045 72
10037 44
11078 55
8256 54
9924 47
7423 55
8864 106
6339 93
7677 83
5532 46
6554 48
4781 37
6137 39
4884 35
5970 46
4363 43
5154 52
4921 51
5060 78
4480 76
3749 55
3379 59
3049 90
2740 118
2256 97
2193 110
2311 75
3022 71
2514 69
1477 25
879 24
911 22
1050 17
3828 17
2437 18
4148 22
3827 29
5600 31
5321 33
7194 40
6756 33
8860 39
9154 31
10048 36
9727 38
10201 52
9861 46
10426 48
9413 55
9508 54
7729 46
7605 56
6480 57
6850 59
5138 42
5295 41
4199 44
3365 44
2216 20
2042 14
1393 7
1108 0
1123 5
1267 0
1380 1
1692 0
1743 7
1584 1
1695 6
1189 72
1304 485
850 999
1049 1263
581 1854
1093 2264
292 2365
580 2397
211 2077
294 2067
335 2103
410 2036
617 1627
263 1336
284 1034
573 625
553 216
1965 82
527 44
2654 75
1126 9
4139 33
1997 22
4631 39
2976 31
5780 49
5238 31
8209 76
6966 45
8936 57
6629 23
8836 43
6172 27
7977 32
5779 20
7967 42
6034 48
7894 58
5164 32
7223 159
4620 602
6487 1020
4444 1384
6073 1952
4282 1969
5698 2049
3266 1824
4457 1361
2540 1022
3719 927
1902 930
1964 888
1390 571
916 266
935 147
1041 178
806 615
782 1030
937 1507
1251 1496
1199 1336
1279 951
1550 914
1459 676
1705 735
1852 646
1806 745
1889 810
2147 1141
1998 1308
1654 1388
1799 1322
1620 1087
1354 797
1261 491
1231 450
1206 443
1575 320
1823 444
1837 329
1730 250
1698 235
1417 284
1376 356
1412 329
1076 407
1155 364
1150 480
1005 317
886 508
1067 471
1042 540
1019 584
919 793
745 1095
663 1941
386 2259
632 2400
679 2320
630 1923
551 1721
865 1675
1177 1694
1404 1742
1387 2113
1273 1858
1246 1328
1063 1080
1273 1277
765 1073
547 479
166 168
165 163
104 71
249 38
371 40
331 54
243 187
173 267
143 168
64 27
39 3
80 35
135 119
192 39
450 54
1173 13
3643 76
3809 35
3163 97
4207 61
3549 47
4508 109
4254 67
4551 58
3749 28
4961 44
4206 44
5896 40
4765 34
6180 39
4991 13
5813 36
3420 20
4710 21
3063 15
5419 26
3786 21
5366 39
2700 19
5268 31
3719 23
6971 48
5306 23
7360 38
5731 108
8706 182
7477 326
9725 397
6726 329
7954 446
5447 380
5853 544
5503 537
5375 705
4200 814
3302 611
2475 600
2038 503
1982 384
2168 340
2198 274
1910 264
1771 109
1954 36
1225 21
2270 102
1090 97
1798 131
1216 35
1608 102
1505 52
1399 61
1234 76
940 43
880 123
1245 213
1055 149
1116 118
449 80
557 55
377 20
552 36
713 141
794 222
621 396
1219 482
686 418
1282 322
596 264
1033 55
1112 64
1217 54
985 32
801 15
898 19
1195 11
970 22
1472 14
1058 33
1768 56
1246 25
2028 53
1563 15
1963 23
1962 53
1983 78
2148 24
2315 22
2297 20
2024 9
1562 5
1374 11
1115 12
1106 15
746 15
590 10
419 11
356 7
137 1
78 0
77 2
321 1
363 1
233 0
167 1
146 0
279 2
172 1
211 5
255 3
151 1
60 0
32 1
17 0
19 0
10 0
67 1
15 2
65 0
83 1
76 7
124 5
62 1
492 7
71 2
980 15
105 0
569 12
130 16
239 24
264 10
248 7
361 8
114 2
309 19
24 0
659 11
81 2
358 3
10 0
231 13
225 22
161 1
177 5
168 1
174 6
131 2
150 0
102 0
118 1
72 3
53 0
66 0
60 0
76 0
41 0
87 0
85 0
37 6
17 0
100 11
32 0
74 2
76 7
101 1
82 0
256 7
294 0
463 0
523 9
458 0
413 6
511 0
515 1
391 10
327 3
383 14
368 72
253 141
178 437
238 603
147 887
78 732
54 553
64 137
20 184
201 367
84 542
213 553
30 155
58 18
43 8
168 2
377 11
188 5
95 7
270 8
123 15
450 16
61 19
299 12
45 6
294 30
49 1
155 9
143 2
533 21
426 2
1013 23
1555 80
1625 38
1707 64
1651 62
1606 45
1528 21
1451 18
1470 12
1282 30
1599 28
1144 25
1710 36
465 32
1063 20
403 16
338 24
567 20
809 30
1042 26
1232 24
1013 23
1171 15
1621 23
1430 16
2025 14
2229 25
2416 15
2031 12
1495 15
972 16
222 8
97 3
260 2
615 1
1125 5
1809 15
2133 39
2287 26
2410 60
2966 118
1774 205
2261 120
1686 169
1701 123
1724 201
1466 431
1884 797
1662 1124
1192 1027
1061 1105
1099 1033
651 1127
1635 1347
483 1654
1092 2079
651 2454
758 2501
1523 2462
641 2575
441 2192
717 1789
679 1706
757 1449
518 1563
634 1413
269 1314
308 1309
86 1117
328 656
187 293
430 496
527 414
770 187
663 86
602 102
270 264
1445 258
765 307
2596 476
936 412
2601 396
1241 234
2523 246
1439 163
2570 210
1445 145
3065 145
2199 111
2875 76
2151 34
2243 23
1883 25
1851 49
2074 28
2970 41
3220 142
3475 116
3717 209
4330 159
5210 234
5457 240
6480 240
7038 404
7926 560
9043 775
9936 812
10389 929
10800 861
10267 389
10325 387
9874 657
9817 901
9426 662
8565 344
7626 365
7317 263
6434 78
6543 31
5262 68
5334 61
4819 58
4632 54
4841 85
3824 59
4381 138
3548 469
4335 772
3127 1079
3705 1263
2768 1389
2769 1221
2872 1227
2729 1267
2981 668
2368 205
2003 45
1747 26
1174 36
1382 19
1622 40
1299 7
2091 1
1645 9
2547 4
1689 15
2257 28
2079 16
2240 24
1487 29
2658 17
1568 38
2321 55
2000 164
2439 76
2667 96
3240 71
2827 11
2749 18
1500 37
1621 3
1263 12
1242 19
1458 16
883 51
1373 206
762 244
677 252
1640 125
709 17
928 25
665 20
514 64
1276 80
584 24
177 92
914 83
327 125
651 188
1279 170
430 131
1871 16
489 50
731 273
405 203
555 166
110 65
935 79
468 44
350 6
92 19
451 72
541 241
552 290
762 217
1568 266
1767 114
2073 101
2455 83
2289 50
2949 24
2861 75
3392 318
3908 894
3660 1157
3945 2048
5071 3442
5507 3562
5956 3749
6186 3038
6771 2157
7044 1830
7388 1290
7878 794
8132 1302
8764 1574
9003 2499
9320 3079
10260 3216
10685 2943
11000 4286
10518 3036
10080 2256
10406 1523
9535 1176
9646 1868
9651 834
9200 755
8591 529
8218 339
8227 208
7358 86
7396 83
4160 77
5975 256
3117 721
4516 1615
1673 2105
2263 2152
1616 2242
1177 1997
2578 1555
1659 963
4776 723
3212 223
5480 435
3117 755
5512 967
3704 968
5719 860
3418 667
5246 272
2110 32
2774 76
2449 155
3536 476
3308 853
4094 1042
3183 969
2800 600
4514 242
3293 111
5199 390
3531 233
3732 179
2752 74
3411 138
1993 384
2356 362
919 158
677 88
1116 382
730 459
1879 574
1410 435
2266 476
1701 481
2393 599
1516 537
2086 377
1310 107
1741 23
1043 64
1553 159
875 99
1986 64
667 0
2000 37
598 79
2159 30
1037 30
1569 4
1487 63
1377 55
1415 59
1383 13
1040 12
928 12
1034 10
688 23
903 165
1392 554
2253 791
3266 750
4191 494
4839 68
5745 54
6771 55
7396 73
7057 130
6622 107
6718 87
7789 72
8675 97
8936 28
9198 37
9142 43
8844 53
8174 32
7688 31
7410 48
5944 43
6872 32
4892 27
5911 30
4245 19
5038 30
2763 8
3098 26
1027 0
1485 8
385 2
729 1
657 0
341 5
682 2
365 3
2389 11
1300 7
3835 24
2906 25
5711 24
4720 26
7883 29
7148 35
9397 41
7964 40
9539 58
8433 37
9889 34
8758 52
9543 41
8865 40
8083 31
7910 45
7707 50
7428 35
7037 36
7237 39
7107 47
6808 41
6196 31
5549 39
5515 45
3037 1
4446 22
2361 13
3136 26
2455 36
3914 36
2406 43
2384 18
1340 11
1123 2
2880 30
1136 1
1446 4
901 2
2390 24
1513 13
2794 40
953 11
1055 11
519 0
704 9
979 0
901 7
997 0
236 0
730 0
728 2
881 3
574 0
502 0
930 0
1343 0
1209 1
1005 0
1589 7
1060 0
918 0
534 41
593 47
966 112
689 63
318 21
409 6
275 15
92 1
184 0
248 12
125 5
475 6
188 0
241 0
345 0
223 0
256 0
170 0
54 0
149 0
48 0
51 4
92 32
78 0
181 10
166 2
51 0
115 0
11 0
75 0
31 0
99 0
26 0
104 4
20 14
30 1
5 0
16 10
4 5
21 0
9 9
15 0
4 0
7 0
16 0
9 0
18 0
86 4
55 0
15 0
36 30
90 0
142 16
45 0
12 0
19 0
74 0
93 0
41 0
59 0
55 0
24 0
19 0
17 0
1 0
1 0
0 0
7 0
7 0
5 0
11 0
0 0
9 0
20 0
52 0
32 0
25 0
16 0
3 0
13 0
6 0
7 0
0 0
0 0
2 0
0 0
15 0
0 0
15 0
0 0
0 0
0 0
5 0
2 0
9 0
0 0
0 0
4 0
0 0
10 0
21 0
79 0
50 0
42 0
11 0
12 0
0 0
0 0
0 0
0 0
0 0
6 0
0 0
0 0
0 0
5 0
0 0
3 0
2 0
0 0
0 0
0 0
8 0
0 0
0 0
0 0
2 0
0 0
0 0
8 0
0 0
8 28
0 0
2 0
0 8
0 0
0 1
0 12
0 0
0 0
0 0
0 4
0 0
0 0
0 0
0 0
0 0
3 0
4 0
0 0
0 0
9 0
0 0
0 0
0 0
0 0
0 0
0 0
0 0
0 0
0 0
3 0
0 0
0 0
0 0
0 0
0 0
21 0
23 0
30 0
14 0
25 5
21 0
52 0
56 0
4 0
58 0
4 0
12 0
18 2
42 0
4 0
0 0
13 0
0 0
2 1
3 0
13 0
4 0
8 0
12 0
0 0
6 0
0 0
2 0
17 0
0 0
4 0
0 0
1 0
8 9
5 0
2 0
0 0
0 0
7 0
12 0
6 0
0 0
20 17
0 105
1 185
0 122
0 83
0 18
0 13
0 0
0 9
0 26
0 29
0 71
0 136
0 216
0 156
0 190
0 61
0 49
0 0
0 0
0 1
0 0
0 2
0 5
0 0
0 0
0 0
0 0
0 0
0 0
25 0
28 0
35 2
44 0
52 0
29 0
18 0
24 0
29 0
4 0
15 0
7 0
5 0
0 0
0 0
12 0
8 0
2 16
3 28
0 0
2 14
0 0
5 0
0 0
0 0
4 0
189 0
334 0
226 0
62 0
312 0
334 0
64 0
276 0
122 0
121 0
38 0
79 0
212 0
139 0
144 0
24 0
36 0
11 0
2 0
0 0
11 0
5 0
5 0
0 0
0 0
2 0
0 0
0 0
0 0
0 0
0 0
0 0
2 0
0 0
0 0
0 0
0 0
0 0
1 0
0 0
0 0
0 0
0 0
0 0
0 0
0 0
0 0
4 0
18 0
10 0
4 0
16 3
15 0
17 0
25 0
6 0
29 0
29 0
11 0
5 0
13 0
13 0
16 3
1 4
7 22
0 25
0 9
0 64
1 70
1 7
5 49
17 51
0 21
0 56
0 26
0 83
0 66
13 46
28 22
0 0
33 17
4 0
3 16
0 0
0 5
3 6
0 197
0 741
0 1360
0 1592
0 1789
0 2036
0 2612
1 2862
0 3110
0 3508
12 3672
0 3445
3 2734
9 2427
9 1961
8 1856
10 1676
11 1586
11 1166
5 931
2 889
4 476
0 319
0 364
2 450
0 344
0 237
0 222
0 115
0 96
0 14
0 18
0 23
0 11
0 16
0 2
0 52
0 5
0 58
0 37
0 40
0 22
5 105
0 124
0 90
0 55
5 16
0 30
0 12
0 5
0 3
0 0
0 18
0 0
0 0
0 0
0 1
0 5
0 0
0 0
0 4
0 0
0 0
0 0
0 0
0 0
0 0
0 0
0 0
0 0
0 0
0 0
0 0
0 0
0 0
0 0
0 0
0 0
0 0
0 0
0 0
0 0
47 0
24 0
18 0
2 0
0 0
15 0
0 0
6 0
0 0
0 0
0 50
0 0
0 0
6 14
5 36
0 32
0 45
0 56
0 93
0 100
0 73
0 54
0 7
0 20
0 12
0 0
0 0
0 1
0 0
0 0
0 6
0 0
0 0
0 0
0 0
0 0
4 0
0 0
0 0
2 1
0 0
0 0
0 0
0 0
0 0
0 0
0 0
0 0
0 0
0 0
0 25
0 0
0 5
0 0
0 0
0 0
0 0
0 0
0 0
0 0
0 0
0 0
0 0
0 0
0 0
0 0
0 0
0 0
0 0
0 0
0 0
0 0
0 0
0 33
0 1
0 0
0 0
0 0
0 0
0 0
0 0
0 19
0 165
0 698
2 1372
2 2204
8 3522
12 4888
13 5356
8 5571
7 5575
12 6275
11 6938
12 8574
16 10277
18 11278
32 12677
53 13385
37 13497
53 13045
114 11844
94 9921
78 8428
70 7215
54 5969
61 4778
52 3679
40 2887
19 2789
24 2603
18 2351
30 2353
35 2255
36 2349
36 2357
24 2348
18 2247
12 2140
17 1848
14 1775
13 2081
15 2437
16 2477
12 2396
6 2098
5 1478
0 662
4 1191
8 2061
16 2508
20 3030
24 3298
25 3444
25 3407
21 3026
16 2635
10 2311
4 1785
3 1242
4 979
3 948
8 1539
14 1853
21 1993
47 2640
57 3442
54 4017
39 4264
55 4714
74 5958
67 7199
80 8480
78 9820
60 10080
58 9790
56 9022
48 8188
54 8186
49 7631
68 7326
38 6516
41 5733
24 5248
14 4312
155 4100
318 2977
130 2313
226 1652
535 1684
1433 2442
1675 2961
2268 2617
1865 2522
1773 2489
2252 3003
2958 3139
2957 2777
2926 2485
3619 2828
4088 2870
3427 3131
5128 3268
4023 4219
4068 5006
1583 5404
2095 5077
1084 4694
1330 4099
1912 3645
2985 3642
2495 3116
3481 3025
3081 2727
4420 2171
7463 1901
4846 1735
6738 1897
5311 2076
7305 2966
6220 3074
8981 2342
7753 2430
9224 2517
7652 2485
9482 2323
8588 2638
9786 2470
8434 2203
9565 1829
8455 1705
9436 1544
8705 1598
9570 1461
8209 1051
8665 1695
7099 1632
7466 1513
6214 1848
6594 1476
5360 1102
5723 1457
4078 1246
4537 1830
2663 1823
3190 1587
2844 1672
3491 2063
3545 2442
3366 2369
2723 1965
2247 1911
2226 2041
1902 1871
1466 1564
1186 1903
977 1733
838 1519
1056 1852
894 1874
971 2170
656 2078
393 1850
169 1903
69 1611
184 1417
147 1819
205 2126
216 1886
271 1707
282 1670
297 1209
338 938
359 804
302 1486
341 1038
531 678
282 554
540 665
458 1049
1216 918
1439 506
1923 268
1725 467
1751 465
1570 855
710 707
329 711
395 1015
185 811
112 705
186 1055
87 928
148 1427
37 1974
61 1674
4 899
85 1179
6 1099
48 748
3 619
0 554
3 531
14 779
8 971
11 1204
10 2031
15 2354
34 2404
13 1921
50 1297
53 1294
120 1760
115 2321
174 2390
211 2862
183 2888
186 3314
177 2765
143 3028
66 3074
44 2875
68 2303
51 2158
81 1875
19 1401
7 932
8 1086
15 1262
17 1446
12 1172
7 860
18 664
13 396
26 364
47 379
34 365
36 382
44 198
37 77
26 243
10 158
39 134
6 156
20 211
35 55
3 8
23 33
6 30
26 14
11 58
22 44
42 56
12 98
5 37
6 110
5 146
4 112
6 121
2 113
5 220
5 330
16 615
11 720
7 841
1 1014
4 1024
5 1047
7 1423
9 1413
9 1167
7 1161
12 740
1 321
23 269
9 83
1 89
8 131
63 19
120 162
137 382
123 193
39 89
3 99
0 238
6 377
1 352
1 233
0 19
0 1
0 0
0 3
0 0
1 8
0 98
0 96
0 282
0 433
1 640
4 849
6 1281
7 1401
12 1284
6 1264
5 1373
6 972
8 704
12 976
9 1268
8 1520
16 1505
14 1156
14 1150
17 1440
9 1093
3 384
4 330
1 98
1 18
0 38
3 129
2 109
2 93
3 123
1 82
1 57
0 43
1 42
0 4
0 16
3 235
4 419
5 341
4 299
2 282
3 554
5 1102
16 1258
10 1702
18 1933
17 2230
12 2433
15 2667
9 2464
2 1921
1 1220
50 986
1 650
52 707
94 871
312 1007
400 1167
566 1124
745 922
885 1416
1064 1792
1226 1894
1679 1899
2014 1943
2278 1976
2605 2209
2333 1821
2412 1724
2359 1181
2201 571
2066 358
2694 315
2852 365
3443 541
4829 442
6041 111
6672 43
6930 166
7174 225
7393 181
7357 90
6822 125
6666 28
7148 36
7074 78
7260 71
7671 34
7754 18
7665 27
7631 37
7889 71
7782 42
7287 32
7046 34
6725 49
7241 32
7181 66
7115 41
7492 48
7037 53
6393 78
5625 36
4175 33
3486 18
2749 36
2040 15
1519 13
918 5
591 7
857 35
1530 92
1857 85
1648 108
1205 47
792 47
1760 53
2183 17
2728 42
1638 15
582 13
352 3
271 1
79 3
12 0
229 1
150 0
242 0
368 0
449 0
597 0
357 0
315 0
157 7
124 0
444 0
731 22
441 0
452 0
278 0
353 0
316 0
98 0
135 0
58 0
226 0
184 0
152 0
185 5
257 0
197 5
234 0
255 0
294 0
191 0
256 0
247 0
248 0
518 0
344 0
342 1
347 2
434 0
700 1
732 0
725 1
596 5
391 0
240 0
103 1
155 0
169 2
158 0
43 0
93 0
171 0
180 0
202 0
111 0
102 1
22 0
19 0
35 0
16 0
12 0
82 0
139 0
153 0
92 0
3 0
100 0
122 0
91 0
47 0
9 0
29 0
60 0
57 0
82 0
87 0
42 0
0 0
0 0
0 0
0 0
0 0
0 0
2 0
6 0
0 0
0 0
0 0
0 0
0 0
0 0
0 0
1 0
0 0
0 0
0 0
0 0
0 0
0 0
0 0
3 41
3 381
32 1004
31 1716
33 2327
57 2540
23 2697
14 2495
5 2489
3 2294
4 1992
0 791
3 1676
0 1671
6 1525
31 1630
19 1926
53 3284
18 3125
9 3288
25 2908
79 2484
140 1589
157 1322
114 1309
35 1480
23 1537
88 2081
66 1784
69 1497
215 1341
334 572
421 596
494 1168
614 1042
648 891
736 627
698 834
477 1364
396 1950
386 2166
200 2421
262 2318
149 1713
110 1538
75 1088
114 827
123 774
103 1246
98 1151
202 1456
198 1730
34 1742
64 2114
32 2561
86 2776
120 2879
228 3063
234 2760
153 3171
150 3317
235 3991
237 3305
346 2439
385 1312
378 468
209 582
253 810
602 1279
795 1521
378 1565
310 1846
262 1795
130 1706
217 1478
133 1659
134 2486
36 3036
53 3555
39 3527
86 3168
76 2645
21 3182
95 3383
75 3635
25 3969
78 4682
10 5384
78 5469
39 4793
43 3608
41 2987
58 2815
133 2752
242 2763
163 2779
175 2438
137 1984
390 1396
106 1060
48 948
132 1057
45 1013
22 1016
21 874
3 801
6 617
7 665
2 228
6 62
6 199
21 424
32 592
15 791
15 742
13 559
8 411
18 484
2 531
2 545
0 639
2 663
4 949
21 1330
4 1593
11 1501
41 1817
46 2512
31 2884
29 3369
77 3517
8 3754
44 3947
19 3788
9 3015
9 2329
0 1597
125 1196
62 505
1 108
14 70
3 157
44 389
4 646
3 772
6 978
4 1124
46 1298
34 1370
53 1556
12 1686
11 1763
10 1849
49 1693
10 1748
11 1586
10 1424
10 1262
9 932
6 747
18 1109
28 1477
53 1711
29 1840
71 2203
8 2875
7 3271
58 3778
24 4213
51 4928
35 5189
47 5189
0 5671
42 5787
41 5882
26 5449
12 4351
4 3894
5 3562
5 3015
6 2860
6 3478
40 3540
21 2864
12 1519
331 1240
306 1869
217 1425
134 1680
72 1466
27 1465
128 1420
138 1561
388 1841
578 1873
653 1954
232 2164
258 2386
374 2793
368 3479
232 4241
209 5250
788 6246
591 7014
437 7865
232 8943
95 8408
148 7604
122 6976
303 6782
344 6849
217 7351
189 8418
113 8117
220 7488
291 6322
238 6992
47 6759
43 6596
62 5756
37 4905
111 4104
34 3259
102 2555
59 2706
139 3052
79 3368
9 2917
21 2698
183 1986
36 1390
44 723
12 472
34 540
56 832
15 474
9 214
45 153
47 197
38 122
124 9
49 28
51 96
18 248
38 35
18 29
37 80
63 4
69 13
28 32
117 100
44 113
23 47
64 184
46 140
23 122
39 35
82 6
50 14
40 5
32 7
17 6
31 0
11 0
1 2
4 29
8 6
152 2
18 2
75 16
130 25
50 58
3 52
34 16
10 37
115 5
111 11
19 24
186 9
103 15
73 1
0 13
53 0
2 10
11 0
0 0
0 4
23 5
0 0
9 2
47 0
0 11
0 1
55 13
13 9
77 7
114 8
10 0
0 0
1 0
0 0
0 0
80 0
61 0
24 0
11 0
19 1
0 0
50 2
8 0
20 0
12 0
42 0
3 0
0 0
0 0
0 0
5 0
0 0
2 0
9 0
9 0
6 0
7 0
0 0
0 0
0 0
0 3
0 126
0 205
0 289
1 238
2 180
0 253
0 101
3 206
0 52
0 40
0 68
8 98
0 86
0 138
28 69
11 129
72 69
21 91
53 40
114 16
72 30
76 2
72 4
110 0
89 0
70 1
32 1
21 0
20 0
79 25
114 6
72 29
57 6
19 28
85 10
349 15
464 3
326 0
193 0
58 0
16 0
46 0
83 0
48 1
79 0
92 0
41 0
80 0
34 0
14 7
13 14
13 26
11 13
4 9
19 8
0 32
36 5
32 0
24 8
83 0
121 0
67 0
134 4
20 5
86 0
30 0
36 0
32 5
27 18
4 0
16 15
10 0
3 0
4 0
16 0
0 0
0 0
11 0
0 0
0 0
0 0
0 0
0 0
0 20
1 0
8 1
4 0
1 0
0 0
13 0
7 0
3 0
4 0
7 0
61 0
97 0
58 0
43 0
73 0
49 0
34 0
1 0
7 0
1 0
1 0
46 0
55 0
65 0
0 0
25 0
29 0
0 0
0 0
0 0
8 0
9 0
5 0
15 0
18 0
87 0
109 0
84 0
41 0
174 0
37 0
121 0
197 0
123 0
325 0
305 0
222 0
202 0
300 0
176 0
46 0
59 0
12 0
38 0
26 0
21 0
21 0
42 0
43 0
0 0
26 0
43 34
52 13
31 0
0 0
0 0
5 3
0 6
0 0
0 0
12 9
0 0
0 0
0 0
7 56
4 0
0 1
7 0
0 0
1 0
1 0
0 0
4 0
6 0
22 0
2 0
9 0
0 0
2 0
9 33
2 1
8 0
0 16
6 0
7 0
3 3
1 15
9 0
3 8
3 1
0 2
0 11
0 0
0 0
2 0
0 0
0 0
0 0
0 0
0 0
0 0
0 0
5 0
0 0
0 0
1 0
0 0
0 0
0 0
0 0
0 0
0 0
0 0
0 0
0 0
2 0
0 0
6 0
0 0
7 0
0 0
0 0
0 0
0 0
0 0
0 0
2 0
0 0
0 0
1 0
0 0
0 0
0 0
3 0
0 0
0 0
0 0
0 0
9 0
0 0
0 0
0 0
0 0
0 0
0 0
5 0
0 0
3 0
24 1
0 0
13 7
36 42
50 270
39 369
86 382
41 323
100 348
94 233
51 313
92 250
84 167
81 231
99 320
0 176
72 253
261 320
362 247
275 229
169 23
53 14
24 65
0 15
0 76
1 90
0 45
4 58
0 54
0 115
3 164
0 50
0 67
0 28
1 40
0 64
0 64
4 18
0 22
0 12
0 0
0 3
0 0
0 21
0 0
0 36
0 59
3 74
0 41
0 31
0 0
0 0
0 0
0 0
0 31
0 3
0 0
0 0
0 0
0 0
0 0
0 0
0 0
0 3
0 1
0 0
0 0
0 0
8 9
0 0
3 0
7 0
12 0
0 0
0 0
0 0
8 0
7 0
9 0
0 0
8 0
0 0
0 0
0 0
0 0
0 0
0 0
0 0
0 0
0 0
0 0
0 0
0 0
0 0
0 0
0 0
0 0
1 2
9 0
20 0
1 0
1 0
0 0
0 0
0 0
0 5
29 2
85 0
0 0
0 48
1 1
18 0
4 20
0 0
44 0
8 0
0 0
25 0
0 0
0 0
78 0
14 0
36 0
2 0
0 0
0 1
61 3
65 0
144 0
26 0
41 0
73 0
0 0
2 0
0 0
0 0
1 0
3 0
2 0
101 0
28 0
18 0
13 0
3 0
0 0
0 0
0 0
13 0
0 0
2 0
0 0
0 0
0 0
0 0
0 0
4 0
0 0
0 0
0 0
0 0
0 0
0 0
0 0
0 0
2 0
0 14
14 15
0 0
0 6
63 0
10 0
8 0
20 0
3 0
32 0
57 0
68 0
71 0
163 0
66 0
20 0
30 0
10 0
11 0
21 1
74 13
45 4
66 20
154 22
146 0
51 11
9 0
3 0
94 5
7 0
45 0
23 0
141 0
95 0
344 0
545 5
582 10
505 8
1315 6
1410 0
862 3
441 1
778 0
659 1
231 1
55 5
66 3
179 0
190 18
323 0
380 0
463 0
349 0
199 0
63 0
27 0
12 0
40 0
30 0
20 0
2 0
5 0
39 0
5 0
30 1
0 20
0 0
0 20
25 2
3 0
20 0
22 0
18 0
107 0
241 0
226 0
204 1
130 0
99 3
144 0
181 0
119 0
133 0
30 0
48 0
2 0
46 0
30 0
0 0
0 0
22 0
1 0
0 0
0 0
0 0
0 0
0 0
0 0
31 0
15 0
0 0
8 0
0 0
0 0
0 0
4 0
0 0
4 0
0 0
0 0
0 0
0 0
0 0
0 0
0 0
0 5
0 0
0 0
0 0
8 0
64 0
0 0
0 6
91 28
113 21
36 16
5 4
2 21
37 13
65 32
13 5
16 15
134 1
86 0
30 0
2 0
0 0
5 0
1 0
4 2
2 2
6 7
0 9
0 6
0 8
1 9
0 13
4 0
1 7
1 0
2 7
2 0
12 0
48 0
46 0
18 0
3 0
2 0
16 0
34 0
0 0
0 0
0 0
2 0
10 0
9 0
6 0
8 0
8 0
8 0
40 0
7 0
10 0
17 1
11 0
0 0
0 0
0 0
0 0
0 0
19 0
51 0
3 16
29 0
13 0
5 0
0 0
6 0
10 16
11 13
26 2
0 7
9 0
0 0
35 0
0 0
0 0
0 24
0 42
0 6
3 0
4 0
0 0
0 0
0 2
0 0
0 1
2 1
0 0
0 0
0 0
0 0
0 0
0 0
0 0
0 1
0 0
0 4
0 5
0 0
0 0
0 3
0 10
0 0
0 0
1 1
77 1
212 12
203 34
297 27
311 14
288 11
264 23
163 0
88 0
64 0
50 0
55 0
37 0
45 0
45 4
7 0
0 0
12 1
12 0
28 0
0 18
0 32
0 0
0 12
2 0
0 0
0 0
4 0
1 0
1 0
0 0
11 7
0 0
0 7
8 8
11 21
1 38
2 32
20 11
45 7
24 2
0 0
19 0
25 2
0 0
2 0
39 0
23 0
6 0
25 0
30 0
90 0
149 0
214 0
170 0
97 15
84 17
45 0
26 8
0 0
0 0
26 0
25 2
4 0
12 0
7 0
0 0
0 0
0 0
8 0
0 1
1 0
0 0
0 3
5 0
0 0
1 0
0 3
0 0
1 9
0 13
4 4
0 3
0 9
0 89
0 50
0 58
0 64
0 5
11 9
0 22
12 61
0 33
0 67
0 73
0 142
0 158
0 193
0 122
0 80
0 175
0 119
0 5
0 7
0 0
0 16
0 15
0 4
0 15
0 1
0 1
0 6
0 12
0 1
0 0
0 0
0 0
0 0
0 0
0 0
0 0
0 18
0 39
0 0
0 0
0 0
0 0
0 0
0 0
0 0
0 0
0 3
0 0
0 0
0 0
0 0
0 2
0 0
0 1
0 0
0 0
0 0
1 0
3 0
0 0
6 0
3 0
4 26
7 30
0 32
0 8
0 0
0 22
0 2
0 8
0 7
0 29
0 0
0 4
0 4
0 0
0 14
0 0
0 0
0 0
0 0
0 4
0 0
0 0
0 0
0 0
0 0
0 0
0 0
0 0
10 0
0 0
10 0
0 0
0 0
0 0
0 0
0 0
0 0
0 26
0 8
0 0
0 0
0 2
0 0
0 0
0 0
0 0
0 0
0 0
0 0
0 0
0 0
0 0
0 0
0 0
0 0
0 0
0 0
0 0
0 0
1 0
13 0
0 0
0 0
0 0
0 0
0 0
0 0
0 0
0 0
0 0
0 0
0 0
0 0
0 0
0 0
0 0
0 0
0 0
0 0
0 0
0 0
0 0
0 0
0 0
2 0
0 0
0 0
0 0
0 0
0 0
1 0
0 0
0 0
0 0
1 23
0 0
0 0
1 0
0 0
3 2
2 0
23 0
52 0
29 0
19 0
45 7
0 2
0 0
0 0
0 2
0 0
0 0
0 0
0 5
4 1
0 0
0 3
7 0
0 31
0 10
0 0
2 0
2 0
15 0
9 0
34 0
40 0
63 0
106 0
136 0
600 7
917 7
1135 4
1333 5
1774 20
1681 27
1578 18
1220 21
349 13
184 17
94 1
198 9
300 21
439 17
157 1
31 1
25 0
22 1
22 0
10 4
22 11
9 7
26 28
12 6
0 5
26 10
12 0
11 3
3 0
7 1
0 0
0 0
0 0
0 0
20 0
271 0
139 1
1 13
60 0
291 0
82 0
0 4
0 1
32 6
15 0
1 5
4 9
6 15
0 21
0 0
0 2
0 35
0 16
0 28
4 94
1 28
0 59
0 32
0 53
0 22
0 22
0 17
0 6
0 30
0 40
0 43
0 8
0 0
0 15
0 25
0 0
1 0
0 3
0 0
7 0
12 0
4 0
21 0
16 0
8 0
0 0
0 2
0 6
0 0
20 0
21 0
2 0
24 0
3 0
0 0
3 0
0 0
0 0
0 0
0 0
0 0
0 0
0 0
0 0
0 0
0 0
3 0
0 0
32 0
76 0
63 0
118 0
142 0
109 0
114 0
173 3
193 31
140 2
119 0
83 0
65 0
42 0
3 0
10 0
26 0
61 0
58 0
1 0
37 0
111 0
112 0
57 0
55 0
27 0
86 0
16 0
15 0
7 0
2 1
4 0
12 0
2 0
0 0
1 0
13 0
37 0
0 0
20 0
0 0
1 0
0 0
2 0
10 0
10 0
8 0
2 0
17 31
1 0
0 17
16 9
0 0
0 0
25 0
20 0
10 0
7 4
24 2
7 13
29 60
10 27
118 39
210 3
154 5
120 6
72 2
34 8
0 4
2 4
18 3
192 0
555 0
746 5
630 97
475 154
347 139
68 98
10 102
0 90
1 57
0 8
0 1
0 4
7 8
15 0
6 4
0 12
0 66
0 133
0 194
0 182
0 204
0 179
23 83
0 40
8 10
0 12
0 12
0 9
0 5
4 11
27 0
100 0
440 2
633 0
641 0
555 0
203 0
165 0
146 0
37 10
64 11
108 9
98 2
24 24
53 27
45 0
34 2
50 10
62 4
16 0
8 7
10 12
0 21
0 29
3 10
12 0
1 0
0 2
0 0
15 4
0 1
1 0
0 0
33 0
37 0
0 0
32 0
0 0
10 0
17 0
0 0
0 0
0 0
0 0
0 0
0 0
0 43
0 331
0 566
5 749
0 639
0 546
0 534
0 608
4 908
1 1085
9 1212
6 852
0 386
19 170
0 275
0 214
0 113
0 102
0 126
0 86
0 71
0 122
16 125
7 205
0 157
10 70
0 7
8 16
4 14
0 12
0 17
0 12
0 8
0 10
7 13
0 5
11 7
0 0
35 29
0 0
0 0
0 0
0 24
7 12
0 8
0 13
0 42
20 78
0 149
21 237
12 329
22 269
0 118
6 131
4 39
0 30
0 48
0 74
4 53
22 92
4 57
18 80
15 94
4 46
18 9
0 11
24 11
0 17
0 12
10 14
1 9
0 14
2 31
4 12
2 2
0 0
4 0
30 0
9 0
43 0
4 0
63 0
18 2
40 10
0 0
2 0
0 0
8 0
0 0
1 0
11 0
0 0
45 0
8 0
22 0
0 0
0 0
2 1
4 7
8 31
3 62
0 72
4 95
1 136
20 114
3 105
8 73
0 31
5 67
0 70
16 70
19 45
33 1
59 12
61 0
19 0
25 3
144 3
188 2
140 3
69 3
9 0
30 0
2 0
28 3
28 19
44 29
66 29
72 53
28 7
40 0
14 0
0 0
32 0
1 0
56 0
13 4
36 0
0 2
23 3
85 4
41 5
17 0
8 0
1 0
8 0
0 0
64 0
83 0
79 0
79 0
69 0
43 0
242 0
199 0
169 1
133 32
103 62
42 44
60 40
47 1
100 11
130 2
264 1
314 8
149 0
82 6
199 0
441 9
675 5
688 13
429 8
238 7
284 2
558 13
640 0
617 3
521 0
491 1
349 0
189 0
257 0
278 0
390 0
260 0
62 0
127 0
37 0
79 0
67 0
10 0
68 0
0 0
59 0
61 0
62 0
4 0
69 0
163 0
209 0
112 0
35 0
231 0
352 0
31 0
85 0
290 0
147 0
35 0
35 70
124 153
101 148
28 120
103 108
144 14
22 17
47 0
127 19
42 29
69 0
65 33
67 151
23 66
9 56
24 78
35 165
28 81
0 30
58 118
15 99
7 1
0 33
77 141
43 65
50 0
75 19
0 16
78 0
0 12
54 7
22 7
26 0
0 6
18 4
0 0
17 6
0 1
15 7
0 28
16 2
0 0
21 1
7 8
53 3
10 7
16 10
0 0
0 0
0 0
0 2
3 0
86 0
223 0
377 14
400 15
304 1
360 50
368 68
307 7
337 21
345 33
540 36
894 0
993 3
774 10
323 5
207 7
301 14
332 1
217 0
290 7
297 0
186 0
446 0
454 0
566 0
431 0
290 0
314 2
463 0
468 0
123 0
114 1
90 0
60 0
104 0
65 0
49 4
79 6
133 0
166 0
293 0
65 0
119 0
95 0
13 0
15 0
44 0
346 0
257 0
268 0
135 0
215 0
350 0
265 0
128 0
216 0
256 0
183 0
132 0
51 0
168 0
58 0
0 0
21 0
1 0
36 0
89 0
17 0
7 0
14 0
46 0
31 0
130 0
120 0
197 0
184 0
87 0
84 0
79 0
178 0
57 0
30 0
79 0
39 0
102 0
189 0
125 0
138 0
302 0
127 0
99 0
254 0
253 0
330 0
291 0
1 0
142 0
713 0
858 0
346 0
274 0
662 0
319 0
117 0
611 0
478 0
158 0
9 0
138 0
198 0
190 0
209 0
145 0
323 0
346 0
145 0
40 0
36 0
52 0
212 0
103 0
17 0
89 0
157 0
33 0
32 159
68 187
13 9
6 0
11 19
4 60
36 241
28 341
4 461
5 501
37 608
45 650
20 357
0 154
16 346
19 289
14 1
31 5
30 21
44 53
62 66
38 292
7 430
63 271
29 43
54 5
276 33
263 27
238 27
151 68
165 32
130 1
67 8
198 6
294 10
282 41
213 12
99 23
290 24
326 67
510 34
290 89
404 100
401 88
390 101
273 132
202 79
435 8
527 7
539 2
506 0
447 0
514 21
434 10
356 85
396 113
415 41
304 32
99 58
239 104
539 159
692 48
671 30
714 56
661 51
685 90
800 78
692 92
287 52
348 49
430 25
284 26
213 17
129 13
71 6
93 0
150 1
173 0
109 19
42 77
46 45
4 48
5 60
14 212
12 845
10 1637
15 2054
20 2529
9 2876
3 2527
9 2497
12 2968
33 3068
5 2700
21 2524
10 1931
6 1364
7 954
6 807
1 643
0 413
2 547
8 786
10 560
8 741
6 752
1 296
2 607
0 638
0 955
5 1324
5 1851
6 2433
8 3114
9 4119
5 4580
8 4276
12 3656
5 2710
6 2562
7 2297
5 2254
6 2255
10 1926
11 1322
19 846
37 1738
25 2088
34 1955
26 2070
13 1441
23 1863
292 2156
647 1126
1150 1454
1533 1348
1587 844
1804 813
1614 885
1855 906
2075 1016
2310 974
2544 970
1843 711
2212 726
2518 198
2842 283
3179 549
3813 654
4033 719
4975 609
6446 514
7041 552
7713 910
8170 786
8757 575
9058 592
9702 315
9717 69
9520 59
9092 163
8704 160
8473 100
7880 34
7778 56
7553 237
7017 475
6891 495
6657 308
6045 148
4767 16
3603 48
3086 38
2562 34
2033 55
1461 31
923 19
657 4
604 10
435 10
1268 15
1132 42
1457 70
1512 59
1481 17
1530 26
1053 185
1670 284
1094 34
2055 1
995 3
3576 7
3575 26
5844 8
5936 4
8212 5
8166 45
9565 41
9191 35
9649 29
9438 41
9700 27
9645 44
9781 97
9008 149
8767 159
7461 105
7329 73
7117 31
8688 43
8006 63
8243 60
7150 40
7473 48
6398 48
7067 57
6082 50
7226 61
6281 47
7059 67
5748 63
6674 54
5641 43
6860 51
5831 32
6804 34
6587 82
6458 125
5799 190
5387 90
5303 619
5779 828
7002 803
6543 755
6504 717
7312 596
7928 535
7936 442
8536 601
6351 700
8446 431
6480 111
7509 200
4603 58
4874 87
2756 96
5724 66
1842 56
3188 124
3013 172
2990 264
5558 306
3759 280
6152 258
4130 176
7162 193
6089 167
11188 131
11563 93
13132 123
11084 120
10368 99
8400 89
8658 152
7340 161
7306 66
5756 82
6500 80
6018 45
5417 35
3849 20
2006 6
5847 44
4504 31
6040 81
5315 61
6049 82
5828 74
5904 67
3151 48
3228 22
1480 21
2250 804
1255 1623
1830 1891
2383 2128
2765 2073
3135 2212
3114 2007
1496 1817
2504 1627
2694 1330
3524 1074
2804 818
3375 403
3707 412
3078 167
2631 31
2513 43
2697 305
2776 905
2851 818
3372 909
4293 959
4024 852
3271 468
2829 538
3113 853
3471 936
4295 934
4951 809
5474 622
4369 314
4209 312
4998 518
4489 630
3737 292
4486 875
4550 834
5094 897
4064 851
6228 1050
7334 1335
8956 1671
9317 1507
10194 1337
10551 1472
10874 1029
9139 754
9498 1013
7677 821
7404 380
6442 368
8419 205
8514 99
8229 157
4222 76
4462 71
8172 76
5413 65
6709 104
3752 412
7564 552
4521 650
7480 661
3718 129
6453 642
3223 1013
5761 1472
2042 1907
4276 2203
801 2731
2463 3083
707 3828
711 3286
863 2229
283 805
660 542
284 543
347 561
125 342
405 131
55 50
659 85
115 4
150 2
486 15
142 6
773 5
4 0
164 7
91 4
13 0
0 0
0 0
0 0
2 115
0 516
1 1000
1 1555
7 1938
1 2145
0 2143
0 1862
0 1734
0 1689
0 1704
0 1849
0 1922
3 1916
8 2041
8 2281
13 1836
2 2117
12 2485
3 2661
0 2387
0 2029
0 2266
0 2562
0 3568
0 4269
0 4383
0 4027
0 3395
0 2298
0 1026
0 1001
0 2180
6 2737
8 2995
9 3050
3 3273
8 3277
0 2636
3 1443
0 1110
0 1612
0 2438
0 2832
0 2317
0 1239
0 799
0 359
0 849
0 977
0 1101
0 1040
0 933
0 640
0 83
0 960
0 1480
3 1534
4 1403
10 1077
3 711
4 610
15 916
7 1217
0 1802
0 1799
1 1121
0 527
0 1020
0 932
0 201
0 874
0 1585
0 2803
0 3605
0 3480
0 2671
0 1682
0 825
1 166
0 238
0 601
3 1336
0 2228
0 3172
0 3406
2 2547
4 1516
0 1309
0 2832
4 2896
6 2526
0 1673
0 1388
0 1841
0 1133
0 771
0 1176
0 1758
0 2541
0 3116
0 3391
0 3344
0 3445
0 2677
0 1826
3 879
0 1039
0 874
2 893
7 381
2 111
13 12
41 9
7 23
50 1
57 0
14 0
4 13
11 28
0 32
1 14
4 24
0 84
0 79
1 60
0 79
4 176
7 334
4 480
12 566
29 482
4 563
7 472
7 236
0 67
0 0
0 51
0 11
0 33
0 53
2 45
0 3
0 39
0 9
0 5
0 24
0 5
0 12
0 0
0 11
0 4
0 4
0 4
0 4
0 0
0 6
1 0
0 28
0 4
0 0
0 0
0 0
11 2
0 0
0 0
7 2
0 0
0 0
0 0
0 0
20 0
14 0
0 0
0 4
64 0
0 0
0 0
22 0
25 0
13 0
0 0
0 0
0 0
0 0
0 0
0 0
0 0
0 0
0 0
0 0
1 0
0 0
0 0
0 0
0 0
2 0
54 0
3 0
0 107
2 575
13 1048
12 1140
0 793
0 395
0 493
0 572
0 475
0 377
0 404
0 302
0 322
0 450
0 409
0 205
0 163
13 539
0 681
0 1133
0 1710
0 2959
14 3749
17 3980
16 3592
13 3628
5 3781
2 3892
6 3023
5 2322
3 1784
4 2047
5 1358
5 1172
6 953
3 1336
6 2049
1 2878
9 3022
12 3425
20 3204
17 3471
18 3079
14 2641
0 1982
0 1661
0 1077
0 367
0 353
0 205
0 183
1 138
0 110
0 348
0 512
0 450
0 213
0 176
0 441
10 363
0 271
11 126
21 4
9 7
2 0
0 4
2 1
24 7
3 2
5 0
29 0
20 0
13 0
10 0
3 4
6 0
7 0
7 1
1 0
1 1
10 0
22 0
5 0
0 0
0 0
8 0
1 0
30 0
1 0
0 0
13 0
0 0
0 0
0 0
0 0
9 0
0 0
0 0
7 0
0 0
0 0
0 0
0 0
0 0
0 0
0 15
10 2
0 8
1 0
4 0
0 0
3 0
46 0
22 21
74 7
52 31
384 4
800 2
1093 0
1599 0
2178 2
2827 2
3623 8
4115 9
4599 11
5855 22
5897 47
6068 66
6219 97
6351 94
6243 68
6990 66
7593 83
6784 70
5879 65
4436 43
3578 28
4379 26
5505 36
6378 54
3792 24
3713 109
3777 359
3907 548
2084 556
2908 523
2885 511
3198 368
2080 243
2995 204
2019 124
2573 61
1725 68
1483 98
2531 160
2769 145
1447 26
1933 51
1696 41
1391 36
1526 35
2711 57
1475 51
716 34
638 18
1511 30
416 6
500 7
233 2
1114 22
1459 27
2199 31
2695 35
1163 23
536 4
1138 8
2491 37
716 18
384 2
466 5
454 4
359 3
440 3
675 10
702 14
281 4
346 6
988 30
1195 78
985 281
1077 339
1403 223
1408 143
1144 105
1052 118
1214 27
1270 34
1483 14
1811 37
2434 80
2834 199
2668 374
2644 594
2690 525
3023 598
3468 398
4078 388
3566 209
3457 105
3305 64
3586 31
3420 33
2872 25
2443 18
2532 32
2437 28
1832 11
1991 17
1653 38
1422 12
570 2
476 6
514 2
783 7
1698 21
2290 14
2658 16
2394 4
2408 3
2272 0
2248 0
2024 0
1739 0
2440 7
2824 10
3049 11
2703 8
3289 19
4389 28
4204 113
3861 176
3661 206
3732 209
2407 94
1414 100
1066 40
637 15
491 10
295 0
430 0
386 0
553 5
318 14
302 53
182 22
154 68
205 2
317 26
171 0
23 0
15 0
39 0
2 0
9 0
0 2
15 0
19 1
73 2
17 0
39 0
14 2
0 0
40 0
0 0
1 0
0 0
0 0
2 0
47 0
15 0
31 0
12 0
0 0
4 0
0 0
0 0
1 0
12 0
0 37
0 0
40 4
17 16
53 11
0 4
0 23
0 29
0 5
0 59
0 103
0 189
0 453
0 856
0 1159
0 1541
0 1553
0 1901
0 1893
0 2091
0 1758
0 1320
0 676
0 1036
0 1336
0 1659
0 1835
0 2171
0 2438
10 2364
0 1100
0 257
0 463
0 437
0 368
0 130
0 12
0 16
0 123
0 141
0 48
0 63
0 153
0 136
0 71
0 74
0 58
0 1
0 10
0 0
0 22
0 302
0 688
0 922
2 928
0 674
0 259
0 18
0 342
0 602
0 515
0 474
0 218
0 77
0 90
0 148
0 180
0 396
0 452
0 519
0 367
0 204
0 278
0 872
1 1080
1 964
0 568
0 366
0 213
3 514
0 958
0 1343
0 1277
0 953
0 1059
0 820
1 1064
0 1072
0 1856
0 2351
0 1273
0 1201
0 725
49 307
19 232
17 360
52 459
0 341
12 163
0 78
0 104
0 190
0 167
0 82
4 19
0 83
0 174
0 168
0 47
0 52
0 49
0 5
0 33
0 7
0 0
0 1
0 100
0 149
0 351
0 505
0 532
0 719
0 690
0 736
0 953
0 702
0 156
0 37
0 40
1 39
11 107
37 298
2 312
21 364
2 367
0 305
0 286
0 183
0 99
0 53
0 47
0 73
0 9
0 4
0 0
0 0
0 0
0 2
0 27
0 16
0 69
0 46
0 29
0 72
2 1605
15 3406
24 4709
16 4336
9 3739
9 4067
12 4876
10 4840
3 3681
9 2595
5 1819
1 1020
3 2030
3 1876
5 1986
2 1674
2 1672
5 2210
7 2929
8 2829
9 2830
6 3173
20 3848
44 3316
26 2861
12 1806
1 1409
5 1428
0 1032
8 719
2 136
0 435
0 429
0 306
0 195
0 0
1 17
0 118
0 107
0 4
53 0
42 41
4 0
0 3
0 0
28 0
24 15
2 21
2 0
39 5
31 0
0 0
0 0
0 0
2 0
2 0
0 0
0 0
2 0
0 0
0 1
0 1
2 13
12 198
1 505
11 962
27 1279
19 1659
21 1942
39 1964
8 2022
11 2097
10 2233
9 2403
11 2605
41 2694
41 2307
0 1938
27 1762
14 1579
5 1389
3 1221
4 988
6 800
5 727
4 489
13 628
65 657
61 689
20 943
4 1144
5 1102
2 952
0 494
19 205
0 195
0 256
0 168
0 139
4 10
35 33
6 62
6 12
28 8
0 92
0 117
0 128
0 57
0 38
0 123
2 464
1 1190
18 1834
48 2576
20 2834
96 2646
32 2276
13 1878
9 1330
20 1132
9 1341
8 1563
16 1973
12 2389
25 2770
103 3316
19 3342
35 3517
53 3585
32 3957
39 4471
39 4799
38 4904
39 4273
35 4037
27 3147
26 1851
19 1251
20 1235
28 1690
1 1873
24 1933
4 2158
13 2576
9 2983
13 3616
15 3731
20 3587
18 2828
5 2283
14 2292
10 2315
23 2858
48 2494
26 1903
13 1346
35 1047
6 878
4 810
4 765
0 762
0 795
3 699
4 649
6 515
4 377
2 332
4 322
2 166
0 1
0 26
0 78
0 124
43 180
3 401
19 689
12 666
0 659
0 593
0 358
0 190
0 222
2 280
1 436
2 533
1 682
0 804
30 768
17 742
8 662
25 276
1 86
0 129
0 97
0 132
0 85
0 66
0 30
0 71
0 119
6 469
2 686
0 870
2 877
1 743
25 660
38 496
8 756
28 950
9 719
1 491
2 333
1 291
3 462
8 744
9 1181
5 1395
4 1190
0 415
0 425
0 400
0 323
0 432
0 276
0 335
0 633
0 630
3 453
0 75
43 337
3 898
29 990
18 724
0 596
0 196
0 226
0 249
0 410
0 646
41 910
0 1007
0 1096
21 865
1 514
0 249
2 106
0 8
0 11
0 21
0 5
10 29
0 3
0 8
0 1
0 4
0 0
0 0
0 1
0 0
0 0
46 0
3 0
0 0
16 0
12 0
0 0
1 0
0 0
0 0
0 25
0 330
0 1012
2 1313
0 1178
0 796
2 854
0 756
1 805
0 744
0 574
0 1087
0 952
41 530
0 661
15 754
14 379
0 250
0 280
0 172
0 33
0 135
0 89
0 42
0 49
0 58
0 0
0 10
0 35
0 0
0 31
0 173
0 168
0 272
0 171
20 19
31 0
0 5
11 3
2 15
1 548
0 1595
1 2837
7 2778
7 1975
0 2251
0 2684
0 2378
0 1414
0 469
0 829
0 1080
0 565
0 36
0 253
0 141
5 56
0 2
0 3
0 41
0 156
0 472
0 961
0 1129
0 800
0 1186
0 1190
2 1242
0 1004
3 969
47 1092
6 1443
2 1322
18 1259
8 979
0 1091
0 595
0 850
0 1852
0 2658
0 3425
2 3897
3 3772
7 3472
13 3146
11 1947
0 1507
0 807
0 628
0 480
0 412
0 228
0 586
11 296
0 48
0 95
5 30
37 0
9 0
9 0
4 0
0 3
32 0
20 0
20 0
1 0
27 0
54 0
62 0
58 0
22 0
33 0
0 0
24 0
0 0
7 0
17 0
8 0
56 0
73 0
36 0
55 0
74 0
22 14
4 5
13 0
3 0
2 0
0 0
2 0
1 0
45 0
10 0
61 0
86 0
94 0
21 3
0 6
4 0
0 0
30 0
42 0
5 0
0 0
0 0
0 0
0 0
44 0
55 0
17 0
9 0
39 0
8 0
1 0
0 0
0 25
3 0
0 4
0 4
2 0
4 0
0 0
0 0
23 0
12 0
0 0
10 6
1 0
3 1
0 6
0 5
18 7
27 5
18 5
33 1
0 0
3 0
15 0
34 0
7 0
0 0
6 0
8 0
13 0
5 0
5 0
0 0
0 0
3 0
13 0
17 0
0 0
0 0
0 1
0 65
0 213
0 219
0 159
0 1
0 63
0 100
0 27
1 0
0 0
0 0
0 0
0 2
0 0
7 0
3 0
0 0
0 0
0 15
22 16
0 7
0 2
13 0
24 0
2 0
0 0
0 0
3 0
29 0
33 0
31 0
6 0
7 0
30 0
22 0
0 0
23 0
42 0
2 0
60 0
21 0
26 0
17 0
64 0
31 0
2 0
32 0
0 0
2 0
58 0
22 0
1 0
4 0
27 0
8 0
6 0
2 0
9 0
33 0
60 0
25 0
32 0
30 0
2 0
24 0
23 6
1 1
0 0
29 0
29 2
6 0
0 0
0 0
0 0
0 0
29 0
49 0
0 0
0 0
4 0
0 0
0 5
0 0
2 0
0 0
1 0
0 0
33 0
0 0
4 0
1 0
6 0
11 0
22 0
9 0
4 0
3 0
3 0
10 0
0 0
0 0
2 0
0 0
0 0
0 0
0 0
0 0
0 0
0 0
0 0
0 0
0 0
9 0
0 0
0 0
5 0
0 0
0 0
0 0
1 0
0 0
1 0
0 0
0 0
0 0
0 0
0 0
0 0
0 0
0 0
0 0
0 0
0 0
0 0
6 0
37 0
130 0
101 0
8 0
12 0
2 0
8 0
22 0
3 0
8 0
49 0
31 0
11 0
0 0
12 0
31 0
0 0
15 0
1 0
0 0
0 0
1 0
0 0
0 0
0 0
0 0
0 0
3 0
0 0
0 0
48 0
0 0
12 0
10 0
0 0
0 0
5 0
0 0
0 0
0 0
0 0
23 0
17 0
0 0
0 0
0 0
0 0
0 0
0 0
0 0
0 0
0 0
2 0
0 0
0 0
0 0
0 0
0 0
0 0
0 0
0 0
0 0
1 0
0 0
0 0
0 0
0 0
5 0
0 0
0 0
0 0
0 0
0 0
0 0
22 0
19 0
0 0
1 0
1 0
2 0
0 0
0 0
0 0
26 0
0 0
0 0
0 0
0 0
0 0
0 0
0 0
0 0
0 0
0 0
0 0
0 0
0 0
0 0
16 0
4 0
0 0
0 0
0 0
0 0
0 0
0 0
0 0
0 0
0 0
5 0
34 0
0 0
0 0
0 0
0 0
0 0
7 0
114 0
166 2
201 1
265 0
391 0
477 0
569 0
684 0
903 0
1065 0
1164 0
1150 0
1134 0
994 0
832 0
743 0
725 0
541 0
405 0
236 0
253 0
365 0
587 0
593 0
655 0
600 0
402 0
527 0
718 0
895 0
1020 0
1025 0
828 0
875 0
861 2
933 0
772 1
741 1
587 1
535 0
189 0
351 0
185 0
323 0
296 0
192 0
189 0
279 0
216 0
458 5
305 1
1251 20
1127 8
2362 16
1087 4
1634 14
621 0
1344 7
1049 0
1395 5
1715 10
816 4
1144 0
989 8
1021 0
872 0
714 2
600 0
157 0
247 0
283 7
380 0
334 0
314 0
527 9
571 0
500 0
440 0
651 0
582 0
498 0
363 0
171 0
222 0
209 0
272 0
239 0
249 0
246 0
88 0
53 0
47 0
32 0
153 0
122 0
145 0
224 0
116 0
68 0
116 0
181 0
2 0
60 0
51 0
42 0
4 0
4 0
10 0
6 0
21 0
86 0
0 0
31 0
75 0
71 0
44 0
19 0
51 0
54 0
12 0
14 0
16 0
19 0
0 0
4 0
2 0
0 0
4 0
17 0
0 0
0 0
0 0
0 0
0 0
9 0
7 0
5 0
5 0
7 0
4 0
33 0
6 0
16 0
1 0
0 0
4 0
0 0
0 0
5 0
95 0
22 0
0 0
11 0
13 0
10 0
42 1
10 2
8 0
26 1
8 0
44 0
0 0
7 0
1 0
9 0
0 0
0 0
3 0
6 0
0 0
0 1
0 0
0 0
0 0
0 0
1 0
9 0
0 0
0 0
0 0
0 0
0 0
0 0
0 0
0 0
4 0
0 0
0 0
0 0
0 0
2 0
0 0
13 0
15 0
1 0
0 0
0 0
0 0
0 0
0 0
0 0
0 0
0 0
0 0
0 0
0 0
0 0
0 0
0 0
0 0
0 0
0 0
0 0
0 0
0 0
0 0
0 0
0 0
2 0
0 0
0 0
0 0
0 0
0 0
0 0
0 0
0 0
0 0
0 0
0 0
0 0
0 0
0 0
0 0
0 0
0 0
0 0
0 0
0 0
0 0
0 0
0 0
0 0
0 0
0 0
0 0
0 0
0 0
0 0
0 0
0 0
0 0
0 0
0 0
0 0
0 0
0 0
0 0
0 0
0 0
0 0
0 0
7 0
31 0
111 3
300 0
578 1
705 0
599 0
476 0
417 0
244 0
135 0
52 0
54 0
293 0
240 0
261 0
126 0
97 0
58 0
46 0
74 0
31 0
13 0
29 2
9 0
43 0
39 0
89 0
110 0
182 0
95 0
41 0
47 0
24 0
23 0
24 0
26 0
13 0
32 0
28 0
4 0
33 0
77 0
70 11
119 21
232 87
256 166
248 234
245 186
151 118
84 72
42 10
60 0
59 0
43 13
51 82
33 237
28 192
12 187
22 228
13 130
14 35
3 29
7 0
4 0
0 0
0 5
0 5
0 4
0 3
0 6
1 19
0 0
10 2
0 3
0 0
0 0
0 0
0 0
0 0
0 0
0 0
0 0
0 0
1 0
6 0
0 0
0 0
0 0
0 0
0 0
0 0
8 0
0 0
4 0
6 0
2 0
0 0
21 0
0 0
8 0
0 0
0 0
0 0
0 0
0 0
0 0
0 0
7 0
19 0
40 0
24 0
2 0
10 0
18 0
46 0
83 0
41 0
2 0
39 0
0 0
0 0
8 0
40 0
81 0
13 0
12 0
17 0
55 0
6 0
4 0
37 6
43 0
77 0
184 0
384 0
465 0
443 0
352 0
229 0
213 0
151 0
158 0
167 0
101 0
44 0
46 0
13 0
50 0
42 0
41 0
3 0
2 0
0 0
0 0
24 0
0 0
1 0
0 18
0 121
0 153
0 203
0 196
0 88
0 64
36 1
97 0
182 9
182 33
199 60
226 15
227 44
133 5
328 9
77 0
57 0
86 0
93 0
96 0
191 0
137 25
94 1
73 0
39 9
57 0
67 3
40 0
59 0
69 0
63 27
131 1
103 32
74 5
51 9
36 0
54 0
139 1
28 0
111 0
14 0
12 0
5 5
25 1
41 0
62 0
127 0
217 0
143 0
162 0
221 0
202 0
85 0
79 0
90 0
18 0
16 0
32 0
40 0
63 0
62 0
123 0
244 0
140 0
132 0
51 0
38 0
36 0
89 0
87 0
103 0
33 0
25 0
90 1
94 0
44 0
30 0
13 0
9 0
53 0
0 0
0 0
0 0
21 0
20 0
37 0
26 0
18 0
4 0
3 0
0 0
71 0
84 0
141 0
5 0
7 0
6 8
49 8
30 20
70 25
42 78
63 18
23 2
14 0
19 0
10 0
21 0
2 0
15 9
44 4
65 4
11 8
1 0
6 3
28 0
0 0
8 0
8 0
43 0
34 0
43 0
110 0
127 45
118 173
94 263
77 201
124 198
85 188
133 100
153 71
113 24
138 4
110 0
115 1
138 143
88 230
121 417
113 350
94 372
142 221
35 101
60 12
11 5
9 0
17 0
0 2
1 0
2 3
6 2
12 2
5 0
16 0
1 0
0 0
0 0
3 0
42 0
61 0
13 0
28 0
19 0
19 0
59 0
68 0
52 0
3 0
39 0
1 20
19 0
0 0
6 0
2 0
9 0
22 0
10 0
12 0
4 0
15 0
18 0
12 0
7 0
29 0
14 0
3 0
0 0
0 0
0 0
0 0
0 0
3 0
0 0
13 0
1 0
17 0
23 0
17 0
10 0
25 0
4 0
0 0
1 0
1 0
0 0
6 0
0 0
0 0
3 0
0 0
0 0
8 0
10 0
0 0
41 0
39 0
38 0
38 0
108 0
38 0
51 0
54 0
87 0
140 0
71 0
61 0
16 0
6 0
9 3
42 0
6 2
2 0
25 0
0 0
0 0
17 0
26 0
47 0
64 0
9 0
0 0
15 0
27 0
12 0
1 0
2 0
0 0
0 0
13 0
20 0
34 0
25 0
12 0
25 0
31 0
42 0
22 0
24 0
40 0
22 0
24 0
14 0
15 0
2 0
1 0
12 0
43 0
8 0
19 0
28 0
22 0
11 0
61 0
74 0
63 0
41 0
20 0
2 0
72 0
46 0
60 0
17 0
31 0
28 0
48 0
113 0
107 0
106 0
147 0
61 0
21 0
227 0
356 0
452 0
304 0
171 0
356 0
452 0
473 0
270 0
186 0
150 0
84 0
140 0
59 0
29 0
0 0
0 0
0 0
0 0
0 6
2 8
7 40
0 81
5 71
5 26
43 20
14 4
1 0
54 0
21 8
4 43
0 102
0 235
0 227
8 166
2 115
0 77
0 0
0 0
5 105
6 195
0 243
5 224
11 239
0 189
24 80
76 65
1 15
0 0
6 0
59 0
17 1
2 31
15 22
13 95
16 41
17 26
16 3
69 1
45 0
89 7
81 1
126 25
64 4
120 31
22 3
39 12
14 5
13 0
9 4
5 0
1 0
3 0
10 0
27 0
34 5
7 0
17 0
107 0
40 29
8 120
26 152
17 201
7 142
49 17
125 1
296 32
418 47
353 49
212 36
223 44
103 60
210 60
93 60
48 47
3 1
67 5
96 23
39 0
50 0
38 0
2 0
0 0
5 0
0 0
1 0
6 0
52 0
27 14
75 6
84 5
120 3
40 0
43 0
20 0
0 0
12 0
11 0
15 0
32 0
44 0
55 0
36 0
61 0
71 0
58 0
39 0
60 0
77 0
62 0
93 0
30 0
18 0
17 0
2 0
4 0
0 0
1 0
2 0
0 0
1 0
0 0
23 0
10 0
0 0
0 0
0 0
1 0
0 0
4 0
2 0
0 0
0 0
9 0
0 0
0 0
0 0
5 0
0 0
0 0
7 0
0 0
0 0
0 0
1 0
0 0
1 0
0 0
0 0
2 0
0 0
0 0
0 0
2 0
0 0
17 0
0 7
0 0
0 0
0 2
0 2
0 0
1 0
0 0
0 0
0 0
0 0
7 0
0 0
1 2
0 5
0 0
0 0
0 0
0 0
0 0
0 0
3 4
12 1
15 0
29 8
22 0
73 0
133 0
713 10
361 1
282 3
413 0
709 0
1550 15
2594 25
3070 32
2470 33
1761 21
753 7
31 0
1 0
785 4
986 14
751 7
601 10
651 10
505 16
406 2
268 7
244 13
31 0
30 0
13 2
5 1
0 1
0 0
0 0
0 1
0 0
0 11
0 11
10 10
0 32
5 1
0 1
0 0
29 0
0 0
0 0
0 0
0 0
2 0
4 1
0 0
1 0
0 0
0 0
0 0
0 0
3 0
1 0
0 0
0 0
0 0
0 0
0 0
0 0
0 0
0 0
0 0
0 0
0 0
0 0
3 0
0 0
0 0
0 0
1 0
9 0
5 0
0 0
0 0
39 0
10 0
9 0
29 0
8 0
0 0
0 0
0 0
1 0
3 0
0 0
3 1
1 195
0 340
5 412
1 372
3 282
3 58
2 38
3 120
0 285
40 478
6 425
0 294
0 183
3 91
3 4
4 13
1 18
1 99
5 186
10 135
6 116
0 26
0 3
3 30
9 6
8 6
8 4
8 0
4 3
0 0
0 5
0 8
1 3
0 0
1 0
5 0
0 0
0 0
0 0
0 0
0 6
0 4
0 37
0 91
0 170
0 116
0 60
0 114
0 42
0 66
0 41
0 117
0 285
1 449
0 346
0 261
0 128
0 122
0 128
2 255
7 368
9 388
6 324
6 88
0 0
24 4
9 215
20 397
32 495
10 453
28 385
31 253
85 32
89 104
119 184
140 73
82 38
52 58
47 43
54 26
14 4
29 2
10 0
16 0
9 3
8 1
6 0
12 0
3 4
6 0
3 3
3 5
0 0
0 0
0 0
0 0
0 0
0 0
6 0
0 0
0 0
4 0
1 2
3 0
0 0
0 0
0 1
48 0
0 15
8 29
25 16
30 0
14 0
2 0
0 0
0 0
2 0
1 0
0 0
0 0
2 0
0 2
0 6
0 0
5 0
3 0
0 0
0 0
0 0
2 0
2 0
5 0
6 4
3 2
0 0
12 3
1 0
4 0
4 0
6 0
5 0
2 3
37 0
22 0
11 0
41 0
2 0
9 0
7 0
46 3
41 0
7 0
19 0
8 0
4 0
21 0
2 0
17 0
0 0
11 34
7 38
4 24
9 71
45 37
55 24
49 15
37 45
47 6
22 0
3 0
17 1
31 0
5 2
25 3
73 7
139 3
63 1
25 0
28 0
42 1
74 0
30 6
35 14
17 9
23 18
76 15
131 12
70 35
8 61
11 42
27 16
21 0
0 0
0 19
0 31
0 56
9 16
45 1
55 6
0 0
0 0
6 0
11 0
0 0
4 0
2 0
22 0
48 18
44 31
14 72
9 178
4 100
3 54
0 50
10 110
2 152
0 139
13 93
26 148
22 104
89 51
163 19
173 0
54 14
37 43
58 5
60 0
92 97
109 22
148 63
93 78
140 76
150 98
176 110
171 115
248 136
113 103
70 46
113 0
54 5
28 0
27 0
35 0
39 0
9 0
10 20
25 13
10 0
3 0
5 0
27 0
45 0
6 0
0 0
13 37
13 61
8 93
6 126
8 62
4 8
5 64
4 88
0 296
0 380
1 294
5 380
0 173
2 109
0 25
2 44
1 163
1 193
8 193
50 380
33 265
48 333
65 431
85 407
43 217
92 131
95 75
147 57
136 62
154 60
122 41
268 76
291 92
396 98
357 39
349 43
279 25
238 35
237 96
45 157
427 94
974 61
1205 15
633 22
171 0
339 0
369 0
479 4
585 12
599 44
634 38
309 39
190 31
71 23
51 22
14 28
11 14
52 4
163 0
206 0
15 0
68 0
82 0
27 0
19 0
76 0
110 0
404 0
628 9
551 0
185 0
85 0
112 0
190 0
93 0
137 0
310 0
160 0
162 0
341 0
91 0
41 0
38 0
10 0
42 0
67 0
117 0
58 0
115 0
137 0
86 0
9 0
6 0
219 0
360 0
301 0
311 3
243 0
412 2
393 0
424 11
518 10
359 19
214 20
41 14
125 12
249 48
148 27
217 35
246 50
309 23
350 6
331 6
165 4
17 0
30 0
109 0
83 0
23 0
8 0
15 0
60 0
0 0
10 0
0 17
12 101
0 173
0 184
3 203
3 151
2 119
2 90
7 28
8 0
1 9
4 8
4 18
18 46
3 166
2 212
0 202
1 192
0 86
0 25
2 23
0 28
16 18
124 1
231 9
170 37
51 30
6 89
5 103
0 26
20 44
23 12
90 0
107 0
120 0
88 0
16 0
13 0
23 27
79 2
139 6
226 19
151 12
20 5
6 25
0 2
17 2
7 0
19 13
10 15
17 0
44 14
21 17
0 0
40 3
17 0
8 0
12 0
16 0
25 0
91 26
61 12
42 8
90 1
457 4
28 0
4 0
0 20
2 3
2 0
55 12
15 3
9 36
8 48
1 79
12 97
43 104
21 22
2 2
0 0
0 6
0 22
16 14
19 0
0 1
29 9
25 0
0 0
0 0
0 0
0 16
0 16
0 26
0 63
0 29
0 39
4 45
1 15
7 21
12 1
135 0
209 3
177 0
173 5
189 7
208 0
127 0
101 1
36 0
64 0
76 0
43 0
32 0
9 0
20 0
23 0
6 0
2 0
74 0
137 0
3 0
25 8
0 19
14 149
0 144
0 34
0 82
0 308
0 428
0 601
3 816
10 918
29 1039
48 966
14 796
19 480
16 300
7 158
32 135
11 268
5 478
8 640
19 637
32 639
14 551
28 310
56 130
45 20
22 3
18 12
36 24
11 56
26 24
38 29
49 20
64 0
38 11
22 15
37 0
15 2
36 7
20 7
4 10
7 4
10 0
6 0
9 0
14 0
7 0
7 2
13 27
3 10
7 37
2 1
1 15
0 0
0 0
2 0
32 3
28 0
0 0
0 0
30 13
21 0
94 3
169 0
232 0
251 0
125 0
104 0
36 0
39 0
81 0
116 0
93 0
77 8
20 38
37 52
26 34
39 0
10 0
11 0
13 0
11 0
17 0
29 0
19 0
123 2
10 16
5 0
0 1
17 4
23 0
1 0
5 0
0 0
2 0
0 0
55 0
29 0
13 0
9 0
2 0
2 0
10 0
0 0
1 0
0 0
0 0
0 0
6 0
0 0
16 0
0 0
2 0
19 0
16 0
0 0
13 0
7 0
4 0
39 0
97 0
107 0
64 0
32 0
14 0
75 0
40 0
100 0
125 0
78 0
29 0
59 0
76 0
161 0
195 0
149 0
62 0
49 0
47 0
122 0
340 0
453 0
590 0
557 0
431 0
280 0
46 0
122 0
421 0
617 0
518 0
220 0
50 0
344 0
602 0
626 0
370 0
70 0
53 0
472 0
674 0
474 0
188 0
67 0
20 0
64 0
55 0
3 0
4 0
0 0
0 0
11 0
0 0
0 0
1 0
8 0
3 0
0 0
0 0
0 0
2 0
4 0
10 0
40 0
121 0
169 0
207 0
239 0
145 0
161 0
176 0
138 0
77 0
28 0
84 0
70 0
59 0
34 0
34 0
78 6
158 13
183 4
217 3
274 0
243 0
213 0
144 0
152 0
110 0
81 0
248 0
245 0
139 0
74 0
270 0
380 0
416 0
243 0
21 0
62 0
233 0
225 0
153 0
82 0
36 0
132 0
244 0
112 0
11 0
66 0
164 0
104 0
46 0
4 0
2 0
16 0
0 0
0 0
2 0
10 0
15 0
35 0
7 0
22 0
22 0
17 0
14 0
6 0
7 0
3 2
30 0
116 7
153 51
231 83
186 121
149 131
61 115
23 42
21 16
103 0
309 0
90 0
82 0
246 0
561 0
736 0
539 0
296 0
263 0
155 0
187 0
183 0
129 0
132 0
143 0
264 0
351 0
273 0
114 0
137 0
118 0
128 0
46 0
120 0
156 0
112 0
15 0
19 0
0 0
1 0
21 0
13 0
98 0
12 0
43 0
18 0
137 22
34 64
44 312
56 447
49 346
34 382
58 322
65 345
50 235
64 185
51 114
47 47
63 11
81 4
218 0
105 0
249 0
286 0
258 0
247 1
163 1
60 0
34 0
158 1
344 0
204 2
55 0
259 1
675 0
1097 2
632 0
391 1
502 6
722 6
490 2
356 3
280 6
462 3
796 16
558 24
213 71
869 51
601 5
162 0
59 0
63 0
42 0
68 7
79 0
0 0
47 0
14 0
6 0
12 0
23 0
67 0
52 0
46 0
37 0
53 0
83 0
67 0
62 0
39 63
102 282
12 424
14 394
13 226
15 133
11 232
27 241
15 141
54 64
22 20
34 38
151 41
98 24
16 38
3 17
0 33
7 82
24 46
2 0
19 19
139 38
186 65
68 51
25 0
35 40
83 96
11 1
19 54
9 186
12 62
14 11
11 140
14 45
6 0
16 28
23 13
57 0
42 50
25 91
3 30
6 16
44 33
8 36
2 12
17 19
106 52
117 32
94 0
84 20
47 5
51 2
5 0
31 17
2 0
23 4
53 0
27 0
4 0
19 0
28 0
6 0
8 0
26 0
3 0
0 0
4 0
12 0
5 0
0 0
28 0
68 0
308 0
397 0
259 0
167 0
22 0
2 0
18 0
40 0
15 0
32 0
37 0
1 0
8 0
0 0
0 0
5 0
13 0
15 0
0 0
3 0
37 0
3 0
2 11
2 61
19 117
4 243
5 354
1 364
11 150
73 206
47 211
28 248
49 190
62 311
12 533
9 825
40 1101
47 1114
51 1015
45 908
27 640
19 258
34 25
4 4
2 129
0 368
0 507
3 590
1 569
2 495
10 401
19 261
52 198
47 129
21 131
25 34
26 9
36 34
37 63
60 91
63 132
65 149
58 159
48 146
71 98
35 21
18 0
1 0
18 0
24 0
0 0
3 0
22 0
3 0
37 0
33 0
16 0
0 0
0 0
20 0
17 0
44 0
14 0
20 0
39 0
14 0
7 0
35 0
26 0
21 0
94 0
284 0
515 0
402 0
561 0
632 0
663 9
708 120
811 442
822 605
772 578
329 626
200 792
232 1171
893 1294
366 1038
356 744
307 268
585 27
751 76
542 93
385 129
364 115
530 207
809 543
786 847
595 808
446 273
324 90
191 230
560 387
654 355
756 105
724 185
783 314
850 302
710 173
531 0
622 0
639 90
532 8
456 0
249 0
129 0
89 0
56 0
43 0
21 0
24 0
2 0
20 2
10 51
1 111
15 37
71 5
58 48
55 149
32 73
2 1
7 230
52 136
59 4
109 139
245 187
329 98
56 56
50 163
80 39
60 0
0 51
14 33
13 3
14 123
0 98
0 21
0 22
0 20
11 2
9 0
12 20
31 3
28 0
30 8
28 26
2 18
9 0
2 27
0 30
0 0
1 10
0 36
45 57
4 48
0 27
0 4
0 5
1 0
0 0
1 0
6 0
0 0
3 0
27 7
27 0
32 0
36 0
32 0
67 0
138 0
207 0
216 0
221 0
204 0
66 0
81 0
14 0
7 0
23 0
26 0
34 0
40 0
30 0
21 0
23 1
10 1
4 13
1 7
4 1
15 1
18 6
8 9
4 0
0 12
0 0
15 0
21 0
9 0
11 0
0 0
12 0
1 0
2 0
0 0
0 0
0 0
0 0
0 0
0 0
0 0
2 0
24 0
10 0
0 0
9 0
7 0
3 0
17 0
16 0
5 0
6 0
6 0
9 0
38 1
22 0
55 0
10 0
15 0
0 0
0 0
4 0
10 0
0 0
0 0
0 0
2 0
0 21
9 0
50 3
9 0
8 0
15 0
0 0
8 0
16 0
3 0
16 0
9 0
6 0
0 0
15 0
18 0
13 0
14 0
0 0
0 0
0 0
4 0
1 0
4 0
18 0
1 0
25 0
28 0
21 0
29 0
24 0
8 0
18 0
5 0
8 0
19 0
0 0
2 0
9 0
18 0
0 0
38 9
23 0
10 0
15 3
5 0
0 0
29 0
34 0
44 0
52 0
13 0
19 0
11 0
28 0
19 0
18 0
12 0
13 0
19 0
29 0
50 0
48 0
36 0
60 0
21 0
27 0
7 0
4 0
0 0
0 0
7 0
25 0
20 0
40 0
13 0
38 0
39 0
77 0
113 0
64 0
66 0
46 0
40 0
33 0
44 0
5 0
14 0
15 0
16 0
0 0
5 0
7 0
6 0
58 0
0 0
0 0
0 0
5 0
12 0
1 0
3 0
2 0
8 0
11 0
3 0
9 0
6 0
0 0
3 0
0 0
0 0
0 0
0 0
4 0
2 0
0 0
0 0
0 0
0 0
0 13
0 222
0 775
10 1571
13 1660
15 1993
9 2316
0 2513
0 2611
0 2372
0 2373
2 2386
4 2658
2 2515
7 2214
0 1699
3 1081
4 514
1 651
13 993
2 1002
1 1096
1 1104
0 788
0 466
0 320
0 295
0 459
0 314
6 278
33 323
31 360
3 431
18 461
7 625
8 524
8 501
4 437
0 377
0 395
0 339
0 240
2 250
1 246
4 229
2 219
2 600
0 684
0 598
0 355
0 53
0 99
0 236
1 203
4 244
3 159
5 140
4 103
7 88
0 121
0 93
3 20
1 47
3 82
0 76
0 40
7 27
38 5
13 3
10 36
0 5
37 47
7 41
5 39
2 60
0 34
2 81
1 101
3 131
5 220
0 184
2 240
2 218
0 164
0 62
0 6
0 17
0 38
0 50
0 59
0 38
0 37
0 39
0 43
8 54
0 37
9 42
2 52
0 44
0 15
8 12
19 0
126 8
625 11
763 8
143 1
22 9
12 1
75 2
66 0
53 5
99 0
44 6
2 0
18 6
17 5
60 8
41 0
79 9
88 36
94 7
18 8
105 0
81 0
99 4
130 9
162 0
65 9
14 0
20 7
65 0
33 11
15 6
14 4
10 8
15 8
12 20
12 39
4 19
10 32
15 21
60 98
18 311
62 239
68 345
13 234
21 273
18 223
27 163
1 77
11 250
11 260
10 468
10 464
5 504
2 375
4 281
0 216
1 250
4 313
2 268
6 448
7 504
2 463
5 354
23 333
2 464
4 563
4 458
45 384
0 171
3 286
4 268
3 255
5 190
2 131
5 114
2 69
1 31
0 102
0 230
2 435
47 660
49 904
2 777
0 683
3 710
9 605
0 159
0 43
5 152
0 364
0 566
1 607
2 470
1 508
0 543
0 520
0 530
2 652
1 677
0 247
0 6
0 21
0 103
0 62
0 30
0 107
2 159
0 134
0 132
2 125
3 114
0 20
37 7
594 8
1479 19
1462 17
701 0
721 20
564 7
635 1
714 0
520 1
293 0
166 6
51 33
44 22
7 10
17 12
2 11
26 4
25 6
6 6
1 17
3 24
19 13
0 28
1 7
3 3
0 15
0 0
0 1
0 11
13 11
0 3
5 48
9 15
2 8
2 0
0 0
3 36
3 48
4 88
4 53
0 59
1 13
2 16
2 27
1 3
0 9
2 2
0 0
5 2
6 14
315 67
526 30
185 91
87 29
70 34
127 17
70 1
24 0
23 0
7 0
0 0
0 0
0 0
1 2
23 7
51 38
65 18
117 61
203 35
202 77
345 42
367 10
396 31
